Date	Open	High	Low	Close	Adj Close	Volume
2022-01-21	133.01199340820312	134.760498046875	130.00100708007812	130.0919952392578	129.62623596191406	41920000
2022-01-24	126.02749633789062	130.77850341796875	124.64195251464844	130.3719940185547	129.90524291992188	55148000
2022-01-25	128.4355010986328	129.3385009765625	126.37799835205078	126.7354965209961	126.2817611694336	36008000
2022-01-26	130.59249877929688	132.8074951171875	127.15350341796875	129.24000549316406	128.7772979736328	39630000
2022-01-27	131.36099243164062	132.60995483398438	128.94500732421875	129.12100219726562	128.65870666503906	30248000
2022-01-28	130.0	133.37049865722656	128.6945037841797	133.2895050048828	132.81228637695312	30518000
2022-01-31	134.197998046875	135.843505859375	132.2740020751953	135.69850158691406	135.21267700195312	34056000
2022-02-01	137.8350067138672	138.1999969482422	134.56825256347656	137.8784942626953	137.38485717773438	51204000
2022-02-02	151.86349487304688	152.10000610351562	145.5574951171875	148.0364990234375	147.50648498535156	89750000
2022-02-03	145.2949981689453	149.11770629882812	142.2050018310547	142.65049743652344	142.13978576660156	56930000
2022-02-04	143.01699829101562	144.53524780273438	139.8175048828125	143.01600646972656	142.50396728515625	49224000
2022-02-07	143.70899963378906	143.84649658203125	138.69900512695312	138.93800354003906	138.44058227539062	44610000
2022-02-08	138.9912567138672	139.83709716796875	136.8730010986328	139.21299743652344	138.71458435058594	34256000
2022-02-09	140.84974670410156	142.17550659179688	140.3769989013672	141.4530029296875	140.9465789794922	28628000
2022-02-10	139.5	141.43099975585938	138.0500030517578	138.6024932861328	138.10626220703125	33018000
2022-02-11	138.75	139.2832489013672	133.2884979248047	134.1300048828125	133.64979553222656	38808000
2022-02-14	133.36549377441406	136.16650390625	133.302001953125	135.3000030517578	134.8155975341797	26792000
2022-02-15	137.47149658203125	137.89999389648438	135.5395050048828	136.42550659179688	135.93707275390625	26578000
2022-02-16	136.4304962158203	137.9459991455078	134.8236541748047	137.4875030517578	136.99526977539062	25610000
2022-02-17	136.14999389648438	136.83949279785156	132.20199584960938	132.30850219726562	131.83480834960938	30968000
2022-02-18	133.03750610351562	133.82400512695312	130.3070526123047	130.46749877929688	130.00038146972656	31858000
2022-02-22	129.98500061035156	131.9007568359375	127.74099731445312	129.40249633789062	128.93919372558594	38906000
2022-02-23	131.07850646972656	131.74899291992188	127.50350189208984	127.58499908447266	127.12821960449219	26432000
2022-02-24	125.0	133.03700256347656	124.7645034790039	132.67349243164062	132.198486328125	43166000
2022-02-25	133.52549743652344	135.38900756835938	131.76499938964844	134.51950073242188	134.0378875732422	26236000
2022-02-28	133.2845001220703	135.6405029296875	132.82525634765625	134.89100646972656	134.40805053710938	29676000
2022-03-01	134.47999572753906	136.11099243164062	133.3784942626953	134.16799926757812	133.68765258789062	24640000
2022-03-02	134.60824584960938	135.61549377441406	133.4324951171875	134.75149536132812	134.26905822753906	23966000
2022-03-03	135.97850036621094	136.71380615234375	133.43099975585938	134.30799865722656	133.82716369628906	19780000
2022-03-04	133.38250732421875	134.19900512695312	130.4084930419922	132.1219940185547	131.6489715576172	24446000
2022-03-07	131.9040069580078	131.9040069580078	126.41000366210938	126.4645004272461	126.01173400878906	39178000
2022-03-08	126.25050354003906	131.2465057373047	125.86074829101562	127.27850341796875	126.82281494140625	35250000
2022-03-09	131.39999389648438	134.19850158691406	130.08799743652344	133.86599731445312	133.38671875	32258000
2022-03-10	131.46249389648438	133.5384979248047	131.4010009765625	132.6820068359375	132.20697021484375	24266000
2022-03-11	133.99949645996094	134.1999969482422	130.29649353027344	130.47549438476562	130.00836181640625	26600000
2022-03-14	130.572998046875	131.0260009765625	126.41300201416016	126.74099731445312	126.28723907470703	30254000
2022-03-15	127.74150085449219	130.51724243164062	126.56800079345703	129.66050720214844	129.1962890625	30292000
2022-03-16	131.0	133.77099609375	129.2010040283203	133.6905059814453	133.21185302734375	32058000
2022-03-17	133.3209991455078	134.739501953125	132.718994140625	134.60049438476562	134.11859130859375	23994000
2022-03-18	133.88400268554688	136.9134979248047	132.9320068359375	136.80149841308594	136.3117218017578	45900000
2022-03-21	136.84750366210938	137.58250427246094	134.6114959716797	136.47850036621094	135.98988342285156	26632000
2022-03-22	136.5	141.5	136.5	140.27749633789062	139.7752685546875	29776000
2022-03-23	139.1385040283203	140.02499389648438	138.16650390625	138.5034942626953	138.0076141357422	25302000
2022-03-24	139.2725067138672	141.39649963378906	138.03939819335938	141.31199645996094	140.80606079101562	20544000
2022-03-25	141.75399780273438	141.95950317382812	139.69949340820312	141.52149963378906	141.01483154296875	19270000
2022-03-28	140.6844940185547	141.97650146484375	139.82815551757812	141.9499969482422	141.44178771972656	23774000
2022-03-29	143.16050720214844	144.16250610351562	142.48399353027344	143.25	142.73712158203125	28678000
2022-03-30	142.8699951171875	143.48049926757812	142.16799926757812	142.64450073242188	142.1337890625	21046000
2022-03-31	142.44850158691406	142.64450073242188	139.61900329589844	139.64950561523438	139.14952087402344	29516000
2022-04-01	140.00999450683594	140.9499969482422	138.7969970703125	140.6999969482422	140.19627380371094	23480000
2022-04-04	140.82449340820312	144.0437469482422	140.82449340820312	143.6425018310547	143.1282196044922	19076000
2022-04-05	143.39950561523438	143.58999633789062	140.94349670410156	141.06300354003906	140.5579833984375	19256000
2022-04-06	139.1614990234375	139.84849548339844	136.41810607910156	137.17599487304688	136.6848602294922	23574000
2022-04-07	136.6179962158203	137.70150756835938	134.8572540283203	136.46499633789062	135.97642517089844	19448000
2022-04-08	136.25	136.25	133.75250244140625	134.010498046875	133.5307159423828	16434000
2022-04-11	132.89999389648438	132.93919372558594	129.61749267578125	129.79649353027344	129.331787109375	24188000
2022-04-12	132.42349243164062	132.42349243164062	127.57599639892578	128.37449645996094	127.9148941040039	23004000
2022-04-13	128.62649536132812	130.65574645996094	128.4385986328125	130.28599548339844	129.8195343017578	19542000
2022-04-14	130.64950561523438	130.7102508544922	127.11150360107422	127.25299835205078	126.79740905761719	23484000
2022-04-18	127.41000366210938	128.71200561523438	126.57845306396484	127.96099853515625	127.50286865234375	14918000
2022-04-19	128.07699584960938	130.90374755859375	127.45149993896484	130.531005859375	130.0636749267578	22720000
2022-04-20	131.28399658203125	131.92349243164062	127.89405059814453	128.24549865722656	127.7863540649414	22610000
2022-04-21	129.35000610351562	130.3074951171875	124.6500015258789	124.9375	124.49019622802734	30158000
2022-04-22	125.0	125.4520034790039	119.1405029296875	119.61399841308594	119.18575286865234	46410000
2022-04-25	119.42949676513672	123.27799987792969	118.76924896240234	123.25	122.8087387084961	34522000
2022-04-26	122.75	122.75	119.16184997558594	119.50599670410156	119.07814025878906	49394000
2022-04-27	114.37300109863281	117.5	113.12425231933594	115.02050018310547	114.60870361328125	62238000
2022-04-28	117.11499786376953	120.4384994506836	115.1438980102539	119.4114990234375	118.98397827148438	36790000
2022-04-29	117.5780029296875	118.95999908447266	114.69400024414062	114.96649932861328	114.55489349365234	33694000
2022-05-02	113.90650177001953	117.3395004272461	113.39949798583984	117.15699768066406	116.73754119873047	30280000
2022-05-03	116.76499938964844	119.30000305175781	116.62699890136719	118.12950134277344	117.70657348632812	21216000
2022-05-04	118.00350189208984	123.14299774169922	115.7385025024414	122.57499694824219	122.13615417480469	33232000
2022-05-05	120.22049713134766	121.2332534790039	115.18250274658203	116.74649810791016	116.3285140991211	43090000
2022-05-06	115.51899719238281	117.49849700927734	114.14299774169922	115.66000366210938	115.24591064453125	35310000
2022-05-09	113.30349731445312	115.56289672851562	112.55149841308594	113.08399963378906	112.67913055419922	34520000
2022-05-10	116.04049682617188	116.69100189208984	113.38330078125	114.58450317382812	114.17426300048828	31158000
2022-05-11	113.71050262451172	116.6709976196289	113.6500015258789	113.96099853515625	113.55298614501953	36502000
2022-05-12	111.93800354003906	114.85649871826172	110.1135025024414	113.16100311279297	112.755859375	41464000
2022-05-13	114.84549713134766	118.08499908447266	114.0	116.5155029296875	116.09835052490234	29738000
2022-05-16	115.38400268554688	116.60749816894531	114.33499908447266	114.7925033569336	114.38152313232422	23282000
2022-05-17	117.22750091552734	117.22750091552734	115.3375015258789	116.70149993896484	116.28368377685547	21576000
2022-05-18	115.23750305175781	115.69564819335938	112.14199829101562	112.4010009765625	111.99858093261719	27982000
2022-05-19	111.84100341796875	113.5875015258789	110.46800231933594	110.74549865722656	110.3489990234375	29192000
2022-05-20	112.08550262451172	112.55000305175781	106.37300109863281	109.31300354003906	108.92163848876953	37586000
2022-05-23	110.10399627685547	112.00550079345703	109.15425109863281	111.66649627685547	111.2667007446289	31558000
2022-05-24	106.37750244140625	106.3949966430664	102.20800018310547	105.9260025024414	105.54676055908203	60386000
2022-05-25	105.14199829101562	106.5447006225586	104.21125030517578	105.8395004272461	105.4605712890625	37900000
2022-05-26	106.05049896240234	108.95525360107422	105.48799896240234	108.2959976196289	107.90827178955078	30288000
2022-05-27	109.78849792480469	112.86799621582031	109.55000305175781	112.79900360107422	112.39515686035156	29924000
2022-05-31	113.0790023803711	116.43350219726562	112.57250213623047	114.03900146484375	113.63072204589844	51302000
2022-06-01	114.93150329589844	117.39900207519531	113.55049896240234	114.13700103759766	113.72836303710938	28630000
2022-06-02	114.18800354003906	117.89800262451172	113.30799865722656	117.74600219726562	117.32444763183594	27472000
2022-06-03	115.99250030517578	116.364501953125	113.66799926757812	114.56400299072266	114.15383911132812	25052000
2022-06-06	116.74250030517578	119.39849853515625	116.5282974243164	117.010498046875	116.5915756225586	23786000
2022-06-07	115.64800262451172	117.74864959716797	115.12550354003906	117.22949981689453	116.8097915649414	26414000
2022-06-08	116.87650299072266	118.64600372314453	116.69674682617188	117.23799896240234	116.81825256347656	22544000
2022-06-09	116.34149932861328	118.3499984741211	114.86699676513672	114.91799926757812	114.5065689086914	23142000
2022-06-10	112.78125	113.49700164794922	110.86100006103516	111.42749786376953	111.028564453125	31324000
2022-06-13	107.44599914550781	109.21849822998047	106.58805084228516	106.87650299072266	106.49385833740234	36756000
2022-06-14	106.88999938964844	108.4574966430664	106.35199737548828	107.19400024414062	106.81021881103516	25480000
2022-06-15	108.89949798583984	112.06300354003906	108.1187515258789	110.3905029296875	109.99527740478516	33192000
2022-06-16	108.14949798583984	109.29049682617188	105.7925033569336	106.63600158691406	106.25421905517578	35314000
2022-06-17	106.53500366210938	109.24949645996094	105.62854766845703	107.8655014038086	107.47931671142578	43516000
2022-06-21	109.7020034790039	112.6729965209961	109.29350280761719	112.01499938964844	111.61395263671875	39010000
2022-06-22	111.16300201416016	113.76950073242188	110.72429656982422	112.03399658203125	111.63288879394531	23922000
2022-06-23	112.94999694824219	113.19650268554688	111.02899932861328	112.68450164794922	112.28106689453125	24710000
2022-06-24	113.60299682617188	118.63749694824219	113.60299682617188	118.53800201416016	118.11360931396484	39122000
2022-06-27	118.93499755859375	119.25	116.00074768066406	116.62249755859375	116.20496368408203	32840000
2022-06-28	116.35099792480469	117.85649871826172	112.44400024414062	112.57150268554688	112.1684799194336	28232000
2022-06-29	112.14849853515625	113.66449737548828	111.55400085449219	112.25650024414062	111.8545913696289	18628000
2022-06-30	110.49949645996094	111.32980346679688	107.30999755859375	109.37249755859375	108.98091888427734	38046000
2022-07-01	108.33699798583984	109.80635070800781	107.1050033569336	109.08100128173828	108.69046020507812	31028000
2022-07-05	107.5145034790039	114.05259704589844	106.24949645996094	113.88700103759766	113.47925567626953	36398000
2022-07-06	114.09200286865234	116.35199737548828	112.25050354003906	115.2135009765625	114.80101013183594	28852000
2022-07-07	116.00800323486328	119.86199951171875	115.53399658203125	119.30599975585938	118.87886047363281	32184000
2022-07-08	117.55000305175781	120.43499755859375	117.51399993896484	120.16850280761719	119.73827362060547	29082000
2022-07-11	118.6500015258789	118.79450225830078	116.2344970703125	116.52249908447266	116.1053237915039	26718000
2022-07-12	116.8385009765625	117.84950256347656	114.61499786376953	114.84950256347656	114.43831634521484	24970000
2022-07-13	112.63899993896484	115.15699768066406	111.822998046875	112.18699645996094	111.78534698486328	38958000
2022-07-14	110.82599639892578	111.98750305175781	109.32550048828125	111.44000244140625	111.041015625	32366000
2022-07-15	112.96299743652344	114.00050354003906	111.82250213623047	112.76699829101562	112.36327362060547	34330000
2022-07-18	113.44000244140625	114.80000305175781	109.30000305175781	109.91000366210938	109.51649475097656	33354000
2022-07-19	111.7300033569336	114.80999755859375	110.5	114.62000274658203	114.20964050292969	30992300
2022-07-20	114.05999755859375	116.33000183105469	113.26000213623047	114.69999694824219	114.28934478759766	26780100
2022-07-21	115.08999633789062	115.20999908447266	111.91000366210938	115.04000091552734	114.62812805175781	27267800
2022-07-22	111.80999755859375	113.18000030517578	107.5999984741211	108.36000061035156	107.9720458984375	44455300
2022-07-25	108.87999725341797	110.58000183105469	107.01000213623047	108.20999908447266	107.82258605957031	28289900
2022-07-26	107.43000030517578	107.73999786376953	104.76000213623047	105.44000244140625	105.0625	36626600
2022-07-27	109.5999984741211	114.4000015258789	108.41999816894531	113.5999984741211	113.19328308105469	41474600
2022-07-28	112.80000305175781	114.69999694824219	111.85099792480469	114.58999633789062	114.17974090576172	23303800
2022-07-29	113.4000015258789	116.9000015258789	113.2300033569336	116.63999938964844	116.22239685058594	31336200
2022-08-01	115.52999877929688	117.12000274658203	114.69000244140625	115.4800033569336	115.0665512084961	22856200
2022-08-02	114.43000030517578	117.08000183105469	114.26000213623047	115.9000015258789	115.48505401611328	17911000
2022-08-03	116.33999633789062	119.41999816894531	116.1500015258789	118.77999877929688	118.35474395751953	25302800
2022-08-04	118.30000305175781	119.5	117.70999908447266	118.87000274658203	118.44441986083984	15757700
2022-08-05	116.93000030517578	118.86000061035156	116.70999908447266	118.22000122070312	117.79674530029297	15615700
2022-08-08	119.12000274658203	120.86000061035156	117.83000183105469	118.13999938964844	117.71703338623047	17061100
2022-08-09	117.98999786376953	118.19999694824219	116.55999755859375	117.5	117.0793228149414	15424300
2022-08-10	119.58999633789062	121.77999877929688	119.36000061035156	120.6500015258789	120.2180404663086	20497000
2022-08-11	122.08000183105469	122.33999633789062	119.55000305175781	119.81999969482422	119.3910140991211	16671600
2022-08-12	121.16000366210938	122.6500015258789	120.4000015258789	122.6500015258789	122.21089172363281	16121100
2022-08-15	122.20999908447266	123.26000213623047	121.56999969482422	122.87999725341797	122.44005584716797	15525000
2022-08-16	122.31999969482422	123.22799682617188	121.53500366210938	122.51000213623047	122.0713882446289	15626200
2022-08-17	120.93000030517578	122.1500015258789	120.19999694824219	120.31999969482422	119.88922119140625	17589200
2022-08-18	120.2300033569336	121.69000244140625	119.55000305175781	120.86000061035156	120.42729187011719	15652000
2022-08-19	119.87000274658203	120.0	117.66999816894531	118.12000274658203	117.69710540771484	20187000
2022-08-22	116.0999984741211	116.5	114.66999816894531	115.06999969482422	114.65802001953125	19316000
2022-08-23	114.31999969482422	115.93000030517578	114.30000305175781	114.7699966430664	114.35909271240234	14390700
2022-08-24	114.44999694824219	115.71700286865234	113.77999877929688	114.69999694824219	114.28934478759766	16051200
2022-08-25	115.1500015258789	117.77999877929688	115.05000305175781	117.69999694824219	117.27860260009766	14874700
2022-08-26	115.80999755859375	116.5999984741211	111.22000122070312	111.30000305175781	110.90152740478516	31698700
2022-08-29	110.77999877929688	111.95999908447266	109.80999755859375	110.33999633789062	109.94495391845703	20386100
2022-08-30	111.02999877929688	111.37000274658203	108.80000305175781	109.91000366210938	109.51649475097656	20548200
2022-08-31	111.62999725341797	111.7699966430664	109.05000305175781	109.1500015258789	108.75921630859375	25898000
2022-09-01	109.19999694824219	111.22000122070312	108.19000244140625	110.55000305175781	110.15420532226562	22784400
2022-09-02	111.33999633789062	111.67500305175781	108.12999725341797	108.68000030517578	108.29090118408203	20618100
2022-09-06	108.13500213623047	108.87999725341797	106.51000213623047	107.4800033569336	107.09519958496094	20565100
2022-09-07	107.76000213623047	110.98999786376953	107.61499786376953	110.4800033569336	110.08445739746094	22987200
2022-09-08	109.18000030517578	110.58000183105469	108.05999755859375	109.41999816894531	109.02825164794922	21660700
2022-09-09	110.05000305175781	112.0	110.0	111.77999877929688	111.37979888916016	21732900
2022-09-12	111.98999786376953	112.63999938964844	110.93000030517578	111.87000274658203	111.469482421875	19732900
2022-09-13	108.88999938964844	109.37000274658203	105.0	105.30999755859375	104.93296813964844	33015000
2022-09-14	105.44000244140625	106.0999984741211	104.5	105.87000274658203	105.490966796875	22115800
2022-09-15	105.01000213623047	106.20999908447266	103.30999755859375	103.9000015258789	103.52801513671875	26494900
2022-09-16	102.97000122070312	104.02999877929688	101.8550033569336	103.62999725341797	103.25897979736328	64540100
2022-09-19	102.54000091552734	104.0199966430664	102.37000274658203	103.8499984741211	103.47818756103516	19738600
2022-09-20	102.87999725341797	103.16999816894531	101.12000274658203	101.83000183105469	101.46542358398438	24001700
2022-09-21	102.23999786376953	103.48999786376953	99.98999786376953	100.01000213623047	99.65194702148438	26596800
2022-09-22	99.44999694824219	101.68000030517578	99.41000366210938	100.56999969482422	100.2099380493164	21272700
2022-09-23	100.05999755859375	100.11000061035156	98.01000213623047	99.16999816894531	98.81494903564453	25657000
2022-09-26	98.61000061035156	100.44000244140625	98.37999725341797	98.80999755859375	98.45623779296875	22437900
2022-09-27	99.91000366210938	100.45999908447266	97.33999633789062	98.08999633789062	97.73881530761719	24225000
2022-09-28	98.0199966430664	101.4000015258789	97.80000305175781	100.73999786376953	100.37932586669922	24617000
2022-09-29	99.30000305175781	99.30000305175781	96.5199966430664	98.08999633789062	97.73881530761719	21921500
2022-09-30	97.7300033569336	99.49400329589844	96.02999877929688	96.1500015258789	95.80575561523438	26277800
2022-10-03	97.22000122070312	99.97000122070312	97.0199966430664	99.30000305175781	98.9444808959961	24840000
2022-10-04	101.04000091552734	102.72000122070312	101.04000091552734	102.41000366210938	102.04335021972656	22580900
2022-10-05	100.69000244140625	102.73999786376953	99.73999786376953	102.22000122070312	101.8540267944336	18475500
2022-10-06	101.5	103.7300033569336	101.5	102.23999786376953	101.87395477294922	17156200
2022-10-07	100.6500015258789	101.41999816894531	99.20999908447266	99.56999969482422	99.21351623535156	24249900
2022-10-10	99.8499984741211	99.98999786376953	97.87000274658203	98.70999908447266	98.35659790039062	16529900
2022-10-11	98.25	100.12000274658203	97.25	98.05000305175781	97.69896697998047	21617700
2022-10-12	98.2699966430664	99.64800262451172	97.66999816894531	98.30000305175781	97.94807434082031	17343400
2022-10-13	95.93000030517578	100.52999877929688	95.2699966430664	99.70999908447266	99.35301208496094	32812200
2022-10-14	100.625	101.29000091552734	97.02999877929688	97.18000030517578	96.83207702636719	22624800
2022-10-17	99.5199966430664	101.7699966430664	99.51000213623047	100.77999877929688	100.41918182373047	23311600
2022-10-18	103.94000244140625	104.22000122070312	100.6500015258789	101.38999938964844	101.02699279785156	21610500
2022-10-19	100.69999694824219	101.65899658203125	99.63500213623047	100.29000091552734	99.93093872070312	21573700
2022-10-20	100.81999969482422	103.0	99.97000122070312	100.52999877929688	100.17007446289062	25125100
2022-10-21	98.45999908447266	101.62000274658203	98.2300033569336	101.4800033569336	101.11668395996094	28988700
2022-10-24	102.08999633789062	103.0999984741211	100.30000305175781	102.97000122070312	102.60134887695312	24680800
2022-10-25	103.30000305175781	105.0999984741211	103.0199966430664	104.93000030517578	104.5543212890625	29910200
2022-10-26	96.76000213623047	98.54000091552734	94.56999969482422	94.81999969482422	94.48052215576172	71504300
2022-10-27	94.30999755859375	95.16999816894531	91.9000015258789	92.5999984741211	92.26847076416016	54036500
2022-10-28	92.52999877929688	96.86000061035156	92.322998046875	96.58000183105469	96.23422241210938	35696900
2022-10-31	95.77999877929688	96.3499984741211	94.37999725341797	94.66000366210938	94.32110595703125	29868700
2022-11-01	95.58999633789062	96.16500091552734	90.43000030517578	90.5	90.17599487304688	43220600
2022-11-02	90.91000366210938	91.30000305175781	87.01000213623047	87.06999969482422	86.75827026367188	43553600
2022-11-03	86.34500122070312	86.55000305175781	83.44999694824219	83.48999786376953	83.19108581542969	48510400
2022-11-04	85.51000213623047	86.7300033569336	83.87999725341797	86.69999694824219	86.38959503173828	40173300
2022-11-07	87.33999633789062	88.94000244140625	86.95999908447266	88.6500015258789	88.33261108398438	26899900
2022-11-08	89.16000366210938	90.40499877929688	87.6500015258789	88.91000366210938	88.59168243408203	30172000
2022-11-09	88.54499816894531	89.48999786376953	87.36000061035156	87.4000015258789	87.08708953857422	26743900
2022-11-10	92.33999633789062	94.55000305175781	91.6500015258789	94.16999816894531	93.83283996582031	42371200
2022-11-11	94.70999908447266	97.36000061035156	94.16000366210938	96.7300033569336	96.38368225097656	30569100
2022-11-14	95.5	97.18000030517578	95.11299896240234	96.02999877929688	95.68618774414062	24170100
2022-11-15	98.66999816894531	100.41999816894531	97.0199966430664	98.72000122070312	98.3665542602539	31831000
2022-11-16	98.0199966430664	99.8499984741211	97.9020004272461	98.98999786376953	98.63558959960938	24660200
2022-11-17	97.18000030517578	99.4800033569336	97.0999984741211	98.5	98.14734649658203	21818700
2022-11-18	99.01000213623047	99.16000366210938	96.73999786376953	97.80000305175781	97.44985961914062	24969900
2022-11-21	97.55999755859375	98.72000122070312	95.66999816894531	95.83000183105469	95.48690795898438	18696900
2022-11-22	96.16000366210938	97.5479965209961	94.41000366210938	97.33000183105469	96.98153686523438	18868900
2022-11-23	97.33999633789062	99.06900024414062	97.33999633789062	98.81999969482422	98.46619415283203	17568900
2022-11-25	98.46499633789062	98.94000244140625	97.52999877929688	97.5999984741211	97.25056457519531	8567800
2022-11-28	97.19999694824219	97.83000183105469	95.88999938964844	96.25	95.90540313720703	19974500
2022-11-29	96.0	96.38999938964844	94.38999938964844	95.44000244140625	95.09830474853516	20220000
2022-11-30	95.12000274658203	101.44999694824219	94.66999816894531	101.44999694824219	101.08678436279297	39888100
2022-12-01	101.4000015258789	102.58999633789062	100.66999816894531	101.27999877929688	100.91739654541016	21771500
2022-12-02	99.37000274658203	101.1500015258789	99.16999816894531	100.83000183105469	100.46900939941406	18821500
2022-12-05	99.81500244140625	101.75	99.3550033569336	99.87000274658203	99.51244354248047	19955500
2022-12-06	99.66999816894531	100.20999908447266	96.76000213623047	97.30999755859375	96.96160125732422	20877600
2022-12-07	96.7699966430664	97.30999755859375	95.0250015258789	95.1500015258789	94.80934143066406	26647900
2022-12-08	95.69000244140625	95.87000274658203	93.80000305175781	93.94999694824219	93.61363220214844	25593200
2022-12-09	93.9000015258789	94.48999786376953	93.0199966430664	93.06999969482422	92.73678588867188	21885300
2022-12-12	93.08999633789062	93.875	91.9000015258789	93.55999755859375	93.22502899169922	27380900
2022-12-13	98.06999969482422	99.80000305175781	95.37999725341797	95.8499984741211	95.5068359375	34788500
2022-12-14	95.54000091552734	97.22000122070312	93.94000244140625	95.30999755859375	94.96876525878906	26452900
2022-12-15	93.54000091552734	94.02999877929688	90.43000030517578	91.19999694824219	90.87348175048828	28298800
2022-12-16	91.19999694824219	91.75	90.01000213623047	90.86000061035156	90.53469848632812	48485500
2022-12-19	90.87999725341797	91.19999694824219	88.92500305175781	89.1500015258789	88.83082580566406	23020500
2022-12-20	88.7300033569336	89.77999877929688	88.04000091552734	89.62999725341797	89.3091049194336	21976800
2022-12-21	89.7300033569336	90.91500091552734	88.91000366210938	90.25	89.92688751220703	20336400
2022-12-22	88.93000030517578	89.18000030517578	86.94000244140625	88.26000213623047	87.94401550292969	23656100
2022-12-23	87.62000274658203	90.0999984741211	87.62000274658203	89.80999755859375	89.48845672607422	17815000
2022-12-27	89.30999755859375	89.5	87.53500366210938	87.93000030517578	87.61519622802734	15470900
2022-12-28	87.5	88.5199966430664	86.37000274658203	86.45999908447266	86.15045166015625	17879600
2022-12-29	87.02999877929688	89.36499786376953	86.98999786376953	88.94999694824219	88.63153839111328	18280700
2022-12-30	87.36499786376953	88.83000183105469	87.02999877929688	88.7300033569336	88.4123306274414	19190300
2023-01-03	89.83000183105469	91.55000305175781	89.0199966430664	89.69999694824219	89.37885284423828	20738500
2023-01-04	91.01000213623047	91.23999786376953	87.80000305175781	88.70999908447266	88.39239501953125	27046500
2023-01-05	88.06999969482422	88.20999908447266	86.55999755859375	86.7699966430664	86.45933532714844	23136100
2023-01-06	87.36000061035156	88.47000122070312	85.56999969482422	88.16000366210938	87.84437561035156	26612600
2023-01-09	89.19499969482422	90.83000183105469	88.58000183105469	88.80000305175781	88.48208618164062	22996700
2023-01-10	86.72000122070312	89.4749984741211	86.69999694824219	89.23999786376953	88.92049407958984	22855600
2023-01-11	90.05999755859375	92.44999694824219	89.73999786376953	92.26000213623047	91.9296875	25998800
2023-01-12	92.4000015258789	92.62000274658203	90.56999969482422	91.91000366210938	91.58094024658203	22754200
2023-01-13	91.52799987792969	92.9800033569336	90.93000030517578	92.80000305175781	92.4677505493164	18630700
2023-01-17	92.77999877929688	92.97000122070312	90.83999633789062	92.16000366210938	91.83004760742188	22935800
2023-01-18	92.94000244140625	93.58799743652344	91.4000015258789	91.77999877929688	91.45140838623047	19641600
2023-01-19	91.38999938964844	94.4000015258789	91.37999725341797	93.91000366210938	93.57378387451172	28707700
2023-01-20	95.94999694824219	99.41999816894531	95.91000366210938	99.27999877929688	98.92455291748047	53704800
2023-01-23	99.12999725341797	101.4000015258789	98.75	101.20999908447266	100.84764099121094	31791800
2023-01-24	99.55000305175781	101.08999633789062	98.69999694824219	99.20999908447266	98.85480499267578	27391400
2023-01-25	97.19999694824219	97.72000122070312	95.26200103759766	96.7300033569336	96.38368225097656	31000900
2023-01-26	98.27999877929688	99.20999908447266	96.81999969482422	99.16000366210938	98.80498504638672	24542100
2023-01-27	99.05000305175781	101.58000183105469	98.97000122070312	100.70999908447266	100.34942626953125	29020400
2023-01-30	98.74500274658203	99.40899658203125	97.5199966430664	97.94999694824219	97.59931182861328	24365100
2023-01-31	97.86000061035156	99.91000366210938	97.79000091552734	99.87000274658203	99.51244354248047	22306800
2023-02-01	99.73999786376953	102.19000244140625	98.41999816894531	101.43000030517578	101.06684875488281	26392600
2023-02-02	106.79000091552734	108.81999969482422	106.54000091552734	108.80000305175781	108.41046905517578	46622600
2023-02-03	103.51000213623047	108.0199966430664	103.30000305175781	105.22000122070312	104.8432846069336	36823400
2023-02-06	102.68499755859375	104.69999694824219	102.20999908447266	103.47000122070312	103.09955596923828	25573000
2023-02-07	103.62999725341797	108.66999816894531	103.5479965209961	108.04000091552734	107.65319061279297	33738800
2023-02-08	102.69000244140625	103.58000183105469	98.45500183105469	100.0	99.64197540283203	73546000
2023-02-09	100.54000091552734	100.61000061035156	93.86000061035156	95.45999908447266	95.11823272705078	97798600
2023-02-10	95.73999786376953	97.0199966430664	94.52999877929688	94.86000061035156	94.52037811279297	49325300
2023-02-13	95.01000213623047	95.3499984741211	94.05000305175781	95.0	94.65987396240234	43116600
2023-02-14	94.66000366210938	95.17500305175781	92.6500015258789	94.94999694824219	94.61005401611328	42513100
2023-02-15	94.73999786376953	97.33999633789062	94.36000061035156	97.0999984741211	96.75235748291016	36964500
2023-02-16	95.54000091552734	97.87999725341797	94.97000122070312	95.77999877929688	95.43708038330078	35642100
2023-02-17	95.06999969482422	95.75	93.44999694824219	94.58999633789062	94.2513427734375	31095100
2023-02-21	93.23999786376953	93.41500091552734	92.0	92.05000305175781	91.72045135498047	28367200
2023-02-22	91.93399810791016	92.36000061035156	90.87000274658203	91.80000305175781	91.47134399414062	29891100
2023-02-23	92.12999725341797	92.12999725341797	90.01000213623047	91.06999969482422	90.74394989013672	32423700
2023-02-24	89.62999725341797	90.12999725341797	88.86000061035156	89.3499984741211	89.03010559082031	31295600
2023-02-27	90.08999633789062	90.44999694824219	89.61000061035156	90.0999984741211	89.77742004394531	22724300
2023-02-28	89.54000091552734	91.44999694824219	89.5199966430664	90.30000305175781	89.9767074584961	30546900
2023-03-01	90.16000366210938	91.19999694824219	89.8499984741211	90.51000213623047	90.18595123291016	26323900
2023-03-02	89.86000061035156	92.4800033569336	89.7699966430664	92.30999755859375	91.97950744628906	23328600
2023-03-03	92.73999786376953	94.11000061035156	92.66000366210938	94.0199966430664	93.68338012695312	30242500
2023-03-06	94.36000061035156	96.30000305175781	94.30000305175781	95.58000183105469	95.23780059814453	28288200
2023-03-07	95.41999816894531	96.08999633789062	93.84400177001953	94.16999816894531	93.83283996582031	24101500
2023-03-08	94.40499877929688	96.23999786376953	94.40499877929688	94.6500015258789	94.3111343383789	25395200
2023-03-09	94.48999786376953	95.91999816894531	92.3550033569336	92.66000366210938	92.32826232910156	24438900
2023-03-10	92.5	93.18000030517578	90.80000305175781	91.01000213623047	90.68416595458984	32850100
2023-03-13	90.56500244140625	93.08000183105469	89.94000244140625	91.66000366210938	91.33184051513672	31508600
2023-03-14	93.06999969482422	94.83000183105469	92.77999877929688	94.25	93.91256713867188	32303900
2023-03-15	93.54000091552734	97.25	93.04000091552734	96.55000305175781	96.20433044433594	38367300
2023-03-16	96.56999969482422	101.97000122070312	95.87000274658203	101.06999969482422	100.70814514160156	54499500
2023-03-17	100.83999633789062	103.48999786376953	100.75	102.45999908447266	102.0931625366211	76140300
2023-03-20	101.05999755859375	102.58000183105469	100.79000091552734	101.93000030517578	101.5650634765625	26033900
2023-03-21	101.9800033569336	105.95999908447266	101.86000061035156	105.83999633789062	105.4610595703125	33122800
2023-03-22	105.13999938964844	107.51000213623047	104.20999908447266	104.22000122070312	103.84687042236328	32336900
2023-03-23	105.88999938964844	107.10099792480469	105.41000366210938	106.26000213623047	105.87957000732422	31385800
2023-03-24	105.73999786376953	106.16000366210938	104.73999786376953	106.05999755859375	105.6802749633789	25236200
2023-03-27	105.31999969482422	105.4000015258789	102.62999725341797	103.05999755859375	102.69100952148438	25393400
2023-03-28	103.0	103.0	100.27999877929688	101.36000061035156	100.99710845947266	24913500
2023-03-29	102.72000122070312	102.81999969482422	101.02999877929688	101.9000015258789	101.5351791381836	26148300
2023-03-30	101.44000244140625	101.61000061035156	100.29000091552734	101.31999969482422	100.9572525024414	25009800
2023-03-31	101.70999908447266	104.19000244140625	101.44000244140625	104.0	103.6276626586914	28108000
2023-04-03	102.66999816894531	104.94999694824219	102.37999725341797	104.91000366210938	104.5344009399414	20719900
2023-04-04	104.83999633789062	106.0999984741211	104.5999984741211	105.12000274658203	104.74365234375	20377200
2023-04-05	106.12000274658203	106.54000091552734	104.10199737548828	104.94999694824219	104.57424926757812	21864200
2023-04-06	105.7699966430664	109.62999725341797	104.81500244140625	108.9000015258789	108.5101089477539	34684200
2023-04-10	107.38999938964844	107.97000122070312	105.5999984741211	106.94999694824219	106.56708526611328	19741500
2023-04-11	106.91999816894531	107.22000122070312	105.27999877929688	106.12000274658203	105.74006652832031	18721300
2023-04-12	107.38999938964844	107.58699798583984	104.97000122070312	105.22000122070312	104.8432846069336	22761600
2023-04-13	106.47000122070312	108.26499938964844	106.44000244140625	108.19000244140625	107.80266571044922	21650700
2023-04-14	107.69000244140625	109.58000183105469	107.58999633789062	109.45999908447266	109.06810760498047	20758700
2023-04-17	105.43000030517578	106.70999908447266	105.31999969482422	106.41999816894531	106.03899383544922	29043400
2023-04-18	107.0	107.05000305175781	104.77999877929688	105.12000274658203	104.74365234375	17641400
2023-04-19	104.21499633789062	105.7249984741211	103.80000305175781	105.0199966430664	104.64400482177734	16732000
2023-04-20	104.6500015258789	106.88800048828125	104.63999938964844	105.9000015258789	105.5208511352539	22515300
2023-04-21	106.08999633789062	106.63999938964844	105.48500061035156	105.91000366210938	105.53082275390625	22379000
2023-04-24	106.05000305175781	107.31999969482422	105.36000061035156	106.77999877929688	106.39769744873047	21410900
2023-04-25	106.61000061035156	107.44000244140625	104.55999755859375	104.61000061035156	104.2354736328125	31408100
2023-04-26	105.55999755859375	107.0199966430664	103.2699966430664	104.44999694824219	104.07604217529297	37068200
2023-04-27	105.2300033569336	109.1500015258789	104.41999816894531	108.37000274658203	107.98200988769531	38235200
2023-04-28	107.80000305175781	108.29000091552734	106.04000091552734	108.22000122070312	107.8325424194336	23957900
2023-05-01	107.72000122070312	108.68000030517578	107.5	107.70999908447266	107.32437133789062	20926300
2023-05-02	107.66000366210938	107.7300033569336	104.5	105.9800033569336	105.6005630493164	20343100
2023-05-03	106.22000122070312	108.12999725341797	105.62000274658203	106.12000274658203	105.74006652832031	17116300
2023-05-04	106.16000366210938	106.30000305175781	104.69999694824219	105.20999908447266	104.83332824707031	19780600
2023-05-05	105.31999969482422	106.44000244140625	104.73899841308594	106.21499633789062	105.834716796875	20705300
2023-05-08	105.79499816894531	108.41999816894531	105.79000091552734	108.23999786376953	107.85247039794922	17266000
2023-05-09	108.77999877929688	110.59500122070312	107.7249984741211	107.94000244140625	107.55355834960938	24782400
2023-05-10	108.55000305175781	113.51000213623047	108.4800033569336	112.27999877929688	111.87801361083984	47533500
2023-05-11	115.86000061035156	118.44000244140625	114.93000030517578	116.9000015258789	116.48147583007812	57115100
2023-05-12	117.0	118.26000213623047	116.55000305175781	117.91999816894531	117.49781799316406	31272500
2023-05-15	116.48999786376953	118.79499816894531	116.4800033569336	116.95999908447266	116.54125213623047	22107900
2023-05-16	116.83000183105469	121.19999694824219	116.83000183105469	120.08999633789062	119.66004180908203	32370100
2023-05-17	120.18000030517578	122.27999877929688	119.45999908447266	121.4800033569336	121.04507446289062	26659600
2023-05-18	121.55999755859375	123.9000015258789	121.48999786376953	123.5199966430664	123.07776641845703	27014500
2023-05-19	124.19999694824219	126.47899627685547	122.72000122070312	123.25	122.8087387084961	30251300
2023-05-22	123.51000213623047	127.05000305175781	123.44999694824219	125.87000274658203	125.41935729980469	29760200
2023-05-23	124.93000030517578	125.41999816894531	123.05000305175781	123.29000091552734	122.84860229492188	24477900
2023-05-24	121.87999725341797	122.75	120.75	121.63999938964844	121.20449829101562	23087900
2023-05-25	125.20999908447266	125.9800033569336	122.9000015258789	124.3499984741211	123.90479278564453	33812700
2023-05-26	124.06500244140625	126.0	123.29000091552734	125.43000030517578	124.9809341430664	25154700
2023-05-30	126.29000091552734	126.37999725341797	122.88999938964844	124.63999938964844	124.19375610351562	27230700
2023-05-31	123.69999694824219	124.9000015258789	123.0999984741211	123.37000274658203	122.92831420898438	41548800
2023-06-01	123.5	125.04000091552734	123.30000305175781	124.37000274658203	123.92472076416016	25017700
2023-06-02	124.48999786376953	126.74500274658203	124.3499984741211	125.2300033569336	124.78164672851562	19362400
2023-06-05	124.61000061035156	127.98999786376953	124.37999725341797	126.62999725341797	126.17662811279297	22672500
2023-06-06	126.5999984741211	128.8800048828125	125.97000122070312	127.91000366210938	127.45205688476562	19450100
2023-06-07	127.57499694824219	129.5500030517578	122.62999725341797	122.94000244140625	122.4998550415039	34179300
2023-06-08	122.58499908447266	123.7300033569336	122.01000213623047	122.66999816894531	122.2308120727539	24815000
2023-06-09	122.55999755859375	124.28500366210938	122.41999816894531	122.87000274658203	122.43009948730469	20304500
2023-06-12	123.3949966430664	124.75	122.3499984741211	124.3499984741211	123.90479278564453	22255700
2023-06-13	125.6500015258789	125.86000061035156	123.84500122070312	124.43000030517578	123.98451232910156	19287700
2023-06-14	123.80000305175781	124.79000091552734	122.16000366210938	124.37999725341797	123.9346923828125	24659600
2023-06-15	123.87999725341797	126.16000366210938	123.13999938964844	125.79000091552734	125.33964538574219	24517100
2023-06-16	126.69999694824219	126.69999694824219	123.79000091552734	124.05999755859375	123.61582946777344	56686800
2023-06-20	123.53500366210938	125.17500305175781	122.83000183105469	123.8499984741211	123.40658569335938	22698000
2023-06-21	123.23500061035156	123.41000366210938	120.86000061035156	121.26000213623047	120.82585906982422	22612000
2023-06-22	120.66000366210938	123.93499755859375	119.5999984741211	123.87000274658203	123.42652130126953	20781900
2023-06-23	122.04000091552734	123.44000244140625	121.86000061035156	123.0199966430664	122.57955932617188	29542900
2023-06-26	121.46600341796875	122.72000122070312	118.98999786376953	119.08999633789062	118.66362762451172	23185000
2023-06-27	117.83999633789062	119.8949966430664	116.91000366210938	119.01000213623047	118.58392333984375	27221700
2023-06-28	117.95999908447266	121.2699966430664	117.5999984741211	121.08000183105469	120.64649963378906	19753100
2023-06-29	120.08999633789062	120.91000366210938	119.20999908447266	120.01000213623047	119.58033752441406	18517500
2023-06-30	121.0999984741211	122.02999877929688	120.87999725341797	120.97000122070312	120.53689575195312	23865800
2023-07-03	120.31999969482422	121.0199966430664	119.70500183105469	120.55999755859375	120.12836456298828	13888300
2023-07-05	120.05999755859375	123.37000274658203	120.05999755859375	122.62999725341797	122.19095611572266	17830300
2023-07-06	120.63999938964844	121.1500015258789	119.25	120.93000030517578	120.49703979492188	17732500
2023-07-07	120.88999938964844	121.75	120.08999633789062	120.13999938964844	119.70986938476562	20982400
2023-07-10	119.06999969482422	119.06999969482422	116.63999938964844	116.87000274658203	116.45158386230469	32960100
2023-07-11	116.76000213623047	118.2249984741211	115.83000183105469	117.70999908447266	117.28856658935547	18286600
2023-07-12	119.30000305175781	120.95999908447266	119.0	119.62000274658203	119.19173431396484	22059600
2023-07-13	121.54000091552734	125.33499908447266	121.05999755859375	124.83000183105469	124.3830795288086	31535900
2023-07-14	125.12999725341797	127.08999633789062	124.9000015258789	125.69999694824219	125.24995422363281	20482800
2023-07-17	126.05999755859375	127.27999877929688	124.5	125.05999755859375	124.61225891113281	20675300
2023-07-18	124.90499877929688	124.98999786376953	123.30000305175781	124.08000183105469	123.63575744628906	21071200
2023-07-19	124.79000091552734	125.47000122070312	122.47000122070312	122.77999877929688	122.34040832519531	22313800
2023-07-20	122.12000274658203	124.69999694824219	118.68499755859375	119.52999877929688	119.10204315185547	27541700
2023-07-21	120.87000274658203	121.30000305175781	119.06999969482422	120.30999755859375	119.87926483154297	56498100
2023-07-24	121.9260025024414	123.3499984741211	121.37999725341797	121.87999725341797	121.44364166259766	22276100
2023-07-25	121.87999725341797	123.69000244140625	121.52999877929688	122.79000091552734	122.35038757324219	31820800
2023-07-26	130.36000061035156	131.3699951171875	128.7100067138672	129.66000366210938	129.19578552246094	46216900
2023-07-27	131.8000030517578	133.60000610351562	129.17999267578125	129.8699951171875	129.405029296875	35931600
2023-07-28	130.97000122070312	134.07000732421875	130.9199981689453	133.00999450683594	132.53378295898438	26971000
2023-07-31	133.00999450683594	133.8300018310547	132.1300048828125	133.11000061035156	132.63343811035156	18381900
2023-08-01	130.85499572753906	132.9199981689453	130.75	131.88999938964844	131.4178009033203	22154300
2023-08-02	129.83999633789062	130.4199981689453	127.8499984741211	128.63999938964844	128.179443359375	22705800
2023-08-03	128.3699951171875	129.77000427246094	127.7750015258789	128.77000427246094	128.30897521972656	15018100
2023-08-04	129.60000610351562	131.92999267578125	128.31500244140625	128.5399932861328	128.07977294921875	20509500
2023-08-07	129.50999450683594	132.05999755859375	129.42999267578125	131.94000244140625	131.46763610839844	17621000
2023-08-08	130.97999572753906	131.94000244140625	130.1300048828125	131.83999633789062	131.36798095703125	16836000
2023-08-09	132.19000244140625	132.47000122070312	129.5050048828125	130.14999389648438	129.6840362548828	17745200
2023-08-10	131.97000122070312	132.64700317382812	130.03500366210938	130.2100067138672	129.74383544921875	17855700
2023-08-11	129.20199584960938	130.44000244140625	128.75	130.1699981689453	129.70396423339844	15191500
2023-08-14	129.85000610351562	131.91000366210938	129.58999633789062	131.8300018310547	131.35801696777344	17526200
2023-08-15	131.58999633789062	131.99000549316406	129.81900024414062	130.27000427246094	129.80360412597656	14769200
2023-08-16	129.27999877929688	130.8979949951172	128.4600067138672	129.11000061035156	128.6477508544922	17548400
2023-08-17	130.4499969482422	132.49099731445312	129.85000610351562	130.4600067138672	129.99293518066406	23665600
2023-08-18	129.05999755859375	129.8300018310547	127.0	128.11000061035156	127.65133666992188	23619400
2023-08-21	127.8499984741211	129.25999450683594	127.16000366210938	128.92999267578125	128.46839904785156	21851100
2023-08-22	129.1300048828125	130.9499969482422	128.9250030517578	129.69000244140625	129.22567749023438	15569400
2023-08-23	130.85000610351562	134.07000732421875	130.50999450683594	133.2100067138672	132.7330780029297	26497000
2023-08-24	134.7270050048828	134.97000122070312	130.3000030517578	130.4199981689453	129.95306396484375	18680400
2023-08-25	130.13999938964844	131.39999389648438	128.0399932861328	130.69000244140625	130.2220916748047	20678100
2023-08-28	132.0800018310547	133.24000549316406	130.85000610351562	131.7899932861328	131.31814575195312	16715500
2023-08-29	132.9980010986328	137.2949981689453	132.97999572753906	135.49000549316406	135.0049285888672	30803300
2023-08-30	135.57000732421875	137.25	135.02099609375	136.92999267578125	136.43975830078125	21773400
2023-08-31	137.0500030517578	138.39999389648438	136.82000732421875	137.35000610351562	136.85826110839844	28147900
2023-09-01	138.42999267578125	138.5800018310547	135.94000244140625	136.8000030517578	136.3102264404297	16665700
2023-09-05	136.44000244140625	137.3699951171875	135.55999755859375	136.7100067138672	136.22055053710938	17730200
2023-09-06	137.01499938964844	137.47999572753906	134.69000244140625	135.3699951171875	134.88534545898438	15814300
2023-09-07	134.60000610351562	136.5800018310547	133.9600067138672	136.1999969482422	135.71237182617188	16976000
2023-09-08	135.8699951171875	137.51499938964844	135.8699951171875	137.1999969482422	136.7087860107422	17810700
2023-09-11	137.3800048828125	138.26400756835938	136.5500030517578	137.74000549316406	137.2468719482422	17180800
2023-09-12	137.1300048828125	137.63999938964844	135.92999267578125	136.07000732421875	135.58285522460938	15212900
2023-09-13	135.89999389648438	137.6999969482422	134.92999267578125	137.5	137.00772094726562	16394900
2023-09-14	138.38999938964844	139.5500030517578	137.05999755859375	138.99000549316406	138.4923858642578	19064600
2023-09-15	138.8000030517578	139.36000061035156	137.17999267578125	138.3000030517578	137.80487060546875	48947600
2023-09-18	137.6300048828125	139.92999267578125	137.6300048828125	138.9600067138672	138.46250915527344	16233600
2023-09-19	138.25	139.1750030517578	137.5	138.8300018310547	138.3329620361328	15479100
2023-09-20	138.8300018310547	138.83999633789062	134.52000427246094	134.58999633789062	134.10813903808594	21473500
2023-09-21	132.38999938964844	133.19000244140625	131.08999633789062	131.36000061035156	130.88970947265625	22042700
2023-09-22	131.67999267578125	133.00999450683594	130.50999450683594	131.25	130.78009033203125	17348700
2023-09-25	130.77000427246094	132.22000122070312	130.02999877929688	132.1699981689453	131.69679260253906	14650000
2023-09-26	130.91400146484375	131.40499877929688	128.19000244140625	129.4499969482422	128.98654174804688	20378800
2023-09-27	129.44000244140625	131.72000122070312	129.3800048828125	131.4600067138672	130.98934936523438	18764200
2023-09-28	130.69000244140625	134.17999267578125	130.69000244140625	133.1300048828125	132.6533660888672	18201400
2023-09-29	134.0800018310547	134.88999938964844	131.32000732421875	131.85000610351562	131.37794494628906	23224200
2023-10-02	132.15499877929688	135.36000061035156	132.06500244140625	135.1699981689453	134.68606567382812	19210400
2023-10-03	134.92999267578125	135.24000549316406	132.81500244140625	133.3000030517578	132.82273864746094	19628700
2023-10-04	133.66000366210938	136.57000732421875	133.42999267578125	136.27000427246094	135.78211975097656	22848000
2023-10-05	136.1300048828125	136.5	134.4550018310547	135.99000549316406	135.50314331054688	15922900
2023-10-06	134.94000244140625	139.18600463867188	134.94000244140625	138.72999572753906	138.2333221435547	20819300
2023-10-09	137.99000549316406	139.97000122070312	136.6999969482422	139.5	139.0005645751953	16599100
2023-10-10	139.50999450683594	140.74000549316406	138.42999267578125	139.1999969482422	138.70162963867188	19554900
2023-10-11	139.85000610351562	142.22000122070312	139.83999633789062	141.6999969482422	141.1926727294922	20146300
2023-10-12	142.16000366210938	142.3800048828125	139.4499969482422	140.2899932861328	139.7877197265625	18173100
2023-10-13	140.64999389648438	141.33999633789062	137.97000122070312	138.5800018310547	138.08384704589844	19438700
2023-10-16	139.72999572753906	140.90499877929688	139.32000732421875	140.49000549316406	139.9870147705078	17345600
2023-10-17	140.02999877929688	141.25	138.5290069580078	140.99000549316406	140.4852294921875	17424000
2023-10-18	140.75	141.99000549316406	138.7050018310547	139.27999877929688	138.78134155273438	18304900
2023-10-19	139.8000030517578	141.0050048828125	138.60000610351562	138.97999572753906	138.48240661621094	21831200
2023-10-20	138.58999633789062	139.0399932861328	136.2449951171875	136.74000549316406	136.2504425048828	24953900
2023-10-23	136.22999572753906	139.02000427246094	135.11000061035156	137.89999389648438	137.40628051757812	20780700
2023-10-24	139.16000366210938	140.7100067138672	138.75	140.1199951171875	139.61834716796875	26535200
2023-10-25	129.77000427246094	130.10000610351562	126.08999633789062	126.66999816894531	126.21648406982422	58796100
2023-10-26	124.47000122070312	125.45999908447266	122.31999969482422	123.44000244140625	122.99805450439453	33907400
2023-10-27	124.02999877929688	124.44000244140625	121.45999908447266	123.4000015258789	122.95819854736328	37367700
2023-10-30	124.45999908447266	126.55000305175781	123.87999725341797	125.75	125.29978942871094	24165600
2023-10-31	126.2699966430664	126.55999755859375	123.92500305175781	125.30000305175781	124.85140228271484	21123400
2023-11-01	125.33999633789062	127.73999786376953	124.92500305175781	127.56999969482422	127.11327362060547	26536600
2023-11-02	129.55999755859375	130.08999633789062	128.11000061035156	128.5800018310547	128.11964416503906	24091700
2023-11-03	129.08999633789062	130.72999572753906	129.00999450683594	130.3699951171875	129.9032440185547	19517900
2023-11-06	130.22000122070312	131.55999755859375	129.92999267578125	131.4499969482422	130.97938537597656	15360400
2023-11-07	131.97999572753906	133.27999877929688	131.13999938964844	132.39999389648438	131.92596435546875	19223800
2023-11-08	132.36000061035156	133.5399932861328	132.16000366210938	133.25999450683594	132.7828826904297	15093600
2023-11-09	133.36000061035156	133.9600067138672	131.50999450683594	131.69000244140625	131.21852111816406	17976500
2023-11-10	131.52999877929688	134.27000427246094	130.8699951171875	134.05999755859375	133.5800323486328	20872900
2023-11-13	133.36000061035156	134.11000061035156	132.77000427246094	133.63999938964844	133.16152954101562	16409900
2023-11-14	135.64999389648438	137.24000549316406	135.10000610351562	135.42999267578125	134.9451141357422	22317300
2023-11-15	136.63999938964844	136.83999633789062	135.3300018310547	136.3800048828125	135.89173889160156	15840900
2023-11-16	136.9600067138672	138.8800048828125	136.0800018310547	138.6999969482422	138.2034149169922	17615100
2023-11-17	137.82000732421875	138.0	135.47999572753906	136.94000244140625	136.44972229003906	25565300
2023-11-20	135.5	138.4250030517578	135.49000549316406	137.9199981689453	137.42620849609375	19569400
2023-11-21	137.94000244140625	138.96499633789062	137.7050018310547	138.6199951171875	138.1237030029297	17648100
2023-11-22	139.10000610351562	141.10000610351562	139.0	140.02000427246094	139.51869201660156	17306400
2023-11-24	139.5399932861328	139.677001953125	137.47000122070312	138.22000122070312	137.7251434326172	8828600
2023-11-27	137.57000732421875	139.6300048828125	137.5399932861328	138.0500030517578	137.55575561523438	17886400
2023-11-28	137.6300048828125	138.66000366210938	137.0399932861328	138.6199951171875	138.1237030029297	17046900
2023-11-29	138.98500061035156	139.6699981689453	136.2949981689453	136.39999389648438	135.91163635253906	21014700
2023-11-30	136.39999389648438	136.9600067138672	132.7899932861328	133.9199981689453	133.44052124023438	29913500
2023-12-01	133.32000732421875	133.5	132.15199279785156	133.32000732421875	132.8426971435547	24258400
2023-12-04	131.29400634765625	131.4499969482422	129.39999389648438	130.6300048828125	130.1623077392578	24117100
2023-12-05	130.3699951171875	133.5399932861328	129.72999572753906	132.38999938964844	131.916015625	19235100
2023-12-06	132.89999389648438	133.30999755859375	131.30999755859375	131.42999267578125	130.9594268798828	16360600
2023-12-07	136.60000610351562	140.0	136.22999572753906	138.4499969482422	137.95431518554688	38419400
2023-12-08	135.66000366210938	137.99000549316406	135.57000732421875	136.63999938964844	136.1508026123047	22990900
2023-12-11	133.82000732421875	134.7899932861328	132.88999938964844	134.6999969482422	134.21774291992188	24502900
2023-12-12	133.27000427246094	134.5399932861328	132.8300018310547	133.63999938964844	133.16152954101562	26584000
2023-12-13	134.5449981689453	134.77999877929688	132.9499969482422	133.97000122070312	133.49037170410156	25414500
2023-12-14	134.77000427246094	135.03500366210938	131.05999755859375	133.1999969482422	132.72311401367188	29619100
2023-12-15	132.9199981689453	134.8300018310547	132.6300048828125	133.83999633789062	133.36080932617188	58569400
2023-12-18	133.86000061035156	138.3800048828125	133.77000427246094	137.19000244140625	136.69882202148438	25699800
2023-12-19	138.0	138.77000427246094	137.4499969482422	138.10000610351562	137.60557556152344	20661000
2023-12-20	140.3300018310547	143.0780029296875	139.41000366210938	139.66000366210938	139.1599884033203	33507300
2023-12-21	140.77000427246094	142.02999877929688	140.47300720214844	141.8000030517578	141.29232788085938	18101500
2023-12-22	142.1300048828125	143.25	142.05499267578125	142.72000122070312	142.2090301513672	18494700
2023-12-26	142.97999572753906	143.94500732421875	142.5	142.82000732421875	142.3086700439453	11170100
2023-12-27	142.8300018310547	143.32000732421875	141.05099487304688	141.44000244140625	140.93362426757812	17288400
2023-12-28	141.85000610351562	142.27000427246094	140.8280029296875	141.27999877929688	140.77418518066406	12192500
2023-12-29	140.67999267578125	141.43499755859375	139.89999389648438	140.92999267578125	140.42543029785156	14872700
2024-01-02	139.60000610351562	140.61500549316406	137.74000549316406	139.55999755859375	139.06033325195312	20071900
2024-01-03	138.60000610351562	141.08999633789062	138.42999267578125	140.36000061035156	139.85748291015625	18974300
2024-01-04	139.85000610351562	140.63499450683594	138.00999450683594	138.0399932861328	137.5457763671875	18253300
2024-01-05	138.3520050048828	138.80999755859375	136.85000610351562	137.38999938964844	136.8981170654297	15433200
2024-01-08	138.0	140.63999938964844	137.8800048828125	140.52999877929688	140.02685546875	17645300
2024-01-09	140.05999755859375	142.8000030517578	139.7899932861328	142.55999755859375	142.0496063232422	19579700
2024-01-10	142.52000427246094	144.52499389648438	142.4600067138672	143.8000030517578	143.28517150878906	16641900
2024-01-11	144.89500427246094	146.66000366210938	142.21499633789062	143.6699981689453	143.15562438964844	17471100
2024-01-12	144.33999633789062	144.74000549316406	143.36000061035156	144.24000549316406	143.72360229492188	13995200
2024-01-16	143.42999267578125	145.83999633789062	143.05599975585938	144.0800018310547	143.5641632080078	19198900
2024-01-17	142.91000366210938	143.41000366210938	140.50999450683594	142.88999938964844	142.37841796875	17884500
2024-01-18	143.44000244140625	145.5850067138672	143.35000610351562	144.99000549316406	144.4709014892578	18876800
2024-01-19	146.30499267578125	148.0399932861328	145.8000030517578	147.97000122070312	147.44021606445312	27170900
2024-01-22	148.7100067138672	150.01499938964844	147.5800018310547	147.7100067138672	147.18118286132812	21829200
2024-01-23	147.72000122070312	148.86000061035156	147.19000244140625	148.67999267578125	148.14768981933594	14113600
2024-01-24	150.2899932861328	151.57000732421875	149.83999633789062	150.35000610351562	149.81170654296875	19245000
2024-01-25	151.74000549316406	154.75999450683594	151.22000122070312	153.63999938964844	153.08993530273438	21495100
2024-01-26	152.8699951171875	154.11000061035156	152.8000030517578	153.7899932861328	153.23939514160156	19494500
2024-01-29	153.63999938964844	155.1999969482422	152.9199981689453	154.83999633789062	154.28564453125	20909300
2024-01-30	154.00999450683594	155.0399932861328	152.77499389648438	153.0500030517578	152.50205993652344	26578900
2024-01-31	145.38999938964844	145.58999633789062	141.5500030517578	141.8000030517578	141.29232788085938	43908600
2024-02-01	143.69000244140625	144.6199951171875	142.25999450683594	142.7100067138672	142.19906616210938	25526900
2024-02-02	140.88999938964844	143.8800048828125	138.1699981689453	143.5399932861328	143.02609252929688	42116900
2024-02-05	144.0399932861328	146.6699981689453	143.91000366210938	144.92999267578125	144.41110229492188	29254400
2024-02-06	145.9600067138672	146.74000549316406	144.52000427246094	145.41000366210938	144.889404296875	21517700
2024-02-07	146.1199951171875	147.0	145.2100067138672	146.67999267578125	146.15484619140625	21436100
2024-02-08	146.97000122070312	147.61000061035156	146.4199981689453	147.22000122070312	146.6929168701172	18241300
2024-02-09	147.9499969482422	150.69500732421875	147.42999267578125	150.22000122070312	149.6821746826172	21877700
2024-02-12	149.5399932861328	150.58999633789062	148.55999755859375	148.72999572753906	148.197509765625	17236100
2024-02-13	146.07000732421875	148.0399932861328	145.11000061035156	146.3699951171875	145.845947265625	18138500
2024-02-14	147.3699951171875	147.8300018310547	145.55499267578125	147.13999938964844	146.6132049560547	16651800
2024-02-15	144.4600067138672	144.75999450683594	141.8800048828125	143.94000244140625	143.42466735839844	26724300
2024-02-16	144.2100067138672	144.47999572753906	141.52000427246094	141.75999450683594	141.25245666503906	21849700
2024-02-20	140.94000244140625	143.32899475097656	140.8000030517578	142.1999969482422	141.69088745117188	18625600
2024-02-21	142.63999938964844	143.97999572753906	141.91000366210938	143.83999633789062	143.32501220703125	16499600
2024-02-22	146.1199951171875	146.1999969482422	144.00999450683594	145.32000732421875	144.7997283935547	23024700
2024-02-23	144.97000122070312	145.9550018310547	144.7899932861328	145.2899932861328	144.7698211669922	14519400
2024-02-26	143.4499969482422	143.83999633789062	138.74000549316406	138.75	138.25323486328125	33513000
2024-02-27	139.41000366210938	140.49000549316406	138.5	140.10000610351562	139.59841918945312	22364000
2024-02-28	139.10000610351562	139.27999877929688	136.63999938964844	137.42999267578125	136.93797302246094	30628700
2024-02-29	138.35000610351562	139.9499969482422	137.57000732421875	139.77999877929688	139.27955627441406	35485000
2024-03-01	139.61000061035156	140.0	137.97500610351562	138.0800018310547	137.5856475830078	28522000
2024-03-04	136.5399932861328	136.6300048828125	132.86000061035156	134.1999969482422	133.71954345703125	43571500
2024-03-05	132.74000549316406	134.02000427246094	131.5500030517578	133.77999877929688	133.30104064941406	28447600
2024-03-06	134.24000549316406	134.74000549316406	131.9499969482422	132.55999755859375	132.08538818359375	23175200
2024-03-07	133.88999938964844	135.82000732421875	132.66000366210938	135.24000549316406	134.7558135986328	24107300
2024-03-08	135.03500366210938	138.98500061035156	134.8000030517578	136.2899932861328	135.8020477294922	26472400
2024-03-11	137.07000732421875	139.97999572753906	137.07000732421875	138.94000244140625	138.4425506591797	22536400
2024-03-12	138.25	140.27999877929688	138.2100067138672	139.6199951171875	139.12013244628906	19019700
2024-03-13	140.05999755859375	142.19000244140625	140.00999450683594	140.77000427246094	140.26600646972656	19637000
2024-03-14	142.3000030517578	144.72999572753906	141.48500061035156	144.33999633789062	143.82322692871094	36117900
2024-03-15	143.41000366210938	144.33999633789062	141.1300048828125	142.1699981689453	141.66099548339844	41025900
2024-03-18	149.3699951171875	152.92999267578125	148.13999938964844	148.47999572753906	147.9484100341797	47676700
2024-03-19	148.97999572753906	149.6199951171875	147.00999450683594	147.9199981689453	147.39041137695312	17748400
2024-03-20	148.7899932861328	149.75999450683594	147.6649932861328	149.67999267578125	149.14410400390625	17730000
2024-03-21	150.32000732421875	151.30499267578125	148.00999450683594	148.74000549316406	148.2074737548828	19843900
2024-03-22	150.24000549316406	152.55999755859375	150.08999633789062	151.77000427246094	151.2266387939453	19226300
2024-03-25	150.9499969482422	151.45599365234375	148.8000030517578	151.14999389648438	150.6088409423828	15114700
2024-03-26	151.24000549316406	153.1999969482422	151.02999877929688	151.6999969482422	151.15687561035156	19312700
2024-03-27	152.14500427246094	152.69000244140625	150.1300048828125	151.94000244140625	151.39601135253906	16622000
2024-03-28	152.0	152.6699981689453	151.3300018310547	152.25999450683594	151.71487426757812	21105600
2024-04-01	151.8300018310547	157.0	151.64999389648438	156.5	155.939697265625	24469800
2024-04-02	154.75	155.99000549316406	153.4600067138672	155.8699951171875	155.3119354248047	17598100
2024-04-03	154.9199981689453	156.5500030517578	154.1320037841797	156.3699951171875	155.81015014648438	17266200
2024-04-04	155.0800018310547	156.17999267578125	151.8800048828125	151.94000244140625	151.39601135253906	24184800
2024-04-05	151.67999267578125	154.83999633789062	151.08099365234375	153.94000244140625	153.3888702392578	16289800
2024-04-08	154.01499938964844	156.65499877929688	153.99000549316406	156.13999938964844	155.5809783935547	16641500
2024-04-09	157.35000610351562	159.88999938964844	156.63999938964844	158.13999938964844	157.57382202148438	21538100
2024-04-10	157.8800048828125	158.16000366210938	156.1999969482422	157.66000366210938	157.09555053710938	16339200
2024-04-11	158.33999633789062	161.1199951171875	157.92999267578125	160.7899932861328	160.21434020996094	17841700
2024-04-12	159.40499877929688	161.6999969482422	158.60000610351562	159.19000244140625	158.6200714111328	16968200
2024-04-15	160.27999877929688	160.8300018310547	156.14999389648438	156.3300018310547	155.77029418945312	21140900
2024-04-16	155.63999938964844	157.22999572753906	155.0500030517578	156.0	155.44149780273438	15413200
2024-04-17	157.19000244140625	158.68099975585938	156.13499450683594	156.8800048828125	156.31834411621094	16237800
2024-04-18	156.9250030517578	158.48500061035156	156.2100067138672	157.4600067138672	156.89627075195312	14016100
2024-04-19	157.75	157.99000549316406	153.91000366210938	155.72000122070312	155.16249084472656	20063900
2024-04-22	156.00999450683594	159.18499755859375	155.66000366210938	157.9499969482422	157.38450622558594	17243900
2024-04-23	158.58999633789062	160.47999572753906	157.96499633789062	159.9199981689453	159.34744262695312	16115400
2024-04-24	159.08999633789062	161.38999938964844	158.82000732421875	161.10000610351562	160.5232391357422	19485700
2024-04-25	153.36000061035156	158.27999877929688	152.76800537109375	157.9499969482422	157.38450622558594	36197800
2024-04-26	175.99000549316406	176.4199981689453	171.39999389648438	173.69000244140625	173.0681610107422	56500800
2024-04-29	170.77000427246094	171.3800048828125	167.05999755859375	167.89999389648438	167.29885864257812	35914600
2024-04-30	167.3800048828125	169.8699951171875	164.5	164.63999938964844	164.05055236816406	29420800
2024-05-01	166.17999267578125	168.80999755859375	164.89999389648438	165.57000732421875	164.97723388671875	25223200
2024-05-02	166.6699981689453	168.52999877929688	165.69000244140625	168.4600067138672	167.8568878173828	17041100
2024-05-03	169.5399932861328	169.85000610351562	164.97999572753906	168.99000549316406	168.3849639892578	22767100
2024-05-06	169.22000122070312	169.89999389648438	167.88999938964844	169.8300018310547	169.2219696044922	15147900
2024-05-07	170.1199951171875	173.47000122070312	170.0	172.97999572753906	172.36068725585938	21102400
2024-05-08	170.75	171.90899658203125	170.52200317382812	171.16000366210938	170.5471954345703	14569900
2024-05-09	171.14999389648438	172.44000244140625	169.92999267578125	171.5800018310547	170.9656982421875	11937700
2024-05-10	169.69000244140625	171.33999633789062	167.91000366210938	170.2899932861328	169.68031311035156	18740500
2024-05-13	165.8470001220703	170.9499969482422	165.75999450683594	170.89999389648438	170.2881317138672	19648600
2024-05-14	171.58999633789062	172.77999877929688	170.4199981689453	171.92999267578125	171.31443786621094	18729500
2024-05-15	172.3000030517578	174.04600524902344	172.02999877929688	173.8800048828125	173.25747680664062	20958200
2024-05-16	174.60000610351562	176.33999633789062	174.0500030517578	175.42999267578125	174.8019256591797	17247300
2024-05-17	175.5500030517578	177.4949951171875	174.97999572753906	177.2899932861328	176.65525817871094	16546400
2024-05-20	177.30999755859375	179.9499969482422	177.22500610351562	178.4600067138672	177.8210906982422	17495100
2024-05-21	178.39999389648438	179.82000732421875	177.30999755859375	179.5399932861328	178.89720153808594	14706000
2024-05-22	178.39999389648438	178.8520050048828	176.77999877929688	178.0	177.3627166748047	16189400
2024-05-23	178.77999877929688	179.91000366210938	174.5399932861328	175.05999755859375	174.4332275390625	14928400
2024-05-24	176.52000427246094	177.3040008544922	175.1999969482422	176.3300018310547	175.69869995117188	11400600
2024-05-28	175.74000549316406	178.50999450683594	175.67999267578125	178.02000427246094	177.3826446533203	15655300
2024-05-29	176.80999755859375	178.22999572753906	176.25999450683594	177.39999389648438	176.76486206054688	15023800
2024-05-30	176.69000244140625	176.69000244140625	173.22999572753906	173.55999755859375	172.93861389160156	18844000
2024-05-31	173.39999389648438	174.4199981689453	170.97000122070312	173.9600067138672	173.33718872070312	28085200
2024-06-03	173.8800048828125	175.86000061035156	172.4499969482422	174.4199981689453	173.79554748535156	20742800
2024-06-04	174.4499969482422	175.19000244140625	173.22000122070312	175.1300048828125	174.50299072265625	14066600
2024-06-05	176.53500366210938	177.97000122070312	175.2899932861328	177.07000732421875	176.43605041503906	15233900
2024-06-06	177.42999267578125	178.7100067138672	177.2100067138672	178.35000610351562	177.7114715576172	14255800
2024-06-07	178.4600067138672	179.4199981689453	175.7899932861328	175.9499969482422	175.32005310058594	14716300
2024-06-10	176.4499969482422	178.47000122070312	174.3800048828125	176.6300048828125	176.19790649414062	17122200
2024-06-11	177.72000122070312	178.38999938964844	175.44000244140625	178.19000244140625	177.75408935546875	14402400
2024-06-12	179.75	182.0800018310547	177.77999877929688	179.55999755859375	179.1207275390625	18600400
2024-06-13	177.83999633789062	178.50999450683594	176.66000366210938	176.74000549316406	176.30764770507812	15956900
2024-06-14	175.8520050048828	178.72999572753906	175.8520050048828	178.3699951171875	177.9336395263672	12361600
2024-06-17	176.97999572753906	179.9199981689453	176.49000549316406	178.77999877929688	178.34263610839844	15272900
2024-06-18	178.7899932861328	178.91000366210938	175.6199951171875	176.4499969482422	176.01834106445312	15640300
2024-06-20	176.7100067138672	178.74000549316406	176.4600067138672	177.7100067138672	177.2752685546875	16753200
2024-06-21	178.49000549316406	182.51199340820312	178.05999755859375	180.25999450683594	179.81900024414062	59728000
2024-06-24	181.27999877929688	182.0800018310547	180.22999572753906	180.7899932861328	180.34771728515625	18198300
2024-06-25	181.14500427246094	185.75	181.10499572753906	185.5800018310547	185.12600708007812	18917700
2024-06-26	184.1999969482422	185.92999267578125	183.99000549316406	185.3699951171875	184.91650390625	13375700
2024-06-27	185.64500427246094	187.5	185.4499969482422	186.86000061035156	186.4028778076172	13025700
2024-06-28	185.72000122070312	186.5800018310547	183.3249969482422	183.4199981689453	182.97128295898438	23032400
2024-07-01	184.47999572753906	185.33999633789062	182.72999572753906	184.49000549316406	184.03868103027344	11815900
2024-07-02	183.47000122070312	186.9499969482422	183.05999755859375	186.61000061035156	186.1534881591797	12555500
2024-07-03	186.3000030517578	187.6199951171875	185.38499450683594	187.38999938964844	186.93157958984375	7409100
2024-07-05	187.32000732421875	192.25999450683594	187.32000732421875	191.9600067138672	191.4904022216797	14303400
2024-07-08	191.36500549316406	191.6790008544922	189.32000732421875	190.47999572753906	190.01400756835938	12097600
2024-07-09	191.75	192.86000061035156	190.22999572753906	190.44000244140625	189.97410583496094	10198500
2024-07-10	190.75	193.30999755859375	190.6199951171875	192.66000366210938	192.18869018554688	12052900
2024-07-11	191.33999633789062	192.41000366210938	186.82000732421875	187.3000030517578	186.841796875	16452000
2024-07-12	186.9199981689453	188.69000244140625	186.13999938964844	186.77999877929688	186.3230743408203	14449100
2024-07-15	186.49000549316406	189.89999389648438	186.49000549316406	188.19000244140625	187.7296142578125	12186000
2024-07-16	188.9600067138672	190.33999633789062	185.1199951171875	185.5	185.04620361328125	12760100
2024-07-17	184.67999267578125	185.22999572753906	181.6199951171875	182.6199951171875	182.17323303222656	17376600
2024-07-18	183.5399932861328	184.0500030517578	178.2100067138672	179.22000122070312	178.7815704345703	17877200
2024-07-19	180.3699951171875	181.97000122070312	178.86000061035156	179.38999938964844	178.95114135742188	14485900
2024-07-22	182.35000610351562	184.3000030517578	181.89999389648438	183.35000610351562	182.90145874023438	16303900
2024-07-23	183.83999633789062	185.22000122070312	183.3300018310547	183.60000610351562	183.15086364746094	23772600
2024-07-24	175.38999938964844	177.9499969482422	173.57000732421875	174.3699951171875	173.94342041015625	31250700
2024-07-25	174.25	175.1999969482422	169.0500030517578	169.16000366210938	168.74618530273438	28967900
2024-07-26	168.77000427246094	169.83999633789062	165.86500549316406	168.67999267578125	168.267333984375	25150100
2024-07-29	170.5	172.16000366210938	169.72000122070312	171.1300048828125	170.71136474609375	13768900
2024-07-30	171.8300018310547	172.9499969482422	170.1199951171875	171.86000061035156	171.43955993652344	13681400
2024-07-31	174.9199981689453	175.91000366210938	171.72000122070312	173.14999389648438	172.72640991210938	15650200
2024-08-01	171.97999572753906	175.67999267578125	170.50999450683594	172.4499969482422	172.0281219482422	17177800
2024-08-02	168.19000244140625	170.2100067138672	166.38999938964844	168.39999389648438	167.98802185058594	18907800
2024-08-05	157.3699951171875	165.94000244140625	156.60000610351562	160.63999938964844	160.2470245361328	34907800
2024-08-06	160.94500732421875	162.35000610351562	158.1300048828125	160.5399932861328	160.14724731445312	36146500
2024-08-07	163.24000549316406	164.7899932861328	160.24000549316406	160.75	160.3567352294922	19334200
2024-08-08	162.343994140625	165.5	162.02999877929688	163.83999633789062	163.43917846679688	15733600
2024-08-09	161.64500427246094	165.52000427246094	160.92999267578125	165.38999938964844	164.9853973388672	13549200
2024-08-12	165.9949951171875	166.6999969482422	163.5500030517578	163.9499969482422	163.54891967773438	12435000
2024-08-13	165.18499755859375	166.5399932861328	164.77000427246094	165.92999267578125	165.52406311035156	12717600
2024-08-14	164.2100067138672	164.9600067138672	159.52999877929688	162.02999877929688	161.6336212158203	22515900
2024-08-15	162.2100067138672	163.52000427246094	161.49000549316406	163.1699981689453	162.7708282470703	18392500
2024-08-16	163.41000366210938	166.9499969482422	163.0800018310547	164.74000549316406	164.33700561523438	16853100
2024-08-19	167.0	168.47000122070312	166.08999633789062	168.39999389648438	167.98802185058594	13100800
2024-08-20	168.74000549316406	170.41000366210938	168.66000366210938	168.9600067138672	168.5466766357422	12622500
2024-08-21	166.99000549316406	168.63999938964844	166.57000732421875	167.6300048828125	167.2199249267578	15269600
2024-08-22	169.0399932861328	169.4199981689453	165.02999877929688	165.49000549316406	165.0851593017578	19123800
2024-08-23	166.5500030517578	167.9499969482422	165.66000366210938	167.42999267578125	167.02040100097656	14281600
2024-08-26	168.15499877929688	169.3800048828125	166.32000732421875	167.92999267578125	167.51918029785156	11990300
2024-08-27	167.61000061035156	168.2449951171875	166.16000366210938	166.3800048828125	165.9729766845703	13718200
2024-08-28	166.77999877929688	167.38999938964844	163.27999877929688	164.5	164.09756469726562	15208700
2024-08-29	166.05999755859375	167.6300048828125	161.98199462890625	163.39999389648438	163.00025939941406	17133800
2024-08-30	164.22000122070312	165.27999877929688	163.41000366210938	165.11000061035156	164.70608520507812	18498800
2024-09-03	163.31500244140625	163.3800048828125	157.85499572753906	158.61000061035156	158.22198486328125	26533100
2024-09-04	158.0749969482422	160.39999389648438	157.44000244140625	157.80999755859375	157.4239501953125	17410700
2024-09-05	157.77999877929688	161.01499938964844	157.52000427246094	158.60000610351562	158.21202087402344	14139500
2024-09-06	158.69000244140625	159.22000122070312	151.93499755859375	152.1300048828125	151.75784301757812	24999100
2024-09-09	153.6300048828125	154.63999938964844	148.1999969482422	149.5399932861328	149.3705291748047	28057700
2024-09-10	151.4499969482422	152.3000030517578	149.54299926757812	150.00999450683594	149.83999633789062	20401800
2024-09-11	151.08999633789062	152.47999572753906	148.6999969482422	152.14999389648438	151.97756958007812	18991500
2024-09-12	154.80999755859375	155.61000061035156	153.5	155.5399932861328	155.36373901367188	21024100
2024-09-13	156.36199951171875	159.27499389648438	156.11000061035156	158.3699951171875	158.19053649902344	16733900
2024-09-16	158.3300018310547	159.24000549316406	157.61000061035156	158.99000549316406	158.80984497070312	14157600
2024-09-17	160.08999633789062	161.58999633789062	159.41000366210938	160.27999877929688	160.09837341308594	12064800
2024-09-18	160.85000610351562	161.6300048828125	159.66000366210938	160.80999755859375	160.6277618408203	16756500
2024-09-19	164.82000732421875	164.99000549316406	162.52200317382812	163.24000549316406	163.05502319335938	17548200
2024-09-20	164.52000427246094	164.75	163.17999267578125	164.63999938964844	164.45343017578125	46362700
2024-09-23	165.33999633789062	166.61000061035156	162.9499969482422	163.07000732421875	162.88522338867188	15648400
2024-09-24	164.25	164.5500030517578	162.02999877929688	163.63999938964844	163.45455932617188	18774100
2024-09-25	162.97000122070312	164.2169952392578	162.77499389648438	162.99000549316406	162.8052978515625	13607900
2024-09-26	165.02999877929688	165.5	163.5	163.8300018310547	163.64434814453125	18234500
2024-09-27	163.91000366210938	166.97000122070312	163.8300018310547	165.2899932861328	165.10269165039062	13604300
2024-09-30	164.77999877929688	167.36000061035156	164.63999938964844	167.19000244140625	167.00054931640625	14070100
2024-10-01	168.86000061035156	170.44000244140625	165.89999389648438	168.4199981689453	168.22914123535156	18629500
2024-10-02	167.75999450683594	168.8800048828125	166.25	167.30999755859375	167.1204071044922	12745000
2024-10-03	165.82000732421875	167.91000366210938	165.3699951171875	167.2100067138672	167.02052307128906	11004300
2024-10-04	169.33999633789062	169.5500030517578	166.9600067138672	168.55999755859375	168.36898803710938	11422100
2024-10-07	169.13999938964844	169.89999389648438	164.1300048828125	164.38999938964844	164.20370483398438	14034700
2024-10-08	165.42999267578125	166.10000610351562	164.30999755859375	165.6999969482422	165.51222229003906	11723900
2024-10-09	164.85499572753906	166.25999450683594	161.1199951171875	163.05999755859375	162.87521362304688	19666400
2024-10-10	162.11000061035156	164.31100463867188	161.63999938964844	163.17999267578125	162.9950714111328	12900500
2024-10-11	163.3300018310547	165.27000427246094	162.5	164.52000427246094	164.3335723876953	10946000
2024-10-14	164.91000366210938	167.6199951171875	164.77999877929688	166.35000610351562	166.1614990234375	9981800
2024-10-15	167.13999938964844	169.08999633789062	166.0500030517578	166.89999389648438	166.7108612060547	14829300
2024-10-16	166.02999877929688	167.27999877929688	165.21600341796875	166.74000549316406	166.55105590820312	9968500
2024-10-17	167.3800048828125	167.92999267578125	164.3699951171875	164.50999450683594	164.32357788085938	15113400
2024-10-18	164.8699951171875	166.3699951171875	164.75	165.0500030517578	164.8629608154297	13091300
2024-10-21	164.5800018310547	166.22000122070312	164.30499267578125	165.8000030517578	165.61212158203125	11384000
2024-10-22	164.6999969482422	167.47000122070312	164.6699981689453	166.82000732421875	166.63096618652344	11958600
2024-10-23	166.42999267578125	167.60000610351562	163.63299560546875	164.47999572753906	164.29360961914062	12754300
2024-10-24	164.58999633789062	165.0500030517578	162.77000427246094	164.52999877929688	164.3435516357422	12764400
2024-10-25	165.36500549316406	167.39999389648438	165.22999572753906	166.99000549316406	166.80076599121094	14566400
2024-10-28	170.58999633789062	170.6060028076172	165.7899932861328	168.33999633789062	168.14923095703125	20858300
2024-10-29	169.38499450683594	171.86000061035156	168.66000366210938	171.13999938964844	170.94606018066406	28916100
2024-10-30	182.41000366210938	183.7899932861328	175.7449951171875	176.13999938964844	175.94039916992188	49698300
2024-10-31	174.72000122070312	178.4199981689453	172.55999755859375	172.69000244140625	172.4943084716797	32801900
2024-11-01	171.5399932861328	173.82000732421875	170.30999755859375	172.64999389648438	172.454345703125	21752900
2024-11-04	171.24000549316406	171.9199981689453	169.48500061035156	170.67999267578125	170.486572265625	16194000
2024-11-05	170.8300018310547	172.0970001220703	170.3699951171875	171.41000366210938	171.21575927734375	12518300
2024-11-06	175.35000610351562	178.63999938964844	175.0399932861328	178.3300018310547	178.12791442871094	27061500
2024-11-07	179.11000061035156	182.5800018310547	178.88999938964844	182.27999877929688	182.0734405517578	16730400
2024-11-08	182.0	182.35000610351562	179.57000732421875	179.86000061035156	179.65618896484375	15021500
2024-11-11	180.07000732421875	182.0850067138672	179.99000549316406	181.97000122070312	181.7637939453125	12503400
2024-11-12	181.3800048828125	184.02499389648438	180.99000549316406	183.32000732421875	183.11227416992188	14065800
2024-11-13	182.14999389648438	182.61500549316406	180.1199951171875	180.49000549316406	180.2854766845703	13969700
2024-11-14	179.75	180.44500732421875	176.02999877929688	177.35000610351562	177.14903259277344	17925800
2024-11-15	175.63999938964844	175.8800048828125	172.7449951171875	173.88999938964844	173.6929473876953	21708900
2024-11-18	174.9550018310547	176.91000366210938	174.4199981689453	176.8000030517578	176.5996551513672	18725400
2024-11-19	175.23500061035156	180.1699981689453	175.11599731445312	179.5800018310547	179.37649536132812	15392900
2024-11-20	178.8300018310547	179.11000061035156	175.3300018310547	177.3300018310547	177.12904357910156	15729800
2024-11-21	175.4550018310547	175.5800018310547	165.30999755859375	169.24000549316406	169.0482177734375	38839400
2024-11-22	167.16000366210938	168.26499938964844	165.7100067138672	166.57000732421875	166.38125610351562	24497000
2024-11-25	167.99000549316406	170.4600067138672	167.39999389648438	169.42999267578125	169.2379913330078	21395700
2024-11-26	169.49000549316406	171.4949951171875	169.42999267578125	170.6199951171875	170.42665100097656	14937500
2024-11-27	170.67999267578125	171.13999938964844	169.6699981689453	170.82000732421875	170.62643432617188	12433400
2024-11-29	170.05999755859375	170.8699951171875	168.75	170.49000549316406	170.2967987060547	9250700
2024-12-02	170.32000732421875	173.60000610351562	170.27000427246094	172.97999572753906	172.7839813232422	16593400
2024-12-03	173.1199951171875	174.32000732421875	172.50999450683594	173.02000427246094	172.82394409179688	15721500
2024-12-04	172.77999877929688	176.42999267578125	172.75	176.08999633789062	175.8904571533203	18239800
2024-12-05	177.32000732421875	177.7100067138672	174.00999450683594	174.30999755859375	174.1124725341797	16145500
2024-12-06	173.8800048828125	176.83900451660156	173.5500030517578	176.49000549316406	176.29000854492188	13319500
2024-12-09	175.71499633789062	178.0399932861328	175.39999389648438	177.10000610351562	177.10000610351562	19887800
2024-12-10	184.53500366210938	188.02999877929688	182.6699981689453	186.52999877929688	186.52999877929688	34317400
2024-12-11	186.6999969482422	196.88999938964844	186.25999450683594	196.7100067138672	196.7100067138672	41664500
2024-12-12	196.3000030517578	196.7050018310547	193.27999877929688	193.6300048828125	193.6300048828125	25197800
2024-12-13	192.7100067138672	194.33999633789062	191.25999450683594	191.3800048828125	191.3800048828125	18883200
2024-12-16	194.36500549316406	200.63999938964844	194.11000061035156	198.16000366210938	198.16000366210938	32248600
2024-12-17	198.52999877929688	202.8800048828125	196.69000244140625	197.1199951171875	197.1199951171875	24129500
2024-12-18	196.8300018310547	198.69000244140625	189.27999877929688	190.14999389648438	190.14999389648438	27638400
2024-12-19	193.27999877929688	194.60000610351562	189.52000427246094	189.6999969482422	189.6999969482422	26981200
2024-12-20	187.00999450683594	194.13499450683594	186.3699951171875	192.9600067138672	192.9600067138672	45319700
2024-12-23	194.02999877929688	196.49000549316406	191.6300048828125	195.99000549316406	195.99000549316406	15235900
2024-12-24	196.1699981689453	197.6699981689453	195.197998046875	197.57000732421875	197.57000732421875	6809800
2024-12-26	196.74000549316406	198.16000366210938	195.8699951171875	197.10000610351562	197.10000610351562	7907900
2024-12-27	196.47000122070312	196.8000030517578	191.9720001220703	194.0399932861328	194.0399932861328	14693000
2024-12-30	190.86500549316406	193.77999877929688	190.36000061035156	192.69000244140625	192.69000244140625	12209500
2024-12-31	192.44500732421875	193.25	189.5800018310547	190.44000244140625	190.44000244140625	14355200
2025-01-02	191.48500061035156	193.1999969482422	188.7100067138672	190.6300048828125	190.6300048828125	17545200
2025-01-03	192.72500610351562	194.5	191.35000610351562	193.1300048828125	193.1300048828125	12875000
2025-01-06	195.14999389648438	199.55999755859375	195.05999755859375	197.9600067138672	197.9600067138672	19483300
2025-01-07	198.27000427246094	202.13999938964844	195.94000244140625	196.7100067138672	196.7100067138672	16966800
2025-01-08	193.9499969482422	197.63999938964844	193.75	195.38999938964844	195.38999938964844	14335300
2025-01-10	195.4199981689453	197.6199951171875	191.60000610351562	193.1699981689453	193.1699981689453	20753800
2025-01-13	191.35000610351562	192.49000549316406	188.66000366210938	192.2899932861328	192.2899932861328	13169100
2025-01-14	192.5	193.27000427246094	189.63999938964844	191.0500030517578	191.0500030517578	13651200
2025-01-15	194.35000610351562	197.8000030517578	193.3300018310547	196.97999572753906	196.97999572753906	12894900
2025-01-16	195.8249969482422	196.97999572753906	194.3000030517578	194.41000366210938	194.41000366210938	13449600
2025-01-17	198.0500030517578	198.80999755859375	195.30999755859375	197.5500030517578	197.5500030517578	21977800
