Date	Open	High	Low	Close	Adj Close	Volume
2022-01-21	132.593505859375	134.86549377441406	130.0865020751953	130.35150146484375	129.88067626953125	55652000
2022-01-24	125.97799682617188	131.2030029296875	124.5	130.8040008544922	130.33154296875	76622000
2022-01-25	128.74000549316406	129.3990020751953	126.50050354003906	126.93499755859375	126.47650909423828	46960000
2022-01-26	131.11900329589844	133.0	127.14199829101562	129.23300170898438	128.76620483398438	49130000
2022-01-27	131.3040008544922	132.65249633789062	128.9324951171875	129.0050048828125	128.53904724121094	31950000
2022-01-28	129.65899658203125	133.35650634765625	128.48500061035156	133.3509979248047	132.8693389892578	34362000
2022-01-31	134.16200256347656	135.47300720214844	132.20950317382812	135.30349731445312	134.8147735595703	39986000
2022-02-01	137.59449768066406	137.79299926757812	134.36849975585938	137.6439971923828	137.14682006835938	68644000
2022-02-02	151.25	151.54649353027344	145.5225067138672	148.0	147.46543884277344	123200000
2022-02-03	145.70550537109375	149.6750030517578	142.66549682617188	143.08999633789062	142.57315063476562	71518000
2022-02-04	143.4445037841797	144.875	140.51499938964844	143.29299926757812	142.7754364013672	57998000
2022-02-07	144.25	144.25	138.89999389648438	139.2010040283203	138.69821166992188	54974000
2022-02-08	139.02650451660156	140.0	137.01400756835938	139.3990020751953	138.89549255371094	54284000
2022-02-09	140.9635009765625	142.52450561523438	140.18699645996094	141.5919952392578	141.08056640625	40144000
2022-02-10	139.70350646972656	141.4844970703125	137.95700073242188	138.6199951171875	138.1193084716797	39330000
2022-02-11	138.60000610351562	139.156494140625	133.39999389648438	134.28250122070312	133.7974853515625	39958000
2022-02-14	133.25650024414062	136.3000030517578	133.25650024414062	135.5260009765625	135.03648376464844	34302000
2022-02-15	137.57049560546875	138.10850524902344	135.82150268554688	136.60850524902344	136.11508178710938	26680000
2022-02-16	136.64649963378906	138.08599853515625	134.9239959716797	137.73800659179688	137.24049377441406	25022000
2022-02-17	136.2429962158203	137.11349487304688	132.47850036621094	132.53900146484375	132.06027221679688	38950000
2022-02-18	133.4669952392578	134.07000732421875	130.19650268554688	130.4029998779297	129.93199157714844	45620000
2022-02-22	129.83799743652344	132.1804962158203	128.22349548339844	129.81350708007812	129.34461975097656	44990000
2022-02-23	131.64849853515625	132.05099487304688	127.52749633789062	127.58799743652344	127.12715148925781	32786000
2022-02-24	124.95349884033203	133.0	124.95349884033203	132.6909942626953	132.21170043945312	54456000
2022-02-25	133.552001953125	135.27149963378906	131.75149536132812	134.45950317382812	133.9738311767578	36406000
2022-02-28	133.0500030517578	135.75149536132812	132.59249877929688	135.0570068359375	134.56918334960938	38864000
2022-03-01	134.8784942626953	136.2554931640625	133.218505859375	134.06149291992188	133.5772705078125	26496000
2022-03-02	134.6280059814453	135.2624969482422	133.07150268554688	134.57150268554688	134.08543395996094	23520000
2022-03-03	136.00999450683594	136.4394989013672	133.02549743652344	133.89950561523438	133.41586303710938	24604000
2022-03-04	132.92750549316406	133.85150146484375	130.33749389648438	131.906494140625	131.43003845214844	30430000
2022-03-07	131.48800659179688	131.73500061035156	126.29499816894531	126.37850189208984	125.9220199584961	45112000
2022-03-08	126.25	131.25	125.67449951171875	127.10449981689453	126.64539337158203	40428000
2022-03-09	131.25	133.73550415039062	129.90049743652344	133.4199981689453	132.93807983398438	37026000
2022-03-10	131.26600646972656	133.27200317382812	130.91250610351562	132.42950439453125	131.951171875	27102000
2022-03-11	133.48849487304688	133.79550170898438	129.63150024414062	129.87049865722656	129.4014129638672	31526000
2022-03-14	130.25	130.40899658203125	125.2750015258789	125.95099639892578	125.49606323242188	38812000
2022-03-15	126.97599792480469	129.85450744628906	125.72049713134766	129.197998046875	128.73133850097656	30920000
2022-03-16	130.73300170898438	133.33299255371094	128.7344970703125	133.28050231933594	132.79908752441406	35576000
2022-03-17	133.1490020751953	134.08050537109375	132.18499755859375	133.83900451660156	133.35557556152344	28264000
2022-03-18	133.42449951171875	136.24400329589844	132.2584991455078	136.12550354003906	135.63381958007812	44566000
2022-03-21	136.1634979248047	137.0500030517578	134.09249877929688	136.10150146484375	135.6099090576172	26832000
2022-03-22	136.10150146484375	141.0500030517578	136.10150146484375	139.8679962158203	139.36280822753906	35496000
2022-03-23	138.70249938964844	139.5885009765625	137.8350067138672	138.27549743652344	137.7760467529297	25154000
2022-03-24	139.1999969482422	141.61900329589844	137.75050354003906	141.57200622558594	141.06065368652344	26396000
2022-03-25	141.91600036621094	142.03500366210938	139.7375030517578	141.67300415039062	141.16127014160156	24126000
2022-03-28	140.90049743652344	142.00250244140625	139.81149291992188	141.45550537109375	140.944580078125	35050000
2022-03-29	142.6475067138672	143.7935028076172	142.0384979248047	142.5054931640625	141.9907684326172	34318000
2022-03-30	142.4600067138672	142.7205047607422	141.60000610351562	141.93850708007812	141.4258270263672	19884000
2022-03-31	142.05299377441406	142.10800170898438	139.02450561523438	139.0675048828125	138.56520080566406	37524000
2022-04-01	139.5	140.4709930419922	138.3074951171875	140.15049743652344	139.64427185058594	25942000
2022-04-04	140.35850524902344	143.71200561523438	140.3105010986328	142.97149658203125	142.45509338378906	25942000
2022-04-05	142.86900329589844	142.99049377441406	140.38250732421875	140.59100341796875	140.08319091796875	21418000
2022-04-06	138.75	139.36050415039062	135.51699829101562	136.54800415039062	136.05479431152344	32468000
2022-04-07	136.00999450683594	137.1645050048828	134.2274932861328	135.8885040283203	135.39767456054688	26234000
2022-04-08	135.58349609375	135.6699981689453	132.9654998779297	133.28750610351562	132.8060760498047	25142000
2022-04-11	131.82350158691406	132.09249877929688	128.6685028076172	128.82350158691406	128.3582000732422	36884000
2022-04-12	131.60000610351562	131.60000610351562	126.78900146484375	127.7145004272461	127.2531967163086	32710000
2022-04-13	128.0	130.33399963378906	127.74099731445312	129.8939971923828	129.42481994628906	27928000
2022-04-14	130.47950744628906	130.47950744628906	126.60099792480469	126.7300033569336	126.27226257324219	31598000
2022-04-18	127.0	128.21249389648438	126.18199920654297	127.67649841308594	127.21533966064453	20808000
2022-04-19	127.69149780273438	130.33299255371094	126.99949645996094	130.00900268554688	129.53941345214844	26490000
2022-04-20	130.89199829101562	131.3990020751953	127.5	128.0399932861328	127.5775146484375	31696000
2022-04-21	129.25	130.09849548339844	124.52649688720703	124.81449890136719	124.3636703491211	36446000
2022-04-22	125.0	125.4020004272461	118.92500305175781	119.635498046875	119.203369140625	56884000
2022-04-25	119.10099792480469	123.27749633789062	118.51100158691406	123.0739974975586	122.62945556640625	46128000
2022-04-26	122.29450225830078	122.51000213623047	118.51100158691406	118.6500015258789	118.221435546875	73054000
2022-04-27	114.46949768066406	117.24199676513672	112.73650360107422	114.29450225830078	113.88166809082031	91820000
2022-04-28	116.41500091552734	119.64949798583984	114.11499786376953	118.52249908447266	118.09439086914062	48884000
2022-04-29	116.7344970703125	117.91999816894531	113.81449890136719	114.1094970703125	113.69733428955078	42676000
2022-05-02	113.40499877929688	116.74549865722656	112.5999984741211	116.58300018310547	116.16190338134766	35534000
2022-05-03	116.43049621582031	118.44200134277344	116.03450012207031	117.33399963378906	116.91018676757812	24968000
2022-05-04	117.03150177001953	122.85449981689453	115.11599731445312	122.26100158691406	121.81938934326172	49916000
2022-05-05	120.2040023803711	121.03900146484375	115.00550079345703	116.50550079345703	116.08468627929688	45840000
2022-05-06	115.18450164794922	117.57150268554688	114.0155029296875	115.74649810791016	115.32842254638672	39710000
2022-05-09	113.25	115.0770034790039	112.00050354003906	112.51100158691406	112.1046142578125	40802000
2022-05-10	115.50749969482422	116.25	112.90049743652344	114.3949966430664	113.98180389404297	39900000
2022-05-11	113.23650360107422	116.364501953125	113.23650360107422	113.60250091552734	113.19216918945312	37534000
2022-05-12	111.37750244140625	114.29499816894531	109.82450103759766	112.84400177001953	112.43640899658203	53836000
2022-05-13	114.53299713134766	117.875	113.6050033569336	116.05049896240234	115.6313247680664	35038000
2022-05-16	114.95549774169922	116.16999816894531	113.8895034790039	114.44499969482422	114.03162384033203	25990000
2022-05-17	116.84049987792969	116.9000015258789	114.87000274658203	116.4729995727539	116.05230712890625	23054000
2022-05-18	115.0	115.4000015258789	111.55549621582031	111.89949798583984	111.49531555175781	35126000
2022-05-19	111.43150329589844	113.01000213623047	110.0	110.38400268554688	109.98529815673828	34144000
2022-05-20	111.95099639892578	112.18350219726562	105.79650115966797	108.90799713134766	108.5146255493164	48962000
2022-05-23	109.5875015258789	112.14749908447266	108.74099731445312	111.48799896240234	111.0853042602539	37184000
2022-05-24	105.77200317382812	106.45850372314453	101.8844985961914	105.97000122070312	105.58724212646484	76780000
2022-05-25	104.9854965209961	106.5	103.85649871826172	105.80500030517578	105.4228286743164	40258000
2022-05-26	105.677001953125	108.64949798583984	105.2249984741211	107.7925033569336	107.40316009521484	37948000
2022-05-27	109.48300170898438	112.31800079345703	109.13849639892578	112.31649780273438	111.91081237792969	37914000
2022-05-31	112.74649810791016	115.73500061035156	112.07849884033203	113.76200103759766	113.35108947753906	50012000
2022-06-01	114.8550033569336	117.10150146484375	113.25	113.89199829101562	113.48062133789062	36606000
2022-06-02	114.0	117.89949798583984	112.94650268554688	117.62249755859375	117.19764709472656	37992000
2022-06-03	116.0625	116.32150268554688	113.51850128173828	114.54100036621094	114.12727355957031	26136000
2022-06-06	116.70449829101562	119.34700012207031	116.16400146484375	116.82050323486328	116.39854431152344	33542000
2022-06-07	115.48049926757812	117.69100189208984	115.052001953125	117.14949798583984	116.72635650634766	31590000
2022-06-08	116.7614974975586	118.57050323486328	116.5999984741211	117.19400024414062	116.77069854736328	26108000
2022-06-09	116.32749938964844	118.29900360107422	114.7760009765625	114.83550262451172	114.42071533203125	25798000
2022-06-10	112.44499969482422	113.27899932861328	110.36599731445312	111.1614990234375	110.7599868774414	41452000
2022-06-13	106.7864990234375	108.79149627685547	106.11900329589844	106.39250183105469	106.00820922851562	47252000
2022-06-14	106.53500366210938	107.92449951171875	105.80000305175781	106.71549987792969	106.33004760742188	33706000
2022-06-15	108.54499816894531	111.42350006103516	107.66950225830078	109.7645034790039	109.36803436279297	39698000
2022-06-16	107.22100067138672	108.64849853515625	105.13800048828125	106.03350067138672	105.6505126953125	51684000
2022-06-17	106.03350067138672	108.69950103759766	105.0459976196289	107.14350128173828	106.7564926147461	51376000
2022-06-21	108.92949676513672	112.489501953125	108.5999984741211	111.54399871826172	111.14110565185547	47416000
2022-06-22	110.55650329589844	113.34649658203125	110.38249969482422	111.48750305175781	111.08480834960938	30774000
2022-06-23	112.23149871826172	112.74250030517578	110.50050354003906	112.24199676513672	111.83657836914062	28362000
2022-06-24	112.99500274658203	118.0790023803711	112.95249938964844	117.9749984741211	117.54887390136719	41164000
2022-06-27	118.27300262451172	118.57949829101562	115.17949676513672	115.83350372314453	115.41511535644531	36420000
2022-06-28	115.80249786376953	117.30950164794922	111.8479995727539	112.00749969482422	111.6029281616211	35792000
2022-06-29	111.552001953125	113.1604995727539	110.87249755859375	111.70149993896484	111.29803466796875	24716000
2022-06-30	110.0	110.88800048828125	106.75	108.96299743652344	108.56941986083984	43170000
2022-07-01	107.93299865722656	109.25	106.73049926757812	108.73750305175781	108.34474182128906	35476000
2022-07-05	107.10050201416016	113.37699890136719	105.73149871826172	113.26300048828125	112.85389709472656	39342000
2022-07-06	113.302001953125	115.5895004272461	111.47599792480469	114.5719985961914	114.15816497802734	37432000
2022-07-07	115.08000183105469	119.18949890136719	114.83350372314453	118.78299713134766	118.35395050048828	40936000
2022-07-08	117.25	119.68499755859375	116.90149688720703	119.35350036621094	118.92239379882812	38238000
2022-07-11	117.99800109863281	117.99800109863281	115.33049774169922	115.67649841308594	115.25868225097656	31196000
2022-07-12	116.21499633789062	116.9739990234375	113.69000244140625	114.02050018310547	113.6086654663086	29960000
2022-07-13	111.70099639892578	114.19599914550781	111.20149993896484	111.35350036621094	110.9512939453125	43722000
2022-07-14	110.21050262451172	111.09300231933594	108.37300109863281	110.36750030517578	109.96885681152344	37004000
2022-07-15	112.00050354003906	113.1405029296875	110.9000015258789	111.77749633789062	111.3737564086914	46770000
2022-07-18	112.63999938964844	113.68000030517578	108.37000274658203	109.02999877929688	108.63617706298828	43164600
2022-07-19	110.8499984741211	114.0199966430664	109.55999755859375	113.80999755859375	113.39891815185547	36530900
2022-07-20	113.16999816894531	115.4000015258789	112.4800033569336	113.9000015258789	113.48859405517578	35600400
2022-07-21	114.27999877929688	114.55000305175781	111.11000061035156	114.33999633789062	113.927001953125	32676200
2022-07-22	111.0	112.33999633789062	106.5	107.9000015258789	107.51026916503906	48901200
2022-07-25	108.41000366210938	109.87000274658203	106.30000305175781	107.51000213623047	107.12167358398438	34690900
2022-07-26	106.5999984741211	107.19999694824219	104.06999969482422	105.0199966430664	104.64066314697266	47991000
2022-07-27	109.26000213623047	113.91000366210938	108.01000213623047	113.05999755859375	112.65162658691406	59858500
2022-07-28	112.37000274658203	114.33999633789062	111.45999908447266	114.22000122070312	113.80744171142578	32816600
2022-07-29	113.08000183105469	116.70999908447266	113.05999755859375	116.31999969482422	115.89985656738281	37223400
2022-08-01	115.30000305175781	116.72000122070312	114.33999633789062	114.86000061035156	114.44512939453125	26034300
2022-08-02	114.0	116.3499984741211	113.72000122070312	115.12999725341797	114.71414947509766	20236000
2022-08-03	115.70999908447266	118.62000274658203	115.4800033569336	118.08000183105469	117.65349578857422	28499000
2022-08-04	117.4800033569336	118.77999877929688	116.88999938964844	118.19000244140625	117.76309967041016	21602900
2022-08-05	116.2300033569336	118.11000061035156	116.0	117.47000122070312	117.04570007324219	19159500
2022-08-08	118.38999938964844	120.1500015258789	116.87999725341797	117.30000305175781	116.8763198852539	19138300
2022-08-09	117.13999938964844	117.31999969482422	115.70999908447266	116.62999725341797	116.20872497558594	19086500
2022-08-10	118.77999877929688	120.91999816894531	118.41000366210938	119.69999694824219	119.26763916015625	30930400
2022-08-11	121.27999877929688	121.48999786376953	118.55999755859375	118.83999633789062	118.4107437133789	24293700
2022-08-12	120.26000213623047	121.68000030517578	119.45999908447266	121.68000030517578	121.24049377441406	19096300
2022-08-15	121.12999725341797	122.30000305175781	120.61000061035156	122.08000183105469	121.63905334472656	19494800
2022-08-16	121.5199966430664	122.43000030517578	120.63999938964844	121.69999694824219	121.26042175292969	19041200
2022-08-17	120.12000274658203	121.29000091552734	119.37999725341797	119.55000305175781	119.1181869506836	22847000
2022-08-18	119.43000030517578	120.81999969482422	118.72000122070312	120.16999816894531	119.73594665527344	17987700
2022-08-19	119.05999755859375	119.1500015258789	116.76000213623047	117.20999908447266	116.78663635253906	21809500
2022-08-22	115.19999694824219	115.62999725341797	113.8499984741211	114.23999786376953	113.82736206054688	21456600
2022-08-23	113.4800033569336	115.01000213623047	113.43000030517578	113.86000061035156	113.44873809814453	15870400
2022-08-24	113.5	114.77999877929688	112.87000274658203	113.69000244140625	113.27935791015625	17734600
2022-08-25	114.23999786376953	116.72000122070312	114.11000061035156	116.6500015258789	116.2286605834961	16956800
2022-08-26	114.72000122070312	115.12000274658203	110.19000244140625	110.33999633789062	109.94145202636719	37245700
2022-08-29	109.98999786376953	110.94999694824219	108.80000305175781	109.41999816894531	109.0247802734375	21191200
2022-08-30	110.16999816894531	110.5	107.80000305175781	108.94000244140625	108.54651641845703	27513300
2022-08-31	110.6500015258789	110.8499984741211	108.12999725341797	108.22000122070312	107.82911682128906	28627000
2022-09-01	108.27999877929688	110.44999694824219	107.36000061035156	109.73999786376953	109.34362030029297	28360900
2022-09-02	110.58999633789062	110.73999786376953	107.26000213623047	107.8499984741211	107.46044158935547	24160700
2022-09-06	107.30000305175781	108.02999877929688	105.77999877929688	106.80999755859375	106.4241943359375	25068300
2022-09-07	107.05999755859375	109.9800033569336	106.9000015258789	109.44999694824219	109.0546646118164	23167000
2022-09-08	108.04000091552734	109.5999984741211	107.16000366210938	108.37999725341797	107.98853302001953	24238300
2022-09-09	109.06999969482422	110.98999786376953	109.0199966430664	110.6500015258789	110.25033569335938	23197700
2022-09-12	110.98999786376953	111.62000274658203	109.93000030517578	110.86000061035156	110.4595718383789	22966800
2022-09-13	107.80000305175781	108.30000305175781	104.08999633789062	104.31999969482422	103.94319915771484	38172900
2022-09-14	104.56999969482422	105.27999877929688	103.66000366210938	105.0	104.62074279785156	26395100
2022-09-15	104.02999877929688	105.2699966430664	102.3499984741211	102.91000366210938	102.53829956054688	34188300
2022-09-16	102.06999969482422	103.12999725341797	100.94000244140625	102.80000305175781	102.4286880493164	42797200
2022-09-19	101.75	103.33000183105469	101.55000305175781	103.06999969482422	102.69771575927734	23036800
2022-09-20	102.08000183105469	102.37000274658203	100.5199966430664	101.13999938964844	100.7746810913086	26517100
2022-09-21	101.66999816894531	102.87999725341797	99.2699966430664	99.27999877929688	98.92139434814453	31487300
2022-09-22	98.81999969482422	101.23999786376953	98.79000091552734	100.13999938964844	99.77828979492188	34298600
2022-09-23	99.62999725341797	99.66000366210938	97.47000122070312	98.73999786376953	98.38335418701172	31625400
2022-09-26	98.0999984741211	99.87999725341797	97.80000305175781	98.16999816894531	97.8154067993164	27072700
2022-09-27	99.43000030517578	100.0	96.87000274658203	97.5	97.1478271484375	30072800
2022-09-28	97.6500015258789	100.69999694824219	97.11000061035156	100.05000305175781	99.68862915039062	32466300
2022-09-29	98.63999938964844	98.63999938964844	95.95999908447266	97.41999816894531	97.068115234375	31047200
2022-09-30	97.05000305175781	98.9000015258789	95.55999755859375	95.6500015258789	95.30451202392578	32941500
2022-10-03	96.76000213623047	99.29000091552734	96.5199966430664	98.63999938964844	98.2837142944336	27982000
2022-10-04	100.44000244140625	101.83999633789062	100.37999725341797	101.63999938964844	101.27287292480469	28850800
2022-10-05	99.83000183105469	101.93000030517578	98.80000305175781	101.43000030517578	101.06363677978516	22176900
2022-10-06	100.68000030517578	102.93000030517578	100.58999633789062	101.41999816894531	101.05366516113281	22324000
2022-10-07	99.8499984741211	100.52999877929688	98.30000305175781	98.68000030517578	98.32357025146484	27502800
2022-10-10	99.0	99.0999984741211	97.01000213623047	97.86000061035156	97.50653076171875	18225100
2022-10-11	97.43000030517578	99.25	96.30999755859375	97.18000030517578	96.82898712158203	26507100
2022-10-12	97.30000305175781	98.75	96.73999786376953	97.55999755859375	97.20761108398438	21876400
2022-10-13	95.1500015258789	99.77999877929688	94.37999725341797	99.05999755859375	98.70219421386719	34574500
2022-10-14	99.98999786376953	100.69000244140625	96.37000274658203	96.55999755859375	96.21121978759766	25410700
2022-10-17	98.86000061035156	100.93000030517578	98.83000183105469	99.97000122070312	99.6089096069336	28419200
2022-10-18	103.12999725341797	103.47000122070312	99.97000122070312	100.7699966430664	100.40602111816406	24060700
2022-10-19	100.01000213623047	101.0199966430664	98.91999816894531	99.62999725341797	99.27013397216797	23811100
2022-10-20	100.0	102.31999969482422	99.38999938964844	99.97000122070312	99.6089096069336	25323200
2022-10-21	97.8499984741211	101.30999755859375	97.72000122070312	101.12999725341797	100.76471710205078	32458700
2022-10-24	101.80000305175781	102.75	99.9800033569336	102.5199966430664	102.14969635009766	27176400
2022-10-25	102.9000015258789	104.81999969482422	102.72000122070312	104.4800033569336	104.10262298583984	40611400
2022-10-26	96.43000030517578	98.30999755859375	94.69000244140625	94.93000030517578	94.58711242675781	88114100
2022-10-27	94.5199966430664	95.43000030517578	91.80000305175781	92.22000122070312	91.88690185546875	60710900
2022-10-28	92.2699966430664	96.55000305175781	92.12999725341797	96.29000091552734	95.94219970703125	43697300
2022-10-31	95.41999816894531	96.02999877929688	93.9800033569336	94.51000213623047	94.16863250732422	31675000
2022-11-01	95.44999694824219	96.02999877929688	90.37000274658203	90.47000122070312	90.14322662353516	47161400
2022-11-02	90.94000244140625	91.18000030517578	86.87999725341797	86.97000122070312	86.6558609008789	57038300
2022-11-03	86.31999969482422	86.5199966430664	83.33999633789062	83.43000030517578	83.12865447998047	61288000
2022-11-04	85.4000015258789	86.63999938964844	83.70999908447266	86.58000183105469	86.26728057861328	51124900
2022-11-07	87.27999877929688	88.9000015258789	86.8499984741211	88.48999786376953	88.17037200927734	34078900
2022-11-08	88.9000015258789	90.31999969482422	87.58999633789062	88.9000015258789	88.57889556884766	30429000
2022-11-09	88.44999694824219	89.44000244140625	87.27999877929688	87.31999969482422	87.00460815429688	31769100
2022-11-10	92.25	94.38999938964844	91.61000061035156	93.94000244140625	93.60069274902344	51620100
2022-11-11	94.69000244140625	96.93000030517578	93.91999816894531	96.41000366210938	96.061767578125	33090500
2022-11-14	95.08999633789062	96.79000091552734	94.51000213623047	95.69999694824219	95.35433197021484	30179500
2022-11-15	98.26000213623047	100.13999938964844	96.70999908447266	98.44000244140625	98.08444213867188	41640800
2022-11-16	97.9000015258789	99.63999938964844	97.63999938964844	98.8499984741211	98.49295806884766	29105200
2022-11-17	96.97000122070312	99.27999877929688	96.79000091552734	98.36000061035156	98.00472259521484	26052600
2022-11-18	98.7699966430664	98.9000015258789	96.37000274658203	97.43000030517578	97.07808685302734	28342300
2022-11-21	97.29000091552734	98.4000015258789	95.36000061035156	95.5999984741211	95.25469970703125	21647400
2022-11-22	95.94999694824219	97.22000122070312	94.05000305175781	97.05000305175781	96.69945526123047	23438500
2022-11-23	97.08999633789062	98.76000213623047	97.08999633789062	98.45999908447266	98.10436248779297	18868100
2022-11-25	98.23999786376953	98.63999938964844	97.4000015258789	97.45999908447266	97.10797119140625	9701400
2022-11-28	97.04000091552734	97.58000183105469	95.61000061035156	96.05000305175781	95.70307159423828	26237500
2022-11-29	95.7300033569336	96.12000274658203	94.11000061035156	95.19000244140625	94.84617614746094	20061700
2022-11-30	94.81999969482422	101.04000091552734	94.41999816894531	100.98999786376953	100.62522888183594	43647500
2022-12-01	101.0199966430664	102.25	100.25	100.98999786376953	100.62522888183594	28687100
2022-12-02	99.05000305175781	100.7699966430664	98.9000015258789	100.44000244140625	100.07720947265625	21480700
2022-12-05	99.4000015258789	101.37999725341797	99.0	99.4800033569336	99.12067413330078	24405100
2022-12-06	99.30000305175781	99.77999877929688	96.41999816894531	96.9800033569336	96.62971496582031	24910700
2022-12-07	96.41000366210938	96.87999725341797	94.72000122070312	94.94000244140625	94.59708404541016	31045400
2022-12-08	95.37999725341797	95.58000183105469	93.44999694824219	93.70999908447266	93.37151336669922	32213300
2022-12-09	93.7699966430664	94.26000213623047	92.75	92.83000183105469	92.49470520019531	28225400
2022-12-12	92.70999908447266	93.55999755859375	91.61000061035156	93.30999755859375	92.97296142578125	29420000
2022-12-13	97.76000213623047	99.52999877929688	95.02999877929688	95.62999725341797	95.28458404541016	40593700
2022-12-14	95.19999694824219	96.87000274658203	93.5999984741211	95.06999969482422	94.72660827636719	28733600
2022-12-15	93.12999725341797	93.63999938964844	90.01000213623047	90.86000061035156	90.53181457519531	40107000
2022-12-16	90.76000213623047	91.33000183105469	89.5199966430664	90.26000213623047	89.9339828491211	58011800
2022-12-19	90.26000213623047	90.55999755859375	88.20999908447266	88.44000244140625	88.12055969238281	29493000
2022-12-20	88.11000061035156	89.18000030517578	87.44000244140625	89.0199966430664	88.69845581054688	23453800
2022-12-21	89.08000183105469	90.22000122070312	88.31999969482422	89.58000183105469	89.25643920898438	24745600
2022-12-22	88.16000366210938	88.54000091552734	86.31999969482422	87.76000213623047	87.44300842285156	27658300
2022-12-23	87.11000061035156	89.55000305175781	87.06999969482422	89.2300033569336	88.90770721435547	23003000
2022-12-27	88.80000305175781	88.94000244140625	87.01000213623047	87.38999938964844	87.07434844970703	20097300
2022-12-28	86.9800033569336	88.04000091552734	85.94000244140625	86.0199966430664	85.70929718017578	19523200
2022-12-29	86.62000274658203	88.8499984741211	86.61000061035156	88.44999694824219	88.1305160522461	23333500
2022-12-30	86.9800033569336	88.30000305175781	86.56999969482422	88.2300033569336	87.91131591796875	23986300
2023-01-03	89.58999633789062	91.05000305175781	88.5199966430664	89.12000274658203	88.79810333251953	28131200
2023-01-04	90.3499984741211	90.6500015258789	87.2699966430664	88.08000183105469	87.76185607910156	34854800
2023-01-05	87.47000122070312	87.56999969482422	85.9000015258789	86.19999694824219	85.8886489868164	27194400
2023-01-06	86.79000091552734	87.69000244140625	84.86000061035156	87.33999633789062	87.02452850341797	41381500
2023-01-09	88.36000061035156	90.05000305175781	87.86000061035156	88.0199966430664	87.70206451416016	29003900
2023-01-10	85.9800033569336	88.66999816894531	85.83000183105469	88.41999816894531	88.10062408447266	30467800
2023-01-11	89.18000030517578	91.5999984741211	89.01000213623047	91.5199966430664	91.1894302368164	26862000
2023-01-12	91.4800033569336	91.87000274658203	89.75	91.12999725341797	90.80083465576172	30258100
2023-01-13	90.8499984741211	92.19000244140625	90.12999725341797	92.12000274658203	91.78726959228516	26329200
2023-01-17	92.05999755859375	92.25	90.05000305175781	91.29000091552734	90.96026611328125	32602400
2023-01-18	92.13999938964844	92.80000305175781	90.63999938964844	91.12000274658203	90.79087829589844	29116700
2023-01-19	90.72000122070312	93.61000061035156	90.62999725341797	93.05000305175781	92.71391296386719	37000400
2023-01-20	95.0999984741211	98.30000305175781	95.0199966430664	98.0199966430664	97.66594696044922	63191100
2023-01-23	97.94999694824219	100.04000091552734	97.5	99.79000091552734	99.4295654296875	40005100
2023-01-24	98.0999984741211	99.61000061035156	97.19999694824219	97.69999694824219	97.34710693359375	33078500
2023-01-25	95.56999969482422	96.16000366210938	93.76000213623047	95.22000122070312	94.8760757446289	42330000
2023-01-26	96.5	97.56999969482422	95.37999725341797	97.5199966430664	97.16775512695312	30114000
2023-01-27	97.30999755859375	100.31999969482422	97.30999755859375	99.37000274658203	99.01107788085938	33879800
2023-01-30	97.4800033569336	98.29000091552734	96.4000015258789	96.94000244140625	96.58985900878906	27226200
2023-01-31	96.87000274658203	98.87999725341797	96.81999969482422	98.83999633789062	98.48298645019531	29870700
2023-02-01	98.70999908447266	101.19000244140625	97.58000183105469	100.43000030517578	100.06725311279297	35531100
2023-02-02	105.80000305175781	107.8499984741211	105.61000061035156	107.73999786376953	107.35084533691406	69883800
2023-02-03	102.93000030517578	107.80999755859375	102.58000183105469	104.77999877929688	104.40153503417969	65309300
2023-02-06	102.4000015258789	104.36000061035156	101.87999725341797	102.9000015258789	102.52832794189453	31999600
2023-02-07	103.22000122070312	108.18000030517578	103.12000274658203	107.63999938964844	107.25120544433594	49010200
2023-02-08	102.05000305175781	103.13999938964844	98.04000091552734	99.37000274658203	99.01107788085938	94743500
2023-02-09	100.0	100.02999877929688	93.62999725341797	95.01000213623047	94.66682434082031	119455000
2023-02-10	95.44999694824219	96.75	94.25	94.56999969482422	94.22840881347656	54980700
2023-02-13	94.73999786376953	95.19999694824219	93.83999633789062	94.61000061035156	94.26826477050781	50076100
2023-02-14	94.43000030517578	94.8499984741211	92.26000213623047	94.68000030517578	94.33802032470703	54726100
2023-02-15	94.48999786376953	97.12000274658203	94.1500015258789	96.94000244140625	96.58985900878906	50169000
2023-02-16	95.37000274658203	97.68000030517578	94.73999786376953	95.51000213623047	95.1650161743164	42462600
2023-02-17	94.8499984741211	95.55999755859375	93.20999908447266	94.3499984741211	94.00920104980469	34284100
2023-02-21	93.0	93.0999984741211	91.72000122070312	91.79000091552734	91.45845794677734	33629300
2023-02-22	91.69999694824219	92.11000061035156	90.61000061035156	91.6500015258789	91.31896209716797	30884000
2023-02-23	91.91999816894531	91.94000244140625	89.76000213623047	90.88999938964844	90.56170654296875	41206400
2023-02-24	89.44000244140625	89.88999938964844	88.58000183105469	89.12999725341797	88.80805969238281	36585100
2023-02-27	89.87000274658203	90.16000366210938	89.33999633789062	89.87000274658203	89.54539489746094	27502300
2023-02-28	89.33000183105469	91.2300033569336	89.31999969482422	90.05999755859375	89.73470306396484	30142000
2023-03-01	89.9800033569336	91.02999877929688	89.66999816894531	90.36000061035156	90.03362274169922	31111200
2023-03-02	89.66000366210938	92.27999877929688	89.58999633789062	92.0	91.6677017211914	32204400
2023-03-03	92.4800033569336	93.7300033569336	92.44999694824219	93.6500015258789	93.31173706054688	35160100
2023-03-06	94.0199966430664	95.97000122070312	94.0	95.12999725341797	94.78638458251953	32639300
2023-03-07	94.9800033569336	95.66999816894531	93.52999877929688	93.86000061035156	93.52098083496094	27835500
2023-03-08	94.12000274658203	95.95999908447266	94.0	94.25	93.9095687866211	34103300
2023-03-09	94.05000305175781	95.52999877929688	91.9000015258789	92.31999969482422	91.98654174804688	28813500
2023-03-10	92.16999816894531	92.79000091552734	90.4000015258789	90.62999725341797	90.30264282226562	35941000
2023-03-13	90.08999633789062	92.56999969482422	89.41999816894531	91.11000061035156	90.78091430664062	37335600
2023-03-14	92.55999755859375	94.36000061035156	92.44000244140625	93.97000122070312	93.63057708740234	36050200
2023-03-15	93.22000122070312	96.93000030517578	92.63999938964844	96.11000061035156	95.76284790039062	50622100
2023-03-16	96.19999694824219	101.19000244140625	95.5	100.31999969482422	99.9576416015625	65492000
2023-03-17	100.26000213623047	102.83999633789062	100.0999984741211	101.62000274658203	101.2529525756836	61028500
2023-03-20	100.12000274658203	101.75	99.87000274658203	101.22000122070312	100.8543930053711	32960400
2023-03-21	101.25	105.0999984741211	101.22000122070312	104.91999816894531	104.54103088378906	42110300
2023-03-22	104.2699966430664	106.58999633789062	103.33000183105469	103.37000274658203	102.99663543701172	43427400
2023-03-23	105.05999755859375	106.30000305175781	104.45999908447266	105.5999984741211	105.21857452392578	40797800
2023-03-24	104.98999786376953	105.48999786376953	103.83999633789062	105.44000244140625	105.05915832519531	30393300
2023-03-27	104.62000274658203	104.76000213623047	101.93000030517578	102.45999908447266	102.08991241455078	31120900
2023-03-28	102.44000244140625	102.44999694824219	99.73999786376953	101.02999877929688	100.66508483886719	32057900
2023-03-29	102.27999877929688	102.48999786376953	100.6500015258789	101.38999938964844	101.0237808227539	28779600
2023-03-30	100.91000366210938	101.16000366210938	99.77999877929688	100.88999938964844	100.52558898925781	33086200
2023-03-31	101.30000305175781	103.88999938964844	101.04000091552734	103.7300033569336	103.35533905029297	36863400
2023-04-03	102.38999938964844	104.52999877929688	101.93000030517578	104.36000061035156	103.9830551147461	25035400
2023-04-04	104.33000183105469	105.58000183105469	104.04000091552734	104.72000122070312	104.34175109863281	24420100
2023-04-05	105.77999877929688	106.0999984741211	103.66000366210938	104.47000122070312	104.09266662597656	28290500
2023-04-06	105.26000213623047	109.16999816894531	104.33000183105469	108.41999816894531	108.02838897705078	48711500
2023-04-10	106.9800033569336	107.58999633789062	105.12000274658203	106.44000244140625	106.0555419921875	27067400
2023-04-11	106.55000305175781	106.7300033569336	104.68000030517578	105.3499984741211	104.96947479248047	26311800
2023-04-12	106.58000183105469	106.75	104.33999633789062	104.63999938964844	104.26203918457031	24370300
2023-04-13	105.83999633789062	107.48999786376953	105.83999633789062	107.43000030517578	107.04196166992188	24843600
2023-04-14	106.88999938964844	108.94000244140625	106.83999633789062	108.87000274658203	108.47676086425781	26578000
2023-04-17	104.66000366210938	106.16000366210938	104.5199966430664	105.97000122070312	105.58724212646484	37571200
2023-04-18	106.48999786376953	106.54000091552734	104.06999969482422	104.5	104.12254333496094	26596400
2023-04-19	103.58000183105469	104.9800033569336	103.06999969482422	104.18000030517578	103.80370330810547	20905700
2023-04-20	103.91000366210938	106.25	103.87000274658203	105.29000091552734	104.9096908569336	27820800
2023-04-21	105.47000122070312	106.0	104.77999877929688	105.41000366210938	105.02926635742188	25800100
2023-04-24	105.48999786376953	106.62999725341797	104.69999694824219	105.97000122070312	105.58724212646484	23542800
2023-04-25	105.83000183105469	106.69000244140625	103.83999633789062	103.8499984741211	103.47489929199219	46664100
2023-04-26	104.91999816894531	106.3499984741211	102.62999725341797	103.70999908447266	103.33540344238281	53347600
2023-04-27	104.44999694824219	108.37000274658203	103.54000091552734	107.58999633789062	107.20137786865234	50089200
2023-04-28	107.04000091552734	107.3499984741211	105.08999633789062	107.33999633789062	106.95228576660156	36139800
2023-05-01	106.83999633789062	107.98999786376953	106.81999969482422	107.19999694824219	106.81278991699219	26681700
2023-05-02	107.13999938964844	107.19999694824219	103.70999908447266	105.31999969482422	104.93958282470703	30997200
2023-05-03	105.52999877929688	107.48999786376953	104.95999908447266	105.41000366210938	105.02926635742188	21795400
2023-05-04	105.48999786376953	105.5999984741211	103.97000122070312	104.69000244140625	104.3118667602539	23419500
2023-05-05	104.81999969482422	105.87999725341797	104.11000061035156	105.56999969482422	105.18868255615234	26625100
2023-05-08	105.18000030517578	107.95999908447266	105.16000366210938	107.7699966430664	107.38072967529297	26511400
2023-05-09	108.38999938964844	110.1500015258789	107.19000244140625	107.3499984741211	106.96224975585938	36360100
2023-05-10	107.97000122070312	112.94000244140625	107.93000030517578	111.75	111.34635925292969	63153400
2023-05-11	115.4000015258789	117.91999816894531	114.41000366210938	116.56999969482422	116.1489486694336	78900000
2023-05-12	116.68000030517578	118.02999877929688	116.11000061035156	117.51000213623047	117.08555603027344	41073800
2023-05-15	116.11000061035156	118.4800033569336	116.01000213623047	116.51000213623047	116.08917236328125	36266800
2023-05-16	116.48999786376953	120.75	116.43000030517578	119.51000213623047	119.07833099365234	45035600
2023-05-17	119.61000061035156	121.66999816894531	118.88999938964844	120.83999633789062	120.40352630615234	33323600
2023-05-18	120.94999694824219	123.30999755859375	120.83000183105469	122.83000183105469	122.38634490966797	35234200
2023-05-19	123.55000305175781	125.97000122070312	122.1500015258789	122.76000213623047	122.31658935546875	41330300
2023-05-22	122.94000244140625	126.43000030517578	122.73999786376953	125.05000305175781	124.59832763671875	35253000
2023-05-23	124.16000366210938	124.62999725341797	122.20999908447266	122.55999755859375	122.1173095703125	34046300
2023-05-24	121.12000274658203	121.91000366210938	119.86000061035156	120.9000015258789	120.46331024169922	34182600
2023-05-25	124.5199966430664	125.31999969482422	121.95999908447266	123.4800033569336	123.03398895263672	42317000
2023-05-26	123.16999816894531	125.26000213623047	122.44999694824219	124.61000061035156	124.159912109375	35635900
2023-05-30	125.63999938964844	125.66000366210938	122.0	123.66999816894531	123.22330474853516	35076700
2023-05-31	122.75	124.05999755859375	122.5	122.87000274658203	122.42620086669922	37325800
2023-06-01	122.81999969482422	124.41999816894531	122.62000274658203	123.72000122070312	123.27312469482422	30772700
2023-06-02	123.98999786376953	126.1500015258789	123.76000213623047	124.66999816894531	124.21969604492188	26963100
2023-06-05	124.01000213623047	127.43000030517578	123.83999633789062	126.01000213623047	125.55486297607422	32305500
2023-06-06	126.01000213623047	128.2899932861328	125.36000061035156	127.30999755859375	126.85015869140625	26638300
2023-06-07	126.97000122070312	129.0399932861328	122.12000274658203	122.5	122.05752563476562	52539000
2023-06-08	122.2300033569336	123.2300033569336	121.23999786376953	122.13999938964844	121.6988296508789	29389200
2023-06-09	122.25	123.76000213623047	121.91000366210938	122.2300033569336	121.78851318359375	23762500
2023-06-12	122.79000091552734	124.05000305175781	121.66000366210938	123.63999938964844	123.19340515136719	28306400
2023-06-13	124.9800033569336	125.16000366210938	123.18000030517578	123.83000183105469	123.38273620605469	22278300
2023-06-14	123.0999984741211	124.05000305175781	121.44999694824219	123.66999816894531	123.22330474853516	30592300
2023-06-15	123.13999938964844	125.45999908447266	122.4000015258789	125.08999633789062	124.63817596435547	35246300
2023-06-16	125.93000030517578	126.11000061035156	123.27999877929688	123.52999877929688	123.08381652832031	45514000
2023-06-20	122.93000030517578	124.56999969482422	122.13999938964844	123.0999984741211	122.65535736083984	26097500
2023-06-21	122.4000015258789	122.66000366210938	120.0999984741211	120.55000305175781	120.11457824707031	30306300
2023-06-22	120.0	123.23999786376953	118.83000183105469	123.1500015258789	122.70518493652344	26952200
2023-06-23	121.37999725341797	122.79000091552734	121.05999755859375	122.33999633789062	121.89810943603516	34885300
2023-06-26	120.76000213623047	122.0	118.2699966430664	118.33999633789062	117.91255187988281	33969900
2023-06-27	117.08000183105469	119.08000183105469	116.0999984741211	118.33000183105469	117.90259552001953	39535900
2023-06-28	117.08999633789062	120.38999938964844	116.8499984741211	120.18000030517578	119.74591064453125	27091400
2023-06-29	119.23999786376953	120.05999755859375	118.30000305175781	119.0999984741211	118.66980743408203	24090900
2023-06-30	120.16999816894531	121.08000183105469	119.69000244140625	119.69999694824219	119.26763916015625	29519700
2023-07-03	119.23999786376953	120.19000244140625	118.81999969482422	119.9000015258789	119.46692657470703	14467900
2023-07-05	119.23999786376953	122.61000061035156	119.2300033569336	121.75	121.31024169921875	27584800
2023-07-06	119.80000305175781	120.30000305175781	118.4000015258789	120.11000061035156	119.67616271972656	24745200
2023-07-07	120.0999984741211	121.05000305175781	119.4000015258789	119.4800033569336	119.0484390258789	21692600
2023-07-10	118.30000305175781	118.30999755859375	116.13999938964844	116.44999694824219	116.02938079833984	35315200
2023-07-11	116.29000091552734	117.70999908447266	115.3499984741211	117.13999938964844	116.7168960571289	23078800
2023-07-12	118.80000305175781	120.33000183105469	118.41000366210938	118.93000030517578	118.50042724609375	30404400
2023-07-13	120.93000030517578	124.83000183105469	120.44999694824219	124.54000091552734	124.09016418457031	44297900
2023-07-14	124.80000305175781	126.77999877929688	123.48999786376953	125.41999816894531	124.96697998046875	33266800
2023-07-17	125.94000244140625	127.0999984741211	124.19999694824219	124.6500015258789	124.19976806640625	25716200
2023-07-18	124.5999984741211	124.68000030517578	122.95999908447266	123.76000213623047	123.31298065185547	26226400
2023-07-19	124.5999984741211	125.18000030517578	121.80000305175781	122.02999877929688	121.58922576904297	37224000
2023-07-20	121.41999816894531	124.08999633789062	118.22000122070312	119.19999694824219	118.76944732666016	37906800
2023-07-21	120.62000274658203	120.98999786376953	118.7300033569336	120.0199966430664	119.58648681640625	72937900
2023-07-24	121.66000366210938	123.0	120.9800033569336	121.52999877929688	121.09103393554688	29686100
2023-07-25	121.36000061035156	123.1500015258789	121.0199966430664	122.20999908447266	121.7685775756836	52509600
2023-07-26	130.07000732421875	130.97999572753906	128.32000732421875	129.27000427246094	128.80308532714844	61682100
2023-07-27	131.6699981689453	133.24000549316406	128.7899932861328	129.39999389648438	128.93260192871094	44952100
2023-07-28	130.77999877929688	133.74000549316406	130.57000732421875	132.5800018310547	132.1011199951172	36591200
2023-07-31	132.72999572753906	133.52999877929688	131.77999877929688	132.72000122070312	132.24061584472656	28055500
2023-08-01	130.77999877929688	132.6300048828125	130.67999267578125	131.5500030517578	131.07484436035156	23166800
2023-08-02	129.4499969482422	130.08999633789062	127.55999755859375	128.3800048828125	127.91629028320312	26273300
2023-08-03	127.97000122070312	129.38999938964844	127.41999816894531	128.4499969482422	127.98603820800781	20089500
2023-08-04	129.27999877929688	131.50999450683594	127.91000366210938	128.11000061035156	127.64727020263672	26130000
2023-08-07	129.16000366210938	131.61000061035156	129.02000427246094	131.52999877929688	131.05491638183594	22746300
2023-08-08	130.6199951171875	131.50999450683594	129.5399932861328	131.39999389648438	130.9253692626953	23535200
2023-08-09	131.66000366210938	132.0399932861328	129.0	129.66000366210938	129.19166564941406	24912900
2023-08-10	131.32000732421875	132.0500030517578	129.4499969482422	129.69000244140625	129.22157287597656	20857800
2023-08-11	128.66000366210938	129.92999267578125	128.1699981689453	129.55999755859375	129.09202575683594	19569200
2023-08-14	129.38999938964844	131.3699951171875	128.9600067138672	131.3300018310547	130.8556365966797	24695600
2023-08-15	131.10000610351562	131.4199981689453	129.27999877929688	129.77999877929688	129.3112335205078	19770700
2023-08-16	128.6999969482422	130.27999877929688	127.87000274658203	128.6999969482422	128.23512268066406	25216100
2023-08-17	129.8000030517578	131.99000549316406	129.2899932861328	129.9199981689453	129.4507293701172	33446300
2023-08-18	128.50999450683594	129.25	126.37999725341797	127.45999908447266	126.9996109008789	30491300
2023-08-21	127.18000030517578	128.72999572753906	126.55999755859375	128.3699951171875	127.90632629394531	25248700
2023-08-22	128.50999450683594	130.27999877929688	128.32000732421875	129.0800018310547	128.61375427246094	22067500
2023-08-23	130.17999267578125	133.41000366210938	129.8699951171875	132.3699951171875	131.89187622070312	27819700
2023-08-24	133.9499969482422	134.25	129.57000732421875	129.77999877929688	129.3112335205078	28500700
2023-08-25	129.5399932861328	130.75999450683594	127.25	129.8800048828125	129.41087341308594	26762900
2023-08-28	131.30999755859375	132.5399932861328	130.13999938964844	131.00999450683594	130.5367889404297	20543300
2023-08-29	132.24000549316406	136.57000732421875	132.24000549316406	134.57000732421875	134.0839385986328	43075600
2023-08-30	134.77999877929688	136.27999877929688	134.07000732421875	135.8800048828125	135.3892059326172	28315800
2023-08-31	136.00999450683594	138.0	135.7899932861328	136.1699981689453	135.6781463623047	30053800
2023-09-01	137.4600067138672	137.4600067138672	134.85000610351562	135.66000366210938	135.1699981689453	21524600
2023-09-05	135.44000244140625	136.4199981689453	134.5800018310547	135.77000427246094	135.27960205078125	19403100
2023-09-06	136.02000427246094	136.52999877929688	133.6699981689453	134.4600067138672	133.97433471679688	18684500
2023-09-07	133.58999633789062	135.5800018310547	132.9499969482422	135.25999450683594	134.7714385986328	18844300
2023-09-08	134.91000366210938	136.66000366210938	134.85000610351562	136.3800048828125	135.8874053955078	23558300
2023-09-11	136.5399932861328	137.47999572753906	135.7899932861328	136.9199981689453	136.42544555664062	20763400
2023-09-12	136.25999450683594	136.8699951171875	135.19000244140625	135.33999633789062	134.8511505126953	18405500
2023-09-13	135.08999633789062	136.89999389648438	134.14999389648438	136.7100067138672	136.21621704101562	20749500
2023-09-14	137.60000610351562	138.6999969482422	136.24000549316406	138.10000610351562	137.6011962890625	24751000
2023-09-15	137.97999572753906	138.52000427246094	136.47999572753906	137.39999389648438	136.90370178222656	38908400
2023-09-18	136.61000061035156	139.16000366210938	136.61000061035156	138.2100067138672	137.71078491210938	21861300
2023-09-19	137.4199981689453	138.41000366210938	136.6199951171875	138.0399932861328	137.54139709472656	20353700
2023-09-20	138.0800018310547	138.0800018310547	133.6199951171875	133.74000549316406	133.25694274902344	29927500
2023-09-21	131.44000244140625	132.22999572753906	130.07000732421875	130.44000244140625	129.96885681152344	31488700
2023-09-22	130.75999450683594	132.02999877929688	129.60000610351562	130.25	129.779541015625	26397300
2023-09-25	129.8300018310547	131.1699981689453	128.9600067138672	131.11000061035156	130.6364288330078	20094600
2023-09-26	129.77000427246094	130.36000061035156	127.22000122070312	128.57000732421875	128.10562133789062	25718700
2023-09-27	128.57000732421875	130.89999389648438	128.57000732421875	130.5399932861328	130.0684814453125	22746500
2023-09-28	129.83999633789062	133.3000030517578	129.7899932861328	132.30999755859375	131.83209228515625	22513100
2023-09-29	133.27999877929688	134.0500030517578	130.36000061035156	130.86000061035156	130.3873291015625	30848100
2023-10-02	131.2100067138672	134.4199981689453	131.1699981689453	134.1699981689453	133.68536376953125	22288000
2023-10-03	133.94000244140625	134.25999450683594	131.83999633789062	132.42999267578125	131.95166015625	22989400
2023-10-04	132.7899932861328	135.57000732421875	132.52999877929688	135.24000549316406	134.75152587890625	26752300
2023-10-05	135.07000732421875	135.49000549316406	133.4499969482422	135.07000732421875	134.58213806152344	19832600
2023-10-06	134.00999450683594	138.16000366210938	134.00999450683594	137.5800018310547	137.08306884765625	27583200
2023-10-09	136.94000244140625	138.94000244140625	135.61000061035156	138.4199981689453	137.92002868652344	19278100
2023-10-10	138.5	139.72000122070312	137.3300018310547	138.05999755859375	137.5613250732422	27786600
2023-10-11	138.5800018310547	141.11000061035156	138.5800018310547	140.5500030517578	140.04234313964844	25884300
2023-10-12	141.0500030517578	141.22000122070312	138.25999450683594	138.97000122070312	138.46803283691406	24765500
2023-10-13	139.3800048828125	140.0	136.6199951171875	137.36000061035156	136.86386108398438	23420500
2023-10-16	138.1699981689453	139.6300048828125	137.99000549316406	139.10000610351562	138.5975799560547	28501900
2023-10-17	138.6300048828125	139.89999389648438	137.17999267578125	139.72000122070312	139.21533203125	23515800
2023-10-18	139.4499969482422	140.72000122070312	137.3800048828125	137.9600067138672	137.46170043945312	23375000
2023-10-19	138.5	139.66000366210938	137.3800048828125	137.75	137.25245666503906	26066000
2023-10-20	137.3300018310547	137.8699951171875	135.0800018310547	135.60000610351562	135.11021423339844	26315200
2023-10-23	135.0399932861328	137.66000366210938	133.9499969482422	136.5	136.0069580078125	26317900
2023-10-24	137.8300018310547	139.36000061035156	137.4199981689453	138.80999755859375	138.30860900878906	44814300
2023-10-25	128.16000366210938	128.30999755859375	125.06999969482422	125.61000061035156	125.15630340576172	84366200
2023-10-26	123.2699966430664	124.33000183105469	121.2699966430664	122.27999877929688	121.83832550048828	57061100
2023-10-27	122.87999725341797	123.30999755859375	120.20999908447266	122.16999816894531	121.72872161865234	44566500
2023-10-30	123.20999908447266	125.4000015258789	122.75	124.45999908447266	124.01044464111328	28940100
2023-10-31	125.05999755859375	125.37000274658203	122.69000244140625	124.08000183105469	123.63182067871094	26292300
2023-11-01	124.06999969482422	126.48999786376953	123.72000122070312	126.44999694824219	125.99327087402344	30082400
2023-11-02	128.4199981689453	128.97999572753906	126.93000030517578	127.48999786376953	127.02951049804688	27124600
2023-11-03	128.02000427246094	129.52999877929688	127.86000061035156	129.10000610351562	128.63369750976562	26380100
2023-11-06	129.0500030517578	130.33999633789062	128.6699981689453	130.25	129.779541015625	19052700
2023-11-07	130.7100067138672	131.91000366210938	129.8800048828125	130.97000122070312	130.4969482421875	29757300
2023-11-08	130.97000122070312	132.2100067138672	130.77999877929688	131.83999633789062	131.36378479003906	26425800
2023-11-09	131.9600067138672	132.5500030517578	130.07000732421875	130.24000549316406	129.7695770263672	23747800
2023-11-10	130.10000610351562	132.8000030517578	129.41000366210938	132.58999633789062	132.111083984375	26913300
2023-11-13	131.77999877929688	132.58999633789062	131.25	132.08999633789062	131.61289978027344	18324800
2023-11-14	134.19000244140625	135.6999969482422	133.32000732421875	133.6199951171875	133.13735961914062	32395200
2023-11-15	134.8699951171875	135.02999877929688	133.57000732421875	134.6199951171875	134.1337432861328	23861500
2023-11-16	135.19000244140625	137.22000122070312	134.32000732421875	136.92999267578125	136.43539428710938	28013200
2023-11-17	136.0	136.05999755859375	133.64999389648438	135.30999755859375	134.82127380371094	37240600
2023-11-20	133.69000244140625	136.66000366210938	133.6199951171875	136.25	135.7578582763672	27815500
2023-11-21	136.2899932861328	137.17999267578125	135.9600067138672	136.97000122070312	136.4752655029297	22635300
2023-11-22	137.47000122070312	139.4199981689453	137.47000122070312	138.49000549316406	137.98977661132812	17813900
2023-11-24	138.02999877929688	138.1300048828125	135.99000549316406	136.69000244140625	136.19627380371094	12514300
2023-11-27	136.02999877929688	138.4199981689453	136.0	136.41000366210938	135.9172821044922	23436500
2023-11-28	136.0800018310547	137.25	135.4199981689453	137.1999969482422	136.70443725585938	18730000
2023-11-29	137.57000732421875	138.2899932861328	134.83999633789062	134.99000549316406	134.50242614746094	23967200
2023-11-30	135.0500030517578	135.5500030517578	131.27999877929688	132.52999877929688	132.05130004882812	38988300
2023-12-01	131.86000061035156	132.11000061035156	130.6699981689453	131.86000061035156	131.3837127685547	31431200
2023-12-04	129.8800048828125	130.02999877929688	127.9000015258789	129.27000427246094	128.80308532714844	36669900
2023-12-05	128.9499969482422	132.13999938964844	128.25	130.99000549316406	130.51687622070312	27384800
2023-12-06	131.44000244140625	131.83999633789062	129.8800048828125	130.02000427246094	129.5503692626953	23576200
2023-12-07	135.0399932861328	138.55999755859375	134.6999969482422	136.92999267578125	136.43539428710938	56767100
2023-12-08	134.1999969482422	136.39999389648438	134.02999877929688	134.99000549316406	134.50242614746094	32233900
2023-12-11	132.3800048828125	133.33999633789062	131.36000061035156	133.2899932861328	132.80856323242188	31138000
2023-12-12	131.80999755859375	133.0	131.25999450683594	132.52000427246094	132.0413360595703	29032800
2023-12-13	133.3800048828125	133.5	131.57000732421875	132.57000732421875	132.09117126464844	30104800
2023-12-14	133.3800048828125	133.72000122070312	129.69000244140625	131.94000244140625	131.46343994140625	38722400
2023-12-15	131.6199951171875	133.50999450683594	131.17999267578125	132.60000610351562	132.1210479736328	50815200
2023-12-18	132.6300048828125	137.14999389648438	132.42999267578125	135.8000030517578	135.3094940185547	32258000
2023-12-19	136.83999633789062	137.47000122070312	136.0800018310547	136.64999389648438	136.15640258789062	25476800
2023-12-20	138.97000122070312	141.6999969482422	138.07000732421875	138.33999633789062	137.84031677246094	49107200
2023-12-21	139.49000549316406	140.69000244140625	139.17999267578125	140.4199981689453	139.9127960205078	27488300
2023-12-22	140.77000427246094	141.99000549316406	140.7100067138672	141.49000549316406	140.97894287109375	26514600
2023-12-26	141.58999633789062	142.67999267578125	141.19000244140625	141.52000427246094	141.0088348388672	16780300
2023-12-27	141.58999633789062	142.0800018310547	139.88999938964844	140.3699951171875	139.86297607421875	19628600
2023-12-28	140.77999877929688	141.13999938964844	139.75	140.22999572753906	139.72348022460938	16045700
2023-12-29	139.6300048828125	140.36000061035156	138.77999877929688	139.69000244140625	139.18544006347656	18727200
2024-01-02	138.5500030517578	139.4499969482422	136.47999572753906	138.1699981689453	137.67092895507812	23711200
2024-01-03	137.25	139.6300048828125	137.0800018310547	138.9199981689453	138.41822814941406	24212100
2024-01-04	138.4199981689453	139.16000366210938	136.35000610351562	136.38999938964844	135.89736938476562	27137700
2024-01-05	136.75	137.16000366210938	135.14999389648438	135.72999572753906	135.23973083496094	22506000
2024-01-08	136.2899932861328	139.00999450683594	136.25999450683594	138.83999633789062	138.33851623535156	21404000
2024-01-09	138.5	141.49000549316406	138.14999389648438	140.9499969482422	140.44088745117188	24759600
2024-01-10	141.0	143.0	140.91000366210938	142.27999877929688	141.76609802246094	21320200
2024-01-11	143.49000549316406	145.22000122070312	140.63999938964844	142.0800018310547	141.5668182373047	24008700
2024-01-12	142.6699981689453	143.1999969482422	141.82000732421875	142.64999389648438	142.13475036621094	18768600
2024-01-16	142.0	144.35000610351562	141.4499969482422	142.49000549316406	141.97532653808594	22670500
2024-01-17	141.35000610351562	141.83999633789062	138.89999389648438	141.47000122070312	140.95901489257812	20968600
2024-01-18	142.0500030517578	144.2100067138672	141.99000549316406	143.47999572753906	142.96176147460938	25746400
2024-01-19	144.74000549316406	146.4499969482422	144.3800048828125	146.3800048828125	145.8512725830078	33300700
2024-01-22	147.10000610351562	148.38999938964844	145.83999633789062	145.99000549316406	145.46267700195312	32200400
2024-01-23	145.88999938964844	147.17999267578125	145.5	147.0399932861328	146.50889587402344	21636100
2024-01-24	148.5399932861328	149.85000610351562	148.10000610351562	148.6999969482422	148.1628875732422	25233500
2024-01-25	150.07000732421875	153.0500030517578	149.5399932861328	151.8699951171875	151.32144165039062	29149100
2024-01-26	151.10000610351562	152.5399932861328	151.00999450683594	152.19000244140625	151.64028930664062	26115500
2024-01-29	152.05999755859375	153.77999877929688	151.42999267578125	153.50999450683594	152.9555206298828	27784300
2024-01-30	152.8000030517578	153.6199951171875	151.19000244140625	151.4600067138672	150.91293334960938	36331800
2024-01-31	143.6199951171875	144.0	139.8699951171875	140.10000610351562	139.59396362304688	71910000
2024-02-01	142.1199951171875	143.05999755859375	140.7899932861328	141.16000366210938	140.650146484375	40466500
2024-02-02	139.25999450683594	142.6199951171875	136.5	142.3800048828125	141.86572265625	62470600
2024-02-05	142.82000732421875	145.47000122070312	142.77999877929688	143.67999267578125	143.16102600097656	38505400
2024-02-06	144.64999389648438	145.36000061035156	143.19000244140625	144.10000610351562	143.5795135498047	29128200
2024-02-07	144.75999450683594	145.6199951171875	143.92999267578125	145.5399932861328	145.01429748535156	25208900
2024-02-08	145.8300018310547	146.3300018310547	145.10000610351562	145.91000366210938	145.38296508789062	22563800
2024-02-09	146.67999267578125	149.44000244140625	146.17999267578125	149.0	148.46182250976562	26829500
2024-02-12	148.4199981689453	149.33999633789062	147.3699951171875	147.52999877929688	146.99713134765625	21564100
2024-02-13	144.9199981689453	146.6699981689453	143.69000244140625	145.13999938964844	144.61575317382812	27837700
2024-02-14	146.0800018310547	146.52000427246094	144.08999633789062	145.94000244140625	145.41285705566406	22704200
2024-02-15	143.13999938964844	143.52000427246094	140.4600067138672	142.77000427246094	142.2543182373047	37590700
2024-02-16	142.99000549316406	143.19000244140625	140.13999938964844	140.52000427246094	140.012451171875	31451100
2024-02-20	139.66000366210938	142.0800018310547	139.49000549316406	141.1199951171875	140.6102752685547	25144700
2024-02-21	141.4499969482422	142.69000244140625	140.67999267578125	142.5500030517578	142.0351104736328	23315700
2024-02-22	144.92999267578125	145.0	142.8000030517578	144.08999633789062	143.56954956054688	27191900
2024-02-23	143.6699981689453	144.67999267578125	143.42999267578125	143.9600067138672	143.44003295898438	19493800
2024-02-26	142.13999938964844	142.44000244140625	137.38999938964844	137.57000732421875	137.07310485839844	53641800
2024-02-27	138.02000427246094	139.25	137.08999633789062	138.8800048828125	138.3783721923828	33099200
2024-02-28	137.89999389648438	138.00999450683594	135.41000366210938	136.3800048828125	135.8874053955078	37328600
2024-02-29	137.27999877929688	138.86000061035156	136.39999389648438	138.4600067138672	137.95989990234375	42133000
2024-03-01	138.42999267578125	138.8699951171875	136.9199981689453	137.13999938964844	136.6446533203125	31119500
2024-03-04	135.66000366210938	135.66000366210938	131.91000366210938	133.35000610351562	132.86834716796875	55999400
2024-03-05	131.8800048828125	133.24000549316406	130.6699981689453	132.6699981689453	132.1907958984375	40194800
2024-03-06	133.1199951171875	133.5800018310547	130.85000610351562	131.39999389648438	130.9253692626953	35318600
2024-03-07	132.7899932861328	134.94000244140625	131.61000061035156	134.3800048828125	133.89462280273438	37738200
2024-03-08	134.2100067138672	138.08999633789062	134.0	135.41000366210938	134.9208984375	39343100
2024-03-11	136.1300048828125	139.10000610351562	136.1300048828125	137.6699981689453	137.17274475097656	32437800
2024-03-12	137.02999877929688	139.3800048828125	137.02999877929688	138.5	137.99974060058594	27563400
2024-03-13	139.0	141.08999633789062	138.99000549316406	139.7899932861328	139.28506469726562	23347200
2024-03-14	141.19000244140625	143.58999633789062	140.4600067138672	143.10000610351562	142.5831298828125	42753400
2024-03-15	142.5	143.17999267578125	140.02999877929688	141.17999267578125	140.6700439453125	49460600
2024-03-18	148.61000061035156	152.14999389648438	147.1699981689453	147.67999267578125	147.14659118652344	69273700
2024-03-19	148.16000366210938	148.7899932861328	146.0800018310547	147.02999877929688	146.49891662597656	24070400
2024-03-20	148.0	148.86000061035156	146.74000549316406	148.74000549316406	148.2027587890625	21311500
2024-03-21	149.47000122070312	150.3699951171875	146.89999389648438	147.60000610351562	147.06689453125	24755600
2024-03-22	149.1199951171875	151.5800018310547	148.97999572753906	150.77000427246094	150.22543334960938	29175700
2024-03-25	149.94000244140625	150.3800048828125	147.82000732421875	150.07000732421875	149.5279541015625	19229300
2024-03-26	150.22000122070312	152.25999450683594	149.97999572753906	150.6699981689453	150.1257781982422	22149100
2024-03-27	151.17999267578125	151.63999938964844	148.89999389648438	150.8699951171875	150.32504272460938	22879200
2024-03-28	150.85000610351562	151.42999267578125	150.1699981689453	150.92999267578125	150.3848419189453	24485400
2024-04-01	150.69000244140625	155.74000549316406	150.61000061035156	155.49000549316406	154.9283905029297	31730800
2024-04-02	153.5	154.6999969482422	152.14999389648438	154.55999755859375	154.00172424316406	24586000
2024-04-03	153.60000610351562	155.0800018310547	152.72999572753906	154.9199981689453	154.36041259765625	24705000
2024-04-04	153.5	154.77000427246094	150.4499969482422	150.52999877929688	149.98629760742188	34724700
2024-04-05	150.02999877929688	153.4199981689453	149.60000610351562	152.5	151.9491729736328	23449300
2024-04-08	152.77999877929688	155.27000427246094	152.61000061035156	154.85000610351562	154.2906951904297	20702000
2024-04-09	156.08999633789062	158.55999755859375	155.19000244140625	156.60000610351562	156.03436279296875	31113000
2024-04-10	156.2100067138672	156.61000061035156	154.67999267578125	156.13999938964844	155.57603454589844	22838600
2024-04-11	156.91000366210938	159.67999267578125	156.4600067138672	159.41000366210938	158.83421325683594	27166400
2024-04-12	157.9600067138672	160.22000122070312	157.13999938964844	157.72999572753906	157.1602783203125	25329200
2024-04-15	158.86000061035156	159.24000549316406	154.58999633789062	154.86000061035156	154.3006591796875	27136500
2024-04-16	154.19000244140625	155.64999389648438	153.42999267578125	154.39999389648438	153.84228515625	20779500
2024-04-17	155.6199951171875	157.0800018310547	154.5800018310547	155.47000122070312	154.908447265625	21763100
2024-04-18	155.33999633789062	156.94000244140625	154.6199951171875	156.00999450683594	155.44650268554688	19883000
2024-04-19	156.1999969482422	156.36000061035156	152.3000030517578	154.08999633789062	153.53343200683594	32239100
2024-04-22	154.30999755859375	157.63999938964844	154.05999755859375	156.27999877929688	155.71551513671875	26446200
2024-04-23	156.9600067138672	158.97000122070312	156.27999877929688	158.25999450683594	157.68836975097656	21151600
2024-04-24	157.49000549316406	159.57000732421875	157.1699981689453	159.1300048828125	158.55523681640625	22779100
2024-04-25	151.3300018310547	156.49000549316406	150.8699951171875	156.0	155.4365234375	57109700
2024-04-26	174.3699951171875	174.7100067138672	169.64999389648438	171.9499969482422	171.32891845703125	64665300
2024-04-29	169.05999755859375	169.5500030517578	165.2100067138672	166.14999389648438	165.54986572265625	45610000
2024-04-30	165.61000061035156	168.10000610351562	162.60000610351562	162.77999877929688	162.19204711914062	33562900
2024-05-01	164.3000030517578	167.1199951171875	163.08999633789062	163.86000061035156	163.2681427001953	33493200
2024-05-02	164.7899932861328	166.72999572753906	163.88999938964844	166.6199951171875	166.01817321777344	24294500
2024-05-03	167.55999755859375	167.9600067138672	163.0500030517578	167.24000549316406	166.6359405517578	34662400
2024-05-06	167.4600067138672	168.13999938964844	166.02999877929688	168.10000610351562	167.49282836914062	21871300
2024-05-07	168.5	171.75999450683594	168.38999938964844	171.25	170.63143920898438	28039700
2024-05-08	169.0	170.14999389648438	168.74000549316406	169.3800048828125	168.76820373535156	19569100
2024-05-09	169.38999938964844	170.69000244140625	168.17999267578125	169.9600067138672	169.3461151123047	15346700
2024-05-10	168.02999877929688	169.85000610351562	166.19000244140625	168.64999389648438	168.04083251953125	29799900
2024-05-13	164.25999450683594	169.27999877929688	164.0	169.13999938964844	168.52906799316406	31327600
2024-05-14	169.77000427246094	171.25	168.8000030517578	170.33999633789062	169.7247314453125	25127100
2024-05-15	170.6300048828125	172.64999389648438	170.50999450683594	172.50999450683594	171.8868865966797	26948400
2024-05-16	173.2899932861328	175.1199951171875	172.69000244140625	174.17999267578125	173.5508575439453	27867900
2024-05-17	174.17999267578125	176.27000427246094	173.69000244140625	176.05999755859375	175.424072265625	24479300
2024-05-20	176.19000244140625	178.77000427246094	176.0800018310547	176.9199981689453	176.2809600830078	22554400
2024-05-21	176.89999389648438	178.14999389648438	175.80999755859375	177.85000610351562	177.20762634277344	16989400
2024-05-22	176.63999938964844	177.14999389648438	175.2100067138672	176.3800048828125	175.742919921875	17880000
2024-05-23	177.07000732421875	178.25	172.9499969482422	173.5500030517578	172.9231414794922	21024900
2024-05-24	174.97999572753906	175.77000427246094	173.64999389648438	174.99000549316406	174.35794067382812	16572500
2024-05-28	174.4499969482422	177.27000427246094	174.3699951171875	176.39999389648438	175.76283264160156	20572200
2024-05-29	175.42999267578125	176.83999633789062	174.72000122070312	175.89999389648438	175.26463317871094	23388700
2024-05-30	175.1999969482422	175.22000122070312	171.7899932861328	172.11000061035156	171.48834228515625	22958700
2024-05-31	171.86000061035156	173.05999755859375	169.44000244140625	172.5	171.87692260742188	37638900
2024-06-03	172.5399932861328	174.52999877929688	171.16000366210938	173.1699981689453	172.5445098876953	27459100
2024-06-04	173.27999877929688	173.85000610351562	171.88999938964844	173.7899932861328	173.16226196289062	26879600
2024-06-05	175.1999969482422	176.64999389648438	173.92999267578125	175.41000366210938	174.77642822265625	22068500
2024-06-06	175.89999389648438	177.14999389648438	175.75	176.72999572753906	176.09165954589844	23251000
2024-06-07	177.0500030517578	177.8699951171875	174.3000030517578	174.4600067138672	173.82984924316406	19661400
2024-06-10	174.97000122070312	177.05999755859375	172.75999450683594	175.00999450683594	174.57798767089844	23779200
2024-06-11	176.22000122070312	176.83999633789062	173.77000427246094	176.6199951171875	176.18402099609375	21540600
2024-06-12	178.25	180.41000366210938	176.11000061035156	177.7899932861328	177.35113525390625	27864700
2024-06-13	176.11000061035156	176.74000549316406	174.8800048828125	175.16000366210938	174.72763061523438	20913300
2024-06-14	174.22000122070312	177.05999755859375	174.14999389648438	176.7899932861328	176.35360717773438	18063600
2024-06-17	175.4600067138672	178.36000061035156	174.80999755859375	177.24000549316406	176.80250549316406	19618500
2024-06-18	177.13999938964844	177.38999938964844	174.10000610351562	175.08999633789062	174.6577911376953	21869900
2024-06-20	175.3699951171875	177.2899932861328	174.99000549316406	176.3000030517578	175.86480712890625	20160100
2024-06-21	177.0	180.85000610351562	176.61000061035156	179.6300048828125	179.1865997314453	58582700
2024-06-24	180.16000366210938	180.88999938964844	178.6699981689453	179.22000122070312	178.77760314941406	18298000
2024-06-25	179.6199951171875	184.2899932861328	179.4199981689453	184.02999877929688	183.5757293701172	23235600
2024-06-26	182.6300048828125	184.50999450683594	182.47999572753906	183.8800048828125	183.42611694335938	19839000
2024-06-27	184.17999267578125	186.0500030517578	184.02000427246094	185.41000366210938	184.95233154296875	18848900
2024-06-28	184.32000732421875	185.1300048828125	181.9600067138672	182.14999389648438	181.7003631591797	29156600
2024-07-01	183.02999877929688	183.8800048828125	181.3000030517578	182.99000549316406	182.53829956054688	16006100
2024-07-02	182.0500030517578	185.57000732421875	181.55999755859375	185.24000549316406	184.7827606201172	17372500
2024-07-03	184.85000610351562	186.08999633789062	184.0	185.82000732421875	185.36131286621094	10242100
2024-07-05	185.86000061035156	190.86000061035156	185.8000030517578	190.60000610351562	190.12953186035156	20967500
2024-07-08	189.89999389648438	190.1699981689453	187.77999877929688	189.02999877929688	188.56338500976562	21035900
2024-07-09	190.30999755859375	191.36000061035156	188.72000122070312	188.97999572753906	188.5135040283203	15121400
2024-07-10	189.14999389648438	191.75	189.02999877929688	191.17999267578125	190.70806884765625	15952500
2024-07-11	189.85000610351562	190.86000061035156	185.0800018310547	185.57000732421875	185.1119384765625	25625800
2024-07-12	185.0800018310547	187.11000061035156	184.49000549316406	185.07000732421875	184.61317443847656	22898400
2024-07-15	184.9199981689453	188.24000549316406	184.9199981689453	186.52999877929688	186.06956481933594	16474000
2024-07-16	187.36000061035156	188.67999267578125	183.3699951171875	183.9199981689453	183.46600341796875	18290700
2024-07-17	182.97000122070312	183.5500030517578	179.89999389648438	181.02000427246094	180.5731658935547	20734100
2024-07-18	181.92999267578125	182.5	176.47000122070312	177.69000244140625	177.2513885498047	25315700
2024-07-19	178.8800048828125	180.2899932861328	177.1300048828125	177.66000366210938	177.22145080566406	18881900
2024-07-22	180.58999633789062	182.6999969482422	180.22999572753906	181.6699981689453	181.22154235839844	24100300
2024-07-23	182.0500030517578	183.61000061035156	181.5399932861328	181.7899932861328	181.34124755859375	36352700
2024-07-24	173.60000610351562	176.19000244140625	171.82000732421875	172.6300048828125	172.20388793945312	49585200
2024-07-25	172.52000427246094	173.4199981689453	167.19000244140625	167.27999877929688	166.86708068847656	44852000
2024-07-26	167.14999389648438	168.08999633789062	164.05999755859375	167.0	166.5877685546875	41336900
2024-07-29	168.8300018310547	170.42999267578125	167.99000549316406	169.52999877929688	169.1115264892578	20293800
2024-07-30	170.24000549316406	171.22999572753906	168.44000244140625	170.2899932861328	169.86964416503906	18959700
2024-07-31	173.24000549316406	174.25	170.00999450683594	171.5399932861328	171.11654663085938	25729100
2024-08-01	170.25	174.0500030517578	168.8800048828125	170.75999450683594	170.33848571777344	24531400
2024-08-02	166.44000244140625	168.50999450683594	164.6699981689453	166.66000366210938	166.24862670898438	29130100
2024-08-05	155.5	164.42999267578125	154.92999267578125	159.25	158.85690307617188	53630700
2024-08-06	159.3300018310547	160.57000732421875	156.41000366210938	158.2899932861328	157.89927673339844	49004600
2024-08-07	161.25	162.97999572753906	158.47000122070312	158.94000244140625	158.54766845703125	25138600
2024-08-08	160.50999450683594	163.69000244140625	160.2100067138672	162.02999877929688	161.63003540039062	25578800
2024-08-09	160.00999450683594	163.7899932861328	159.05999755859375	163.6699981689453	163.2659912109375	28602300
2024-08-12	164.35000610351562	164.89999389648438	161.83999633789062	162.2899932861328	161.88938903808594	15895300
2024-08-13	163.41000366210938	164.72999572753906	162.97000122070312	164.16000366210938	163.75477600097656	18551700
2024-08-14	162.39999389648438	163.22000122070312	157.7100067138672	160.3699951171875	159.97412109375	40591100
2024-08-15	160.5	161.63999938964844	159.61000061035156	161.3000030517578	160.90185546875	31524300
2024-08-16	161.47000122070312	165.05999755859375	161.1300048828125	162.9600067138672	162.55775451660156	24208600
2024-08-19	165.27999877929688	166.69000244140625	164.25999450683594	166.6699981689453	166.2585906982422	22416200
2024-08-20	166.89999389648438	168.63999938964844	166.82000732421875	167.17999267578125	166.76731872558594	18341500
2024-08-21	165.14999389648438	166.85000610351562	164.6699981689453	165.85000610351562	165.44061279296875	22902000
2024-08-22	167.25999450683594	167.58999633789062	163.30999755859375	163.8000030517578	163.3956756591797	22493300
2024-08-23	164.72000122070312	166.17999267578125	163.8300018310547	165.6199951171875	165.211181640625	13955700
2024-08-26	166.3800048828125	167.5500030517578	164.4600067138672	166.16000366210938	165.74984741210938	14190400
2024-08-27	165.83999633789062	166.44000244140625	164.4600067138672	164.67999267578125	164.2734832763672	11821900
2024-08-28	165.0399932861328	165.60000610351562	161.52999877929688	162.85000610351562	162.44801330566406	16407400
2024-08-29	164.30999755859375	165.97000122070312	160.25	161.77999877929688	161.3806610107422	19699800
2024-08-30	162.6199951171875	163.66000366210938	161.69000244140625	163.3800048828125	162.97671508789062	22123800
2024-09-03	161.72000122070312	161.85000610351562	156.47999572753906	157.36000061035156	156.9715576171875	38945300
2024-09-04	156.66000366210938	159.0	155.9600067138672	156.4499969482422	156.06381225585938	19353800
2024-09-05	156.3000030517578	159.4499969482422	155.97999572753906	157.24000549316406	156.85186767578125	18688700
2024-09-06	157.3000030517578	157.8300018310547	150.5500030517578	150.9199981689453	150.54745483398438	37912100
2024-09-09	152.50999450683594	153.39999389648438	147.22000122070312	148.7100067138672	148.53976440429688	39260500
2024-09-10	150.4499969482422	151.27000427246094	148.33999633789062	148.66000366210938	148.4898223876953	31118800
2024-09-11	149.9199981689453	151.5	147.52000427246094	151.16000366210938	150.98695373535156	29607700
2024-09-12	153.8000030517578	154.82000732421875	152.64999389648438	154.69000244140625	154.51292419433594	29695000
2024-09-13	155.42999267578125	158.3800048828125	155.2100067138672	157.4600067138672	157.27975463867188	29591200
2024-09-16	157.30999755859375	158.25	156.60000610351562	158.05999755859375	157.87905883789062	18379800
2024-09-17	159.02000427246094	160.5500030517578	158.3800048828125	159.32000732421875	159.1376190185547	20715600
2024-09-18	159.86000061035156	160.5	158.60000610351562	159.80999755859375	159.62705993652344	23677300
2024-09-19	163.7100067138672	163.7899932861328	161.33999633789062	162.13999938964844	161.9543914794922	26587700
2024-09-20	163.5	163.72999572753906	162.05999755859375	163.58999633789062	163.40272521972656	40896400
2024-09-23	164.35000610351562	165.49000549316406	161.6699981689453	161.85000610351562	161.6647186279297	24150900
2024-09-24	163.02999877929688	163.22000122070312	160.69000244140625	162.2899932861328	162.1042022705078	23332100
2024-09-25	161.47000122070312	162.80999755859375	161.3000030517578	161.49000549316406	161.3051300048828	18869200
2024-09-26	163.63999938964844	164.0800018310547	162.27999877929688	162.72999572753906	162.543701171875	20319300
2024-09-27	162.80999755859375	165.6999969482422	162.6300048828125	163.9499969482422	163.76231384277344	21101300
2024-09-30	163.32000732421875	166.14999389648438	163.25999450683594	165.85000610351562	165.66014099121094	20413900
2024-10-01	167.69000244140625	169.16000366210938	164.5800018310547	166.99000549316406	166.79884338378906	28338100
2024-10-02	166.4199981689453	167.52000427246094	164.72999572753906	165.86000061035156	165.67013549804688	17760200
2024-10-03	164.41000366210938	166.63999938964844	163.9199981689453	165.86000061035156	165.67013549804688	15073100
2024-10-04	168.05999755859375	168.22999572753906	165.47999572753906	167.05999755859375	166.86875915527344	19047400
2024-10-07	167.72000122070312	168.47999572753906	162.75	162.97999572753906	162.79342651367188	22463100
2024-10-08	163.94000244140625	164.72999572753906	162.8699951171875	164.3800048828125	164.19183349609375	23072700
2024-10-09	163.4499969482422	164.83999633789062	159.74000549316406	161.86000061035156	161.67471313476562	31181800
2024-10-10	160.8699951171875	163.07000732421875	160.39999389648438	162.0800018310547	161.8944549560547	14144100
2024-10-11	162.1300048828125	163.89999389648438	161.24000549316406	163.24000549316406	163.05313110351562	15344300
2024-10-14	163.63999938964844	166.22999572753906	163.39999389648438	164.9600067138672	164.7711639404297	19016100
2024-10-15	165.7899932861328	167.67999267578125	164.6300048828125	165.4600067138672	165.27059936523438	20247200
2024-10-16	164.52999877929688	165.8000030517578	163.74000549316406	165.16000366210938	164.97093200683594	16406000
2024-10-17	165.72999572753906	166.3699951171875	162.75999450683594	162.92999267578125	162.74346923828125	21453400
2024-10-18	163.19000244140625	164.7100067138672	163.0800018310547	163.4199981689453	163.23292541503906	19757700
2024-10-21	162.9499969482422	164.5	162.6199951171875	164.07000732421875	163.88218688964844	20946500
2024-10-22	162.97999572753906	165.77000427246094	162.97999572753906	165.13999938964844	164.95095825195312	16568100
2024-10-23	164.75999450683594	165.82000732421875	161.92999267578125	162.77999877929688	162.59365844726562	18280500
2024-10-24	162.8300018310547	163.3300018310547	161.00999450683594	162.72000122070312	162.53372192382812	22412500
2024-10-25	163.6699981689453	165.58999633789062	163.4199981689453	165.27000427246094	165.080810546875	19828900
2024-10-28	168.75	168.75	163.9499969482422	166.72000122070312	166.52914428710938	32138600
2024-10-29	167.72999572753906	170.3800048828125	167.08999633789062	169.67999267578125	169.48574829101562	42169000
2024-10-30	180.67999267578125	182.02000427246094	174.05999755859375	174.4600067138672	174.26028442382812	68890800
2024-10-31	173.1300048828125	176.82000732421875	171.0	171.11000061035156	170.91412353515625	44769000
2024-11-01	170.07000732421875	172.32000732421875	168.8800048828125	171.2899932861328	171.09390258789062	31796500
2024-11-04	169.92999267578125	170.72999572753906	168.00999450683594	169.24000549316406	169.0462646484375	21492700
2024-11-05	169.42999267578125	170.52999877929688	168.83999633789062	169.74000549316406	169.5457000732422	18242100
2024-11-06	173.8000030517578	176.94000244140625	173.5	176.50999450683594	176.3079376220703	33695500
2024-11-07	177.41000366210938	181.0800018310547	177.19000244140625	180.75	180.5430908203125	25352900
2024-11-08	180.64999389648438	180.89999389648438	178.0800018310547	178.35000610351562	178.14584350585938	22006200
2024-11-11	178.5800018310547	180.5500030517578	178.47000122070312	180.35000610351562	180.1435546875	17450400
2024-11-12	179.82000732421875	182.49000549316406	179.38999938964844	181.6199951171875	181.41207885742188	25134900
2024-11-13	180.4600067138672	180.9600067138672	178.5399932861328	178.8800048828125	178.67523193359375	23184000
2024-11-14	178.27999877929688	178.82000732421875	174.32000732421875	175.5800018310547	175.37899780273438	31007500
2024-11-15	173.72999572753906	174.13999938964844	171.22000122070312	172.49000549316406	172.29254150390625	32504600
2024-11-18	173.4199981689453	175.44000244140625	172.89999389648438	175.3000030517578	175.0993194580078	20206600
2024-11-19	173.72000122070312	178.8699951171875	173.55999755859375	178.1199951171875	177.9160919189453	23434900
2024-11-20	177.33999633789062	177.67999267578125	173.77999877929688	175.97999572753906	175.77853393554688	18997100
2024-11-21	173.89999389648438	174.1300048828125	163.6999969482422	167.6300048828125	167.4381103515625	59734400
2024-11-22	165.85000610351562	166.4600067138672	163.89999389648438	164.75999450683594	164.57138061523438	38604600
2024-11-25	166.08999633789062	168.6300048828125	165.61000061035156	167.64999389648438	167.45806884765625	33135300
2024-11-26	167.6300048828125	169.82000732421875	167.5800018310547	169.1199951171875	168.9263916015625	20486700
2024-11-27	169.0	169.47999572753906	168.02000427246094	169.22999572753906	169.03627014160156	19266500
2024-11-29	168.5	169.42999267578125	167.16000366210938	168.9499969482422	168.756591796875	14257200
2024-12-02	168.77000427246094	172.0800018310547	168.57000732421875	171.49000549316406	171.29368591308594	23789100
2024-12-03	171.49000549316406	172.67999267578125	170.85000610351562	171.33999633789062	171.1438446044922	22248700
2024-12-04	171.14999389648438	174.91000366210938	171.05999755859375	174.3699951171875	174.17037963867188	31615100
2024-12-05	175.36000061035156	176.05999755859375	172.3300018310547	172.63999938964844	172.44236755371094	21356200
2024-12-06	172.02999877929688	175.0800018310547	171.86000061035156	174.7100067138672	174.510009765625	21462400
2024-12-09	173.9600067138672	176.25999450683594	173.64999389648438	175.3699951171875	175.3699951171875	25389600
2024-12-10	182.85000610351562	186.36000061035156	181.0500030517578	185.1699981689453	185.1699981689453	54813000
2024-12-11	185.30999755859375	195.61000061035156	184.85000610351562	195.39999389648438	195.39999389648438	67894100
2024-12-12	195.0	195.17999267578125	191.7100067138672	191.9600067138672	191.9600067138672	34817500
2024-12-13	191.00999450683594	192.72999572753906	189.63999938964844	189.82000732421875	189.82000732421875	25143500
2024-12-16	192.8699951171875	199.0	192.6199951171875	196.66000366210938	196.66000366210938	44934900
2024-12-17	197.25	201.4199981689453	194.97999572753906	195.4199981689453	195.4199981689453	43504000
2024-12-18	195.22000122070312	197.0	187.74000549316406	188.39999389648438	188.39999389648438	34166100
2024-12-19	191.6300048828125	193.02999877929688	188.3800048828125	188.50999450683594	188.50999450683594	32265200
2024-12-20	185.77999877929688	192.88999938964844	185.22000122070312	191.41000366210938	191.41000366210938	63462900
2024-12-23	192.6199951171875	195.10000610351562	190.14999389648438	194.6300048828125	194.6300048828125	25675000
2024-12-24	194.83999633789062	196.11000061035156	193.77999877929688	196.11000061035156	196.11000061035156	10403300
2024-12-26	195.14999389648438	196.75	194.3800048828125	195.60000610351562	195.60000610351562	12046600
2024-12-27	194.9499969482422	195.32000732421875	190.64999389648438	192.75999450683594	192.75999450683594	18891400
2024-12-30	189.8000030517578	192.5500030517578	189.1199951171875	191.24000549316406	191.24000549316406	14264700
2024-12-31	191.0800018310547	191.9600067138672	188.50999450683594	189.3000030517578	189.3000030517578	17466900
2025-01-02	190.64999389648438	192.0	187.5	189.42999267578125	189.42999267578125	20370800
2025-01-03	191.3699951171875	193.2100067138672	189.97999572753906	191.7899932861328	191.7899932861328	18596200
2025-01-06	193.97999572753906	198.22000122070312	193.85000610351562	196.8699951171875	196.8699951171875	29563600
2025-01-07	197.11000061035156	201.0	194.60000610351562	195.49000549316406	195.49000549316406	26487200
2025-01-08	192.57000732421875	196.2899932861328	192.3800048828125	193.9499969482422	193.9499969482422	24864800
2025-01-10	194.3000030517578	196.52000427246094	190.30999755859375	192.0399932861328	192.0399932861328	26665200
2025-01-13	190.07000732421875	191.17999267578125	187.36000061035156	191.00999450683594	191.00999450683594	21823700
2025-01-14	191.24000549316406	191.97999572753906	188.30999755859375	189.66000366210938	189.66000366210938	17174900
2025-01-15	193.08999633789062	196.36000061035156	191.86000061035156	195.5500030517578	195.5500030517578	21776000
2025-01-16	194.13999938964844	195.47999572753906	192.80999755859375	192.91000366210938	192.91000366210938	17815400
2025-01-17	196.52999877929688	197.22999572753906	193.75	196.0	196.0	27629800
