Date	Open	High	Low	Close	Adj Close	Volume
2022-01-21	164.4199981689453	166.3300018310547	162.3000030517578	162.41000366210938	159.79248046875	122848900
2022-01-24	160.02000427246094	162.3000030517578	154.6999969482422	161.6199951171875	159.01519775390625	162294600
2022-01-25	158.97999572753906	162.75999450683594	157.02000427246094	159.77999877929688	157.20486450195312	115798400
2022-01-26	163.5	164.38999938964844	157.82000732421875	159.69000244140625	157.11630249023438	108275300
2022-01-27	162.4499969482422	163.83999633789062	158.27999877929688	159.22000122070312	156.65390014648438	121954600
2022-01-28	165.7100067138672	170.35000610351562	162.8000030517578	170.3300018310547	167.5848388671875	179935700
2022-01-31	170.16000366210938	175.0	169.50999450683594	174.77999877929688	171.96311950683594	115541600
2022-02-01	174.00999450683594	174.83999633789062	172.30999755859375	174.61000061035156	171.7958526611328	86213900
2022-02-02	174.75	175.8800048828125	173.3300018310547	175.83999633789062	173.00604248046875	84914300
2022-02-03	174.47999572753906	176.24000549316406	172.1199951171875	172.89999389648438	170.11341857910156	89418100
2022-02-04	171.67999267578125	174.10000610351562	170.67999267578125	172.38999938964844	169.82772827148438	82465400
2022-02-07	172.86000061035156	173.9499969482422	170.9499969482422	171.66000366210938	169.1085662841797	77251200
2022-02-08	171.72999572753906	175.35000610351562	171.42999267578125	174.8300018310547	172.23146057128906	74829200
2022-02-09	176.0500030517578	176.64999389648438	174.89999389648438	176.27999877929688	173.65992736816406	71285000
2022-02-10	174.13999938964844	175.47999572753906	171.5500030517578	172.1199951171875	169.561767578125	90865900
2022-02-11	172.3300018310547	173.0800018310547	168.0399932861328	168.63999938964844	166.1334686279297	98670700
2022-02-14	167.3699951171875	169.5800018310547	166.55999755859375	168.8800048828125	166.3699188232422	86185500
2022-02-15	170.97000122070312	172.9499969482422	170.25	172.7899932861328	170.2217559814453	62527400
2022-02-16	171.85000610351562	173.33999633789062	170.0500030517578	172.5500030517578	169.9853515625	61177400
2022-02-17	171.02999877929688	171.91000366210938	168.47000122070312	168.8800048828125	166.3699188232422	69589300
2022-02-18	169.82000732421875	170.5399932861328	166.19000244140625	167.3000030517578	164.8134002685547	82772700
2022-02-22	164.97999572753906	166.69000244140625	162.14999389648438	164.32000732421875	161.877685546875	91162800
2022-02-23	165.5399932861328	166.14999389648438	159.75	160.07000732421875	157.6908721923828	90009200
2022-02-24	152.5800018310547	162.85000610351562	152.0	162.74000549316406	160.3211669921875	141147500
2022-02-25	163.83999633789062	165.1199951171875	160.8699951171875	164.85000610351562	162.39981079101562	91974200
2022-02-28	163.05999755859375	165.4199981689453	162.42999267578125	165.1199951171875	162.66574096679688	95056600
2022-03-01	164.6999969482422	166.60000610351562	161.97000122070312	163.1999969482422	160.77430725097656	83474400
2022-03-02	164.38999938964844	167.36000061035156	162.9499969482422	166.55999755859375	164.0843963623047	79724800
2022-03-03	168.47000122070312	168.91000366210938	165.5500030517578	166.22999572753906	163.75930786132812	76678400
2022-03-04	164.49000549316406	165.5500030517578	162.10000610351562	163.1699981689453	160.74476623535156	83737200
2022-03-07	163.36000061035156	165.02000427246094	159.0399932861328	159.3000030517578	156.93228149414062	96418800
2022-03-08	158.82000732421875	162.8800048828125	155.8000030517578	157.44000244140625	155.09994506835938	131148300
2022-03-09	161.47999572753906	163.41000366210938	159.41000366210938	162.9499969482422	160.5280303955078	91454900
2022-03-10	160.1999969482422	160.38999938964844	155.97999572753906	158.52000427246094	156.16390991210938	105342000
2022-03-11	158.92999267578125	159.27999877929688	154.5	154.72999572753906	152.4302215576172	96970100
2022-03-14	151.4499969482422	154.1199951171875	150.10000610351562	150.6199951171875	148.38133239746094	108732100
2022-03-15	150.89999389648438	155.57000732421875	150.3800048828125	155.08999633789062	152.78488159179688	92964300
2022-03-16	157.0500030517578	160.0	154.4600067138672	159.58999633789062	157.21795654296875	102300200
2022-03-17	158.61000061035156	161.0	157.6300048828125	160.6199951171875	158.23268127441406	75615400
2022-03-18	160.50999450683594	164.47999572753906	159.75999450683594	163.97999572753906	161.542724609375	123511700
2022-03-21	163.50999450683594	166.35000610351562	163.00999450683594	165.3800048828125	162.92193603515625	95811400
2022-03-22	165.50999450683594	169.4199981689453	164.91000366210938	168.82000732421875	166.310791015625	81532000
2022-03-23	167.99000549316406	172.63999938964844	167.64999389648438	170.2100067138672	167.6801300048828	98062700
2022-03-24	171.05999755859375	174.13999938964844	170.2100067138672	174.07000732421875	171.48277282714844	90131400
2022-03-25	173.8800048828125	175.27999877929688	172.75	174.72000122070312	172.12310791015625	80546200
2022-03-28	172.1699981689453	175.72999572753906	172.0	175.60000610351562	172.99002075195312	90371900
2022-03-29	176.69000244140625	179.00999450683594	176.33999633789062	178.9600067138672	176.3000946044922	100589400
2022-03-30	178.5500030517578	179.61000061035156	176.6999969482422	177.77000427246094	175.12777709960938	92633200
2022-03-31	177.83999633789062	178.02999877929688	174.39999389648438	174.61000061035156	172.0147247314453	103049300
2022-04-01	174.02999877929688	174.8800048828125	171.94000244140625	174.30999755859375	171.7191925048828	78751300
2022-04-04	174.57000732421875	178.49000549316406	174.44000244140625	178.44000244140625	175.7877960205078	76468400
2022-04-05	177.5	178.3000030517578	174.4199981689453	175.05999755859375	172.45803833007812	73401800
2022-04-06	172.36000061035156	173.6300048828125	170.1300048828125	171.8300018310547	169.27606201171875	89058800
2022-04-07	171.16000366210938	173.36000061035156	169.85000610351562	172.13999938964844	169.5814666748047	77594700
2022-04-08	171.77999877929688	171.77999877929688	169.1999969482422	170.08999633789062	167.56190490722656	76575500
2022-04-11	168.7100067138672	169.02999877929688	165.5	165.75	163.28640747070312	72246700
2022-04-12	168.02000427246094	169.8699951171875	166.63999938964844	167.66000366210938	165.1680450439453	79265200
2022-04-13	167.38999938964844	171.0399932861328	166.77000427246094	170.39999389648438	167.8673095703125	70618900
2022-04-14	170.6199951171875	171.27000427246094	165.0399932861328	165.2899932861328	162.83326721191406	75329400
2022-04-18	163.9199981689453	166.60000610351562	163.57000732421875	165.07000732421875	162.61656188964844	69023900
2022-04-19	165.02000427246094	167.82000732421875	163.91000366210938	167.39999389648438	164.91189575195312	67723800
2022-04-20	168.75999450683594	168.8800048828125	166.10000610351562	167.22999572753906	164.74440002441406	67929800
2022-04-21	168.91000366210938	171.52999877929688	165.91000366210938	166.4199981689453	163.94647216796875	87227800
2022-04-22	166.4600067138672	167.8699951171875	161.5	161.7899932861328	159.38526916503906	84882400
2022-04-25	161.1199951171875	163.1699981689453	158.4600067138672	162.8800048828125	160.4591064453125	96046400
2022-04-26	162.25	162.33999633789062	156.72000122070312	156.8000030517578	154.46946716308594	95623200
2022-04-27	155.91000366210938	159.7899932861328	155.3800048828125	156.57000732421875	154.2428436279297	88063200
2022-04-28	159.25	164.52000427246094	158.92999267578125	163.63999938964844	161.2078094482422	130216800
2022-04-29	161.83999633789062	166.1999969482422	157.25	157.64999389648438	155.3068084716797	131747600
2022-05-02	156.7100067138672	158.22999572753906	153.27000427246094	157.9600067138672	155.61219787597656	123055300
2022-05-03	158.14999389648438	160.7100067138672	156.32000732421875	159.47999572753906	157.10960388183594	88966500
2022-05-04	159.6699981689453	166.47999572753906	159.25999450683594	166.02000427246094	163.55242919921875	108256500
2022-05-05	163.85000610351562	164.0800018310547	154.9499969482422	156.77000427246094	154.4398956298828	130525300
2022-05-06	156.00999450683594	159.44000244140625	154.17999267578125	157.27999877929688	155.1699676513672	116124600
2022-05-09	154.92999267578125	155.8300018310547	151.49000549316406	152.05999755859375	150.01998901367188	131577900
2022-05-10	155.52000427246094	156.74000549316406	152.92999267578125	154.50999450683594	152.4371337890625	115366700
2022-05-11	153.5	155.4499969482422	145.80999755859375	146.5	144.5345916748047	142689800
2022-05-12	142.77000427246094	146.1999969482422	138.8000030517578	142.55999755859375	140.6474151611328	182602000
2022-05-13	144.58999633789062	148.10000610351562	143.11000061035156	147.11000061035156	145.1363983154297	113990900
2022-05-16	145.5500030517578	147.52000427246094	144.17999267578125	145.5399932861328	143.58746337890625	86643800
2022-05-17	148.86000061035156	149.77000427246094	146.67999267578125	149.24000549316406	147.23782348632812	78336300
2022-05-18	146.85000610351562	147.36000061035156	139.89999389648438	140.82000732421875	138.93080139160156	109742900
2022-05-19	139.8800048828125	141.66000366210938	136.60000610351562	137.35000610351562	135.5073699951172	136095600
2022-05-20	139.08999633789062	140.6999969482422	132.61000061035156	137.58999633789062	135.7440948486328	137426100
2022-05-23	137.7899932861328	143.25999450683594	137.64999389648438	143.11000061035156	141.1900634765625	117726300
2022-05-24	140.80999755859375	141.97000122070312	137.3300018310547	140.36000061035156	138.47695922851562	104132700
2022-05-25	138.42999267578125	141.7899932861328	138.33999633789062	140.52000427246094	138.6348114013672	92482700
2022-05-26	137.38999938964844	144.33999633789062	137.13999938964844	143.77999877929688	141.85105895996094	90601500
2022-05-27	145.38999938964844	149.67999267578125	145.25999450683594	149.63999938964844	147.63246154785156	90978500
2022-05-31	149.07000732421875	150.66000366210938	146.83999633789062	148.83999633789062	146.84320068359375	103718400
2022-06-01	149.89999389648438	151.74000549316406	147.67999267578125	148.7100067138672	146.71493530273438	74286600
2022-06-02	147.8300018310547	151.27000427246094	146.86000061035156	151.2100067138672	149.18141174316406	72348100
2022-06-03	146.89999389648438	147.97000122070312	144.4600067138672	145.3800048828125	143.42962646484375	88570300
2022-06-06	147.02999877929688	148.57000732421875	144.89999389648438	146.13999938964844	144.17941284179688	71598400
2022-06-07	144.35000610351562	149.0	144.10000610351562	148.7100067138672	146.71493530273438	67808200
2022-06-08	148.5800018310547	149.8699951171875	147.4600067138672	147.9600067138672	145.97499084472656	53950200
2022-06-09	147.0800018310547	147.9499969482422	142.52999877929688	142.63999938964844	140.72637939453125	69473000
2022-06-10	140.27999877929688	140.75999450683594	137.05999755859375	137.1300048828125	135.29031372070312	91437900
2022-06-13	132.8699951171875	135.1999969482422	131.44000244140625	131.8800048828125	130.11074829101562	122207100
2022-06-14	133.1300048828125	133.88999938964844	131.47999572753906	132.75999450683594	130.9789276123047	84784300
2022-06-15	134.2899932861328	137.33999633789062	132.16000366210938	135.42999267578125	133.61309814453125	91533000
2022-06-16	132.0800018310547	132.38999938964844	129.0399932861328	130.05999755859375	128.3151397705078	108123900
2022-06-17	130.07000732421875	133.0800018310547	129.80999755859375	131.55999755859375	129.79501342773438	134520300
2022-06-21	133.4199981689453	137.05999755859375	133.32000732421875	135.8699951171875	134.0471954345703	81000500
2022-06-22	134.7899932861328	137.75999450683594	133.91000366210938	135.35000610351562	133.53419494628906	73409200
2022-06-23	136.82000732421875	138.58999633789062	135.6300048828125	138.27000427246094	136.41500854492188	72433800
2022-06-24	139.89999389648438	141.91000366210938	139.77000427246094	141.66000366210938	139.75950622558594	89116800
2022-06-27	142.6999969482422	143.49000549316406	140.97000122070312	141.66000366210938	139.75950622558594	70207900
2022-06-28	142.1300048828125	143.4199981689453	137.32000732421875	137.44000244140625	135.5961456298828	67083400
2022-06-29	137.4600067138672	140.6699981689453	136.6699981689453	139.22999572753906	137.36212158203125	66242400
2022-06-30	137.25	138.3699951171875	133.77000427246094	136.72000122070312	134.8857879638672	98964500
2022-07-01	136.0399932861328	139.0399932861328	135.66000366210938	138.92999267578125	137.06613159179688	71051600
2022-07-05	137.77000427246094	141.61000061035156	136.92999267578125	141.55999755859375	139.66085815429688	73353800
2022-07-06	141.35000610351562	144.1199951171875	141.0800018310547	142.9199981689453	141.0026397705078	74064300
2022-07-07	143.2899932861328	146.5500030517578	143.27999877929688	146.35000610351562	144.38661193847656	66253700
2022-07-08	145.25999450683594	147.5500030517578	145.0	147.0399932861328	145.06732177734375	64547800
2022-07-11	145.6699981689453	146.63999938964844	143.77999877929688	144.8699951171875	142.92645263671875	63141600
2022-07-12	145.75999450683594	148.4499969482422	145.0500030517578	145.86000061035156	143.90316772460938	77588800
2022-07-13	142.99000549316406	146.4499969482422	142.1199951171875	145.49000549316406	143.5381317138672	71185600
2022-07-14	144.0800018310547	148.9499969482422	143.25	148.47000122070312	146.47816467285156	78140700
2022-07-15	149.77999877929688	150.86000061035156	148.1999969482422	150.1699981689453	148.1553497314453	76259900
2022-07-18	150.74000549316406	151.57000732421875	146.6999969482422	147.07000732421875	145.0969696044922	81420900
2022-07-19	147.9199981689453	151.22999572753906	146.91000366210938	151.0	148.9741973876953	82982400
2022-07-20	151.1199951171875	153.72000122070312	150.3699951171875	153.0399932861328	150.98680114746094	64823400
2022-07-21	154.5	155.57000732421875	151.94000244140625	155.35000610351562	153.265869140625	65086600
2022-07-22	155.38999938964844	156.27999877929688	153.41000366210938	154.08999633789062	152.0227813720703	66675400
2022-07-25	154.00999450683594	155.0399932861328	152.27999877929688	152.9499969482422	150.89801025390625	53623900
2022-07-26	152.25999450683594	153.08999633789062	150.8000030517578	151.60000610351562	149.566162109375	55138700
2022-07-27	152.5800018310547	157.3300018310547	152.16000366210938	156.7899932861328	154.68655395507812	78620700
2022-07-28	156.97999572753906	157.63999938964844	154.41000366210938	157.35000610351562	155.239013671875	81378700
2022-07-29	161.24000549316406	163.6300048828125	159.5	162.50999450683594	160.32981872558594	101786900
2022-08-01	161.00999450683594	163.58999633789062	160.88999938964844	161.50999450683594	159.3431854248047	67829400
2022-08-02	160.10000610351562	162.41000366210938	159.6300048828125	160.00999450683594	157.86331176757812	59907000
2022-08-03	160.83999633789062	166.58999633789062	160.75	166.1300048828125	163.90122985839844	82507500
2022-08-04	166.00999450683594	167.19000244140625	164.42999267578125	165.80999755859375	163.58554077148438	55474100
2022-08-05	163.2100067138672	165.85000610351562	163.0	165.35000610351562	163.35830688476562	56697000
2022-08-08	166.3699951171875	167.80999755859375	164.1999969482422	164.8699951171875	162.88406372070312	60276900
2022-08-09	164.02000427246094	165.82000732421875	163.25	164.9199981689453	162.9334716796875	63135500
2022-08-10	167.67999267578125	169.33999633789062	166.89999389648438	169.24000549316406	167.2014617919922	70170500
2022-08-11	170.05999755859375	170.99000549316406	168.19000244140625	168.49000549316406	166.4604949951172	57149200
2022-08-12	169.82000732421875	172.1699981689453	169.39999389648438	172.10000610351562	170.0269775390625	68039400
2022-08-15	171.52000427246094	173.38999938964844	171.35000610351562	173.19000244140625	171.1038360595703	54091700
2022-08-16	172.77999877929688	173.7100067138672	171.66000366210938	173.02999877929688	170.94580078125	56377100
2022-08-17	172.77000427246094	176.14999389648438	172.57000732421875	174.5500030517578	172.4474639892578	79542000
2022-08-18	173.75	174.89999389648438	173.1199951171875	174.14999389648438	172.05227661132812	62290100
2022-08-19	173.02999877929688	173.74000549316406	171.30999755859375	171.52000427246094	169.45396423339844	70346300
2022-08-22	169.69000244140625	169.86000061035156	167.13999938964844	167.57000732421875	165.55157470703125	69026800
2022-08-23	167.0800018310547	168.7100067138672	166.64999389648438	167.22999572753906	165.2156524658203	54147100
2022-08-24	167.32000732421875	168.11000061035156	166.25	167.52999877929688	165.51202392578125	53841500
2022-08-25	168.77999877929688	170.13999938964844	168.35000610351562	170.02999877929688	167.98191833496094	51218200
2022-08-26	170.57000732421875	171.0500030517578	163.55999755859375	163.6199951171875	161.64913940429688	78961000
2022-08-29	161.14999389648438	162.89999389648438	159.82000732421875	161.3800048828125	159.4361114501953	73314000
2022-08-30	162.1300048828125	162.55999755859375	157.72000122070312	158.91000366210938	156.99586486816406	77906200
2022-08-31	160.30999755859375	160.5800018310547	157.13999938964844	157.22000122070312	155.3262481689453	87991100
2022-09-01	156.63999938964844	158.4199981689453	154.6699981689453	157.9600067138672	156.05731201171875	74229900
2022-09-02	159.75	160.36000061035156	154.97000122070312	155.80999755859375	153.93319702148438	76957800
2022-09-06	156.47000122070312	157.08999633789062	153.69000244140625	154.52999877929688	152.6686248779297	73714800
2022-09-07	154.82000732421875	156.6699981689453	153.61000061035156	155.9600067138672	154.08143615722656	87449600
2022-09-08	154.63999938964844	156.36000061035156	152.67999267578125	154.4600067138672	152.5994873046875	84923800
2022-09-09	155.47000122070312	157.82000732421875	154.75	157.3699951171875	155.4744110107422	68028800
2022-09-12	159.58999633789062	164.25999450683594	159.3000030517578	163.42999267578125	161.46141052246094	104956000
2022-09-13	159.89999389648438	160.5399932861328	153.3699951171875	153.83999633789062	151.98695373535156	122656600
2022-09-14	154.7899932861328	157.10000610351562	153.61000061035156	155.30999755859375	153.43922424316406	87965400
2022-09-15	154.64999389648438	155.24000549316406	151.3800048828125	152.3699951171875	150.53463745117188	90481100
2022-09-16	151.2100067138672	151.35000610351562	148.3699951171875	150.6999969482422	148.88478088378906	162278800
2022-09-19	149.30999755859375	154.55999755859375	149.10000610351562	154.47999572753906	152.6192169189453	81474200
2022-09-20	153.39999389648438	158.0800018310547	153.0800018310547	156.89999389648438	155.0100860595703	107689800
2022-09-21	157.33999633789062	158.74000549316406	153.60000610351562	153.72000122070312	151.86837768554688	101696800
2022-09-22	152.3800048828125	154.47000122070312	150.91000366210938	152.74000549316406	150.90020751953125	86652500
2022-09-23	151.19000244140625	151.47000122070312	148.55999755859375	150.42999267578125	148.61801147460938	96029900
2022-09-26	149.66000366210938	153.77000427246094	149.63999938964844	150.77000427246094	148.95391845703125	93339400
2022-09-27	152.74000549316406	154.72000122070312	149.9499969482422	151.75999450683594	149.93197631835938	84442700
2022-09-28	147.63999938964844	150.63999938964844	144.83999633789062	149.83999633789062	148.03512573242188	146691400
2022-09-29	146.10000610351562	146.72000122070312	140.67999267578125	142.47999572753906	140.76376342773438	128138200
2022-09-30	141.27999877929688	143.10000610351562	138.0	138.1999969482422	136.53533935546875	124925300
2022-10-03	138.2100067138672	143.07000732421875	137.69000244140625	142.4499969482422	140.73414611816406	114311700
2022-10-04	145.02999877929688	146.22000122070312	144.25999450683594	146.10000610351562	144.34017944335938	87830100
2022-10-05	144.07000732421875	147.3800048828125	143.00999450683594	146.39999389648438	144.6365509033203	79471000
2022-10-06	145.80999755859375	147.5399932861328	145.22000122070312	145.42999267578125	143.67822265625	68402200
2022-10-07	142.5399932861328	143.10000610351562	139.4499969482422	140.08999633789062	138.40255737304688	85925600
2022-10-10	140.4199981689453	141.88999938964844	138.57000732421875	140.4199981689453	138.7285614013672	74899000
2022-10-11	139.89999389648438	141.35000610351562	138.22000122070312	138.97999572753906	137.30593872070312	77033700
2022-10-12	139.1300048828125	140.36000061035156	138.16000366210938	138.33999633789062	136.67364501953125	70433700
2022-10-13	134.99000549316406	143.58999633789062	134.3699951171875	142.99000549316406	141.2676544189453	113224000
2022-10-14	144.30999755859375	144.52000427246094	138.19000244140625	138.3800048828125	136.71316528320312	88598000
2022-10-17	141.07000732421875	142.89999389648438	140.27000427246094	142.41000366210938	140.6946258544922	85250900
2022-10-18	145.49000549316406	146.6999969482422	140.61000061035156	143.75	142.0184783935547	99136600
2022-10-19	141.69000244140625	144.9499969482422	141.5	143.86000061035156	142.12716674804688	61758300
2022-10-20	143.02000427246094	145.88999938964844	142.64999389648438	143.38999938964844	141.66281127929688	64522000
2022-10-21	142.8699951171875	147.85000610351562	142.64999389648438	147.27000427246094	145.49607849121094	86548600
2022-10-24	147.19000244140625	150.22999572753906	146.0	149.4499969482422	147.6498260498047	75981900
2022-10-25	150.08999633789062	152.49000549316406	149.36000061035156	152.33999633789062	150.50498962402344	74732300
2022-10-26	150.9600067138672	151.99000549316406	148.0399932861328	149.35000610351562	147.55104064941406	88194300
2022-10-27	148.07000732421875	149.0500030517578	144.1300048828125	144.8000030517578	143.0558624267578	109180200
2022-10-28	148.1999969482422	157.5	147.82000732421875	155.74000549316406	153.8640594482422	164762400
2022-10-31	153.16000366210938	154.24000549316406	151.9199981689453	153.33999633789062	151.49295043945312	97943200
2022-11-01	155.0800018310547	155.4499969482422	149.1300048828125	150.64999389648438	148.8353271484375	80379300
2022-11-02	148.9499969482422	152.1699981689453	145.0	145.02999877929688	143.28306579589844	93604600
2022-11-03	142.05999755859375	142.8000030517578	138.75	138.8800048828125	137.20713806152344	97918500
2022-11-04	142.08999633789062	142.6699981689453	134.3800048828125	138.3800048828125	136.93995666503906	140814800
2022-11-07	137.11000061035156	139.14999389648438	135.6699981689453	138.9199981689453	137.47430419921875	83374600
2022-11-08	140.41000366210938	141.42999267578125	137.49000549316406	139.5	138.0482940673828	89908500
2022-11-09	138.5	138.5500030517578	134.58999633789062	134.8699951171875	133.4664764404297	74917800
2022-11-10	141.24000549316406	146.8699951171875	139.5	146.8699951171875	145.3415985107422	118854000
2022-11-11	145.82000732421875	150.00999450683594	144.3699951171875	149.6999969482422	148.1421356201172	93979700
2022-11-14	148.97000122070312	150.27999877929688	147.42999267578125	148.27999877929688	146.7369384765625	73374100
2022-11-15	152.22000122070312	153.58999633789062	148.55999755859375	150.0399932861328	148.47860717773438	89868300
2022-11-16	149.1300048828125	149.8699951171875	147.2899932861328	148.7899932861328	147.24159240722656	64218300
2022-11-17	146.42999267578125	151.47999572753906	146.14999389648438	150.72000122070312	149.15151977539062	80389400
2022-11-18	152.30999755859375	152.6999969482422	149.97000122070312	151.2899932861328	149.7156219482422	74829600
2022-11-21	150.16000366210938	150.3699951171875	147.72000122070312	148.00999450683594	146.46971130371094	58724100
2022-11-22	148.1300048828125	150.4199981689453	146.92999267578125	150.17999267578125	148.6171417236328	51804100
2022-11-23	149.4499969482422	151.8300018310547	149.33999633789062	151.07000732421875	149.49786376953125	58301400
2022-11-25	148.30999755859375	148.8800048828125	147.1199951171875	148.11000061035156	146.56871032714844	35195900
2022-11-28	145.13999938964844	146.63999938964844	143.3800048828125	144.22000122070312	142.7191925048828	69246000
2022-11-29	144.2899932861328	144.80999755859375	140.35000610351562	141.1699981689453	139.700927734375	83763800
2022-11-30	141.39999389648438	148.72000122070312	140.5500030517578	148.02999877929688	146.48951721191406	111380900
2022-12-01	148.2100067138672	149.1300048828125	146.61000061035156	148.30999755859375	146.7666015625	71250400
2022-12-02	145.9600067138672	148.0	145.64999389648438	147.80999755859375	146.2718048095703	65447400
2022-12-05	147.77000427246094	150.9199981689453	145.77000427246094	146.6300048828125	145.1041259765625	68826400
2022-12-06	147.07000732421875	147.3000030517578	141.9199981689453	142.91000366210938	141.42282104492188	64727200
2022-12-07	142.19000244140625	143.3699951171875	140.0	140.94000244140625	139.47329711914062	69721100
2022-12-08	142.36000061035156	143.52000427246094	141.10000610351562	142.64999389648438	141.16549682617188	62128300
2022-12-09	142.33999633789062	145.57000732421875	140.89999389648438	142.16000366210938	140.68064880371094	76097000
2022-12-12	142.6999969482422	144.5	141.05999755859375	144.49000549316406	142.98635864257812	70462700
2022-12-13	149.5	149.97000122070312	144.24000549316406	145.47000122070312	143.9561767578125	93886200
2022-12-14	145.35000610351562	146.66000366210938	141.16000366210938	143.2100067138672	141.71969604492188	82291200
2022-12-15	141.11000061035156	141.8000030517578	136.02999877929688	136.5	135.0795135498047	98931900
2022-12-16	136.69000244140625	137.64999389648438	133.72999572753906	134.50999450683594	133.11019897460938	160156900
2022-12-19	135.11000061035156	135.1999969482422	131.32000732421875	132.3699951171875	130.9924774169922	79592600
2022-12-20	131.38999938964844	133.25	129.88999938964844	132.3000030517578	130.9232177734375	77432800
2022-12-21	132.97999572753906	136.80999755859375	132.75	135.4499969482422	134.04042053222656	85928000
2022-12-22	134.35000610351562	134.55999755859375	130.3000030517578	132.22999572753906	130.8539581298828	77852100
2022-12-23	130.9199981689453	132.4199981689453	129.63999938964844	131.86000061035156	130.48780822753906	63814900
2022-12-27	131.3800048828125	131.41000366210938	128.72000122070312	130.02999877929688	128.67684936523438	69007800
2022-12-28	129.6699981689453	131.02999877929688	125.87000274658203	126.04000091552734	124.72836303710938	85438400
2022-12-29	127.98999786376953	130.47999572753906	127.7300033569336	129.61000061035156	128.26123046875	75703700
2022-12-30	128.41000366210938	129.9499969482422	127.43000030517578	129.92999267578125	128.577880859375	77034200
2023-01-03	130.27999877929688	130.89999389648438	124.16999816894531	125.06999969482422	123.76846313476562	112117500
2023-01-04	126.88999938964844	128.66000366210938	125.08000183105469	126.36000061035156	125.04503631591797	89113600
2023-01-05	127.12999725341797	127.7699966430664	124.76000213623047	125.0199966430664	123.71898651123047	80962700
2023-01-06	126.01000213623047	130.2899932861328	124.88999938964844	129.6199951171875	128.27110290527344	87754700
2023-01-09	130.47000122070312	133.41000366210938	129.88999938964844	130.14999389648438	128.7955780029297	70790800
2023-01-10	130.25999450683594	131.25999450683594	128.1199951171875	130.72999572753906	129.3695526123047	63896200
2023-01-11	131.25	133.50999450683594	130.4600067138672	133.49000549316406	132.10084533691406	69458900
2023-01-12	133.8800048828125	134.25999450683594	131.44000244140625	133.41000366210938	132.0216827392578	71379600
2023-01-13	132.02999877929688	134.9199981689453	131.66000366210938	134.75999450683594	133.3576202392578	57809700
2023-01-17	134.8300018310547	137.2899932861328	134.1300048828125	135.94000244140625	134.5253448486328	63646600
2023-01-18	136.82000732421875	138.61000061035156	135.02999877929688	135.2100067138672	133.80291748046875	69672800
2023-01-19	134.0800018310547	136.25	133.77000427246094	135.27000427246094	133.86231994628906	58280400
2023-01-20	135.27999877929688	138.02000427246094	134.22000122070312	137.8699951171875	136.4352569580078	80223600
2023-01-23	138.1199951171875	143.32000732421875	137.89999389648438	141.11000061035156	139.6415252685547	81760300
2023-01-24	140.30999755859375	143.16000366210938	140.3000030517578	142.52999877929688	141.0467529296875	66435100
2023-01-25	140.88999938964844	142.42999267578125	138.80999755859375	141.86000061035156	140.3837432861328	65799300
2023-01-26	143.1699981689453	144.25	141.89999389648438	143.9600067138672	142.46188354492188	54105100
2023-01-27	143.16000366210938	147.22999572753906	143.0800018310547	145.92999267578125	144.41136169433594	70555800
2023-01-30	144.9600067138672	145.5500030517578	142.85000610351562	143.0	141.5118865966797	64015300
2023-01-31	142.6999969482422	144.33999633789062	142.27999877929688	144.2899932861328	142.78843688964844	65874500
2023-02-01	143.97000122070312	146.61000061035156	141.32000732421875	145.42999267578125	143.91656494140625	77663600
2023-02-02	148.89999389648438	151.17999267578125	148.1699981689453	150.82000732421875	149.25048828125	118339000
2023-02-03	148.02999877929688	157.3800048828125	147.8300018310547	154.5	152.89219665527344	154357300
2023-02-06	152.57000732421875	153.10000610351562	150.77999877929688	151.72999572753906	150.15103149414062	69858300
2023-02-07	150.63999938964844	155.22999572753906	150.63999938964844	154.64999389648438	153.04061889648438	83322600
2023-02-08	153.8800048828125	154.5800018310547	151.1699981689453	151.9199981689453	150.33905029296875	64120100
2023-02-09	153.77999877929688	154.3300018310547	150.4199981689453	150.8699951171875	149.2999725341797	56007100
2023-02-10	149.4600067138672	151.33999633789062	149.22000122070312	151.00999450683594	149.6666717529297	57450700
2023-02-13	150.9499969482422	154.25999450683594	150.9199981689453	153.85000610351562	152.4814453125	62199000
2023-02-14	152.1199951171875	153.77000427246094	150.86000061035156	153.1999969482422	151.83718872070312	61707600
2023-02-15	153.11000061035156	155.5	152.8800048828125	155.3300018310547	153.94825744628906	65573800
2023-02-16	153.50999450683594	156.3300018310547	153.35000610351562	153.7100067138672	152.34266662597656	68167900
2023-02-17	152.35000610351562	153.0	150.85000610351562	152.5500030517578	151.1929931640625	59144100
2023-02-21	150.1999969482422	151.3000030517578	148.41000366210938	148.47999572753906	147.1591796875	58867200
2023-02-22	148.8699951171875	149.9499969482422	147.16000366210938	148.91000366210938	147.5853729248047	51011300
2023-02-23	150.08999633789062	150.33999633789062	147.24000549316406	149.39999389648438	148.0709991455078	48394200
2023-02-24	147.11000061035156	147.19000244140625	145.72000122070312	146.7100067138672	145.40493774414062	55469600
2023-02-27	147.7100067138672	149.1699981689453	147.4499969482422	147.9199981689453	146.60415649414062	44998500
2023-02-28	147.0500030517578	149.0800018310547	146.8300018310547	147.41000366210938	146.09872436523438	50547000
2023-03-01	146.8300018310547	147.22999572753906	145.00999450683594	145.30999755859375	144.0174102783203	55479000
2023-03-02	144.3800048828125	146.7100067138672	143.89999389648438	145.91000366210938	144.612060546875	52238100
2023-03-03	148.0399932861328	151.11000061035156	147.3300018310547	151.02999877929688	149.68650817871094	70732300
2023-03-06	153.7899932861328	156.3000030517578	153.4600067138672	153.8300018310547	152.46157836914062	87558000
2023-03-07	153.6999969482422	154.02999877929688	151.1300048828125	151.60000610351562	150.2514190673828	56182000
2023-03-08	152.80999755859375	153.47000122070312	151.8300018310547	152.8699951171875	151.5101318359375	47204800
2023-03-09	153.55999755859375	154.5399932861328	150.22999572753906	150.58999633789062	149.25042724609375	53833600
2023-03-10	150.2100067138672	150.94000244140625	147.61000061035156	148.5	147.1790313720703	68572400
2023-03-13	147.80999755859375	153.13999938964844	147.6999969482422	150.47000122070312	149.13148498535156	84457100
2023-03-14	151.27999877929688	153.39999389648438	150.10000610351562	152.58999633789062	151.2326202392578	73695900
2023-03-15	151.19000244140625	153.25	149.9199981689453	152.99000549316406	151.62908935546875	77167900
2023-03-16	152.16000366210938	156.4600067138672	151.63999938964844	155.85000610351562	154.46363830566406	76161100
2023-03-17	156.0800018310547	156.74000549316406	154.27999877929688	155.0	153.62120056152344	98944600
2023-03-20	155.07000732421875	157.82000732421875	154.14999389648438	157.39999389648438	155.9998321533203	73641400
2023-03-21	157.32000732421875	159.39999389648438	156.5399932861328	159.27999877929688	157.86309814453125	73938300
2023-03-22	159.3000030517578	162.13999938964844	157.80999755859375	157.8300018310547	156.42601013183594	75701800
2023-03-23	158.8300018310547	161.5500030517578	157.67999267578125	158.92999267578125	157.51622009277344	67622100
2023-03-24	158.86000061035156	160.33999633789062	157.85000610351562	160.25	158.82449340820312	59196500
2023-03-27	159.94000244140625	160.77000427246094	157.8699951171875	158.27999877929688	156.87200927734375	52390300
2023-03-28	157.97000122070312	158.49000549316406	155.97999572753906	157.64999389648438	156.24761962890625	45992200
2023-03-29	159.3699951171875	161.0500030517578	159.35000610351562	160.77000427246094	159.33987426757812	51305700
2023-03-30	161.52999877929688	162.47000122070312	161.27000427246094	162.36000061035156	160.9157257080078	49501700
2023-03-31	162.44000244140625	165.0	161.91000366210938	164.89999389648438	163.43312072753906	68749800
2023-04-03	164.27000427246094	166.2899932861328	164.22000122070312	166.1699981689453	164.69180297851562	56976200
2023-04-04	166.60000610351562	166.83999633789062	165.11000061035156	165.6300048828125	164.15664672851562	46278300
2023-04-05	164.74000549316406	165.0500030517578	161.8000030517578	163.75999450683594	162.3032684326172	51511700
2023-04-06	162.42999267578125	164.9600067138672	162.0	164.66000366210938	163.1952667236328	45390100
2023-04-10	161.4199981689453	162.02999877929688	160.0800018310547	162.02999877929688	160.58865356445312	47716900
2023-04-11	162.35000610351562	162.36000061035156	160.50999450683594	160.8000030517578	159.3695831298828	47644200
2023-04-12	161.22000122070312	162.05999755859375	159.77999877929688	160.10000610351562	158.67581176757812	50133100
2023-04-13	161.6300048828125	165.8000030517578	161.4199981689453	165.55999755859375	164.08726501464844	68445600
2023-04-14	164.58999633789062	166.32000732421875	163.82000732421875	165.2100067138672	163.74038696289062	49386500
2023-04-17	165.08999633789062	165.38999938964844	164.02999877929688	165.22999572753906	163.76019287109375	41516200
2023-04-18	166.10000610351562	167.41000366210938	165.64999389648438	166.47000122070312	164.98915100097656	49923000
2023-04-19	165.8000030517578	168.16000366210938	165.5399932861328	167.6300048828125	166.13885498046875	47720200
2023-04-20	166.08999633789062	167.8699951171875	165.55999755859375	166.64999389648438	165.1675567626953	52456400
2023-04-21	165.0500030517578	166.4499969482422	164.49000549316406	165.02000427246094	163.5520782470703	58337300
2023-04-24	165.0	165.60000610351562	163.88999938964844	165.3300018310547	163.8592987060547	41949600
2023-04-25	165.19000244140625	166.30999755859375	163.72999572753906	163.77000427246094	162.3131866455078	48714100
2023-04-26	163.05999755859375	165.27999877929688	162.8000030517578	163.75999450683594	162.3032684326172	45498800
2023-04-27	165.19000244140625	168.55999755859375	165.19000244140625	168.41000366210938	166.9119110107422	64902300
2023-04-28	168.49000549316406	169.85000610351562	167.8800048828125	169.67999267578125	168.1705780029297	55209200
2023-05-01	169.27999877929688	170.4499969482422	168.63999938964844	169.58999633789062	168.08140563964844	52472900
2023-05-02	170.08999633789062	170.35000610351562	167.5399932861328	168.5399932861328	167.04074096679688	48425700
2023-05-03	169.5	170.9199981689453	167.16000366210938	167.4499969482422	165.96043395996094	65136000
2023-05-04	164.88999938964844	167.0399932861328	164.30999755859375	165.7899932861328	164.315185546875	81235400
2023-05-05	170.97999572753906	174.3000030517578	170.75999450683594	173.57000732421875	172.02601623535156	113316400
2023-05-08	172.47999572753906	173.85000610351562	172.11000061035156	173.5	171.9566192626953	55962800
2023-05-09	173.0500030517578	173.5399932861328	171.60000610351562	171.77000427246094	170.24200439453125	45326900
2023-05-10	173.02000427246094	174.02999877929688	171.89999389648438	173.55999755859375	172.0160675048828	53724500
2023-05-11	173.85000610351562	174.58999633789062	172.1699981689453	173.75	172.2043914794922	49514700
2023-05-12	173.6199951171875	174.05999755859375	171.0	172.57000732421875	171.27146911621094	45497800
2023-05-15	173.16000366210938	173.2100067138672	171.47000122070312	172.07000732421875	170.77523803710938	37266700
2023-05-16	171.99000549316406	173.13999938964844	171.8000030517578	172.07000732421875	170.77523803710938	42110300
2023-05-17	171.7100067138672	172.92999267578125	170.4199981689453	172.69000244140625	171.3905487060547	57951600
2023-05-18	173.0	175.24000549316406	172.5800018310547	175.0500030517578	173.73281860351562	65496700
2023-05-19	176.38999938964844	176.38999938964844	174.94000244140625	175.16000366210938	173.8419647216797	55772400
2023-05-22	173.97999572753906	174.7100067138672	173.4499969482422	174.1999969482422	172.8892059326172	43570900
2023-05-23	173.1300048828125	173.3800048828125	171.27999877929688	171.55999755859375	170.26905822753906	50747300
2023-05-24	171.08999633789062	172.4199981689453	170.52000427246094	171.83999633789062	170.5469512939453	45143500
2023-05-25	172.41000366210938	173.89999389648438	171.69000244140625	172.99000549316406	171.68832397460938	56058300
2023-05-26	173.32000732421875	175.77000427246094	173.11000061035156	175.42999267578125	174.10995483398438	54835000
2023-05-30	176.9600067138672	178.99000549316406	176.57000732421875	177.3000030517578	175.9658660888672	55964400
2023-05-31	177.3300018310547	179.35000610351562	176.75999450683594	177.25	175.91624450683594	99625300
2023-06-01	177.6999969482422	180.1199951171875	176.92999267578125	180.08999633789062	178.73487854003906	68901800
2023-06-02	181.02999877929688	181.77999877929688	179.25999450683594	180.9499969482422	179.5884246826172	61945900
2023-06-05	182.6300048828125	184.9499969482422	178.0399932861328	179.5800018310547	178.22872924804688	121946500
2023-06-06	179.97000122070312	180.1199951171875	177.42999267578125	179.2100067138672	177.8614959716797	64848400
2023-06-07	178.44000244140625	181.2100067138672	177.32000732421875	177.82000732421875	176.4819793701172	61944600
2023-06-08	177.89999389648438	180.83999633789062	177.4600067138672	180.57000732421875	179.21127319335938	50214900
2023-06-09	181.5	182.22999572753906	180.6300048828125	180.9600067138672	179.5983428955078	48870700
2023-06-12	181.27000427246094	183.88999938964844	180.97000122070312	183.7899932861328	182.40704345703125	54274900
2023-06-13	182.8000030517578	184.14999389648438	182.44000244140625	183.30999755859375	181.93064880371094	54929100
2023-06-14	183.3699951171875	184.38999938964844	182.02000427246094	183.9499969482422	182.56582641601562	57462900
2023-06-15	183.9600067138672	186.52000427246094	183.77999877929688	186.00999450683594	184.61033630371094	65433200
2023-06-16	186.72999572753906	186.99000549316406	184.27000427246094	184.9199981689453	183.52854919433594	101235600
2023-06-20	184.41000366210938	186.10000610351562	184.41000366210938	185.00999450683594	183.61785888671875	49799100
2023-06-21	184.89999389648438	185.41000366210938	182.58999633789062	183.9600067138672	182.57577514648438	49515700
2023-06-22	183.74000549316406	187.0500030517578	183.6699981689453	187.0	185.5928955078125	51245300
2023-06-23	185.5500030517578	187.55999755859375	185.00999450683594	186.67999267578125	185.27528381347656	53079300
2023-06-26	186.8300018310547	188.0500030517578	185.22999572753906	185.27000427246094	183.87591552734375	48088700
2023-06-27	185.88999938964844	188.38999938964844	185.6699981689453	188.05999755859375	186.6448974609375	50730800
2023-06-28	187.92999267578125	189.89999389648438	187.60000610351562	189.25	187.82595825195312	51216800
2023-06-29	189.0800018310547	190.07000732421875	188.94000244140625	189.58999633789062	188.1634063720703	46347300
2023-06-30	191.6300048828125	194.47999572753906	191.25999450683594	193.97000122070312	192.51043701171875	85069600
2023-07-03	193.77999877929688	193.8800048828125	191.75999450683594	192.4600067138672	191.0117950439453	31458200
2023-07-05	191.57000732421875	192.97999572753906	190.6199951171875	191.3300018310547	189.8903045654297	46920300
2023-07-06	189.83999633789062	192.02000427246094	189.1999969482422	191.80999755859375	190.36669921875	45094300
2023-07-07	191.41000366210938	192.6699981689453	190.24000549316406	190.67999267578125	189.2451934814453	46778000
2023-07-10	189.25999450683594	189.99000549316406	187.0399932861328	188.61000061035156	187.19078063964844	59922200
2023-07-11	189.16000366210938	189.3000030517578	186.60000610351562	188.0800018310547	186.6647491455078	46638100
2023-07-12	189.67999267578125	191.6999969482422	188.47000122070312	189.77000427246094	188.34205627441406	60750200
2023-07-13	190.5	191.19000244140625	189.77999877929688	190.5399932861328	189.10626220703125	41342300
2023-07-14	190.22999572753906	191.17999267578125	189.6300048828125	190.69000244140625	189.255126953125	41573900
2023-07-17	191.89999389648438	194.32000732421875	191.80999755859375	193.99000549316406	192.53028869628906	50520200
2023-07-18	193.35000610351562	194.3300018310547	192.4199981689453	193.72999572753906	192.27224731445312	48353800
2023-07-19	193.10000610351562	198.22999572753906	192.64999389648438	195.10000610351562	193.63194274902344	80507300
2023-07-20	195.08999633789062	196.47000122070312	192.5	193.1300048828125	191.67678833007812	59581200
2023-07-21	194.10000610351562	194.97000122070312	191.22999572753906	191.94000244140625	190.4957275390625	71917800
2023-07-24	193.41000366210938	194.91000366210938	192.25	192.75	191.2996063232422	45377800
2023-07-25	193.3300018310547	194.44000244140625	192.9199981689453	193.6199951171875	192.1630859375	37283200
2023-07-26	193.6699981689453	195.63999938964844	193.32000732421875	194.5	193.03643798828125	47471900
2023-07-27	196.02000427246094	197.1999969482422	192.5500030517578	193.22000122070312	191.76608276367188	47460200
2023-07-28	194.6699981689453	196.6300048828125	194.13999938964844	195.8300018310547	194.35643005371094	48291400
2023-07-31	196.05999755859375	196.49000549316406	195.25999450683594	196.4499969482422	194.97178649902344	38824100
2023-08-01	196.24000549316406	196.72999572753906	195.27999877929688	195.61000061035156	194.13812255859375	35175100
2023-08-02	195.0399932861328	195.17999267578125	191.85000610351562	192.5800018310547	191.1309051513672	50389300
2023-08-03	191.57000732421875	192.3699951171875	190.69000244140625	191.1699981689453	189.7315216064453	61235200
2023-08-04	185.52000427246094	187.3800048828125	181.9199981689453	181.99000549316406	180.62060546875	115799700
2023-08-07	182.1300048828125	183.1300048828125	177.35000610351562	178.85000610351562	177.50421142578125	97576100
2023-08-08	179.69000244140625	180.27000427246094	177.5800018310547	179.8000030517578	178.44708251953125	67823000
2023-08-09	180.8699951171875	180.92999267578125	177.00999450683594	178.19000244140625	176.84918212890625	60378500
2023-08-10	179.47999572753906	180.75	177.60000610351562	177.97000122070312	176.63084411621094	54686900
2023-08-11	177.32000732421875	178.6199951171875	176.5500030517578	177.7899932861328	176.6904754638672	51988100
2023-08-14	177.97000122070312	179.69000244140625	177.30999755859375	179.4600067138672	178.3501434326172	43675600
2023-08-15	178.8800048828125	179.47999572753906	177.0500030517578	177.4499969482422	176.3525848388672	43622600
2023-08-16	177.1300048828125	178.5399932861328	176.5	176.57000732421875	175.47801208496094	46964900
2023-08-17	177.13999938964844	177.50999450683594	173.47999572753906	174.0	172.9239044189453	66062900
2023-08-18	172.3000030517578	175.10000610351562	171.9600067138672	174.49000549316406	173.410888671875	61114200
2023-08-21	175.07000732421875	176.1300048828125	173.74000549316406	175.83999633789062	174.75253295898438	46311900
2023-08-22	177.05999755859375	177.67999267578125	176.25	177.22999572753906	176.13392639160156	42084200
2023-08-23	178.52000427246094	181.5500030517578	178.3300018310547	181.1199951171875	179.9998779296875	52722800
2023-08-24	180.6699981689453	181.10000610351562	176.00999450683594	176.3800048828125	175.28919982910156	54945800
2023-08-25	177.3800048828125	179.14999389648438	175.82000732421875	178.61000061035156	177.50538635253906	51449600
2023-08-28	180.08999633789062	180.58999633789062	178.5500030517578	180.19000244140625	179.0756378173828	43820700
2023-08-29	179.6999969482422	184.89999389648438	179.5	184.1199951171875	182.98130798339844	53003900
2023-08-30	184.94000244140625	187.85000610351562	184.74000549316406	187.64999389648438	186.48948669433594	60813900
2023-08-31	187.83999633789062	189.1199951171875	187.47999572753906	187.8699951171875	186.7081298828125	60794500
2023-09-01	189.49000549316406	189.9199981689453	188.27999877929688	189.4600067138672	188.28829956054688	45732600
2023-09-05	188.27999877929688	189.97999572753906	187.61000061035156	189.6999969482422	188.5268096923828	45280000
2023-09-06	188.39999389648438	188.85000610351562	181.47000122070312	182.91000366210938	181.77880859375	81755800
2023-09-07	175.17999267578125	178.2100067138672	173.5399932861328	177.55999755859375	176.46188354492188	112488800
2023-09-08	178.35000610351562	180.24000549316406	177.7899932861328	178.17999267578125	177.07803344726562	65551300
2023-09-11	180.07000732421875	180.3000030517578	177.33999633789062	179.36000061035156	178.25076293945312	58953100
2023-09-12	179.49000549316406	180.1300048828125	174.82000732421875	176.3000030517578	175.20968627929688	90370200
2023-09-13	176.50999450683594	177.3000030517578	173.97999572753906	174.2100067138672	173.1326141357422	84267900
2023-09-14	174.0	176.10000610351562	173.5800018310547	175.74000549316406	174.65313720703125	60895800
2023-09-15	176.47999572753906	176.5	173.82000732421875	175.00999450683594	173.9276580810547	109205100
2023-09-18	176.47999572753906	179.3800048828125	176.1699981689453	177.97000122070312	176.86935424804688	67257600
2023-09-19	177.52000427246094	179.6300048828125	177.1300048828125	179.07000732421875	177.96255493164062	51826900
2023-09-20	179.25999450683594	179.6999969482422	175.39999389648438	175.49000549316406	174.40469360351562	58436200
2023-09-21	174.5500030517578	176.3000030517578	173.86000061035156	173.92999267578125	172.8543243408203	63047900
2023-09-22	174.6699981689453	177.0800018310547	174.0500030517578	174.7899932861328	173.70901489257812	56725400
2023-09-25	174.1999969482422	176.97000122070312	174.14999389648438	176.0800018310547	174.99105834960938	46172700
2023-09-26	174.82000732421875	175.1999969482422	171.66000366210938	171.9600067138672	170.89654541015625	64588900
2023-09-27	172.6199951171875	173.0399932861328	169.0500030517578	170.42999267578125	169.37599182128906	66921800
2023-09-28	169.33999633789062	172.02999877929688	167.6199951171875	170.69000244140625	169.63436889648438	56294400
2023-09-29	172.02000427246094	173.07000732421875	170.33999633789062	171.2100067138672	170.15115356445312	51814200
2023-10-02	171.22000122070312	174.3000030517578	170.92999267578125	173.75	172.67544555664062	52164500
2023-10-03	172.25999450683594	173.6300048828125	170.82000732421875	172.39999389648438	171.3337860107422	49594600
2023-10-04	171.08999633789062	174.2100067138672	170.97000122070312	173.66000366210938	172.5860137939453	53020300
2023-10-05	173.7899932861328	175.4499969482422	172.67999267578125	174.91000366210938	173.82827758789062	48527900
2023-10-06	173.8000030517578	177.99000549316406	173.17999267578125	177.49000549316406	176.39234924316406	57224100
2023-10-09	176.80999755859375	179.0500030517578	175.8000030517578	178.99000549316406	177.88307189941406	42390800
2023-10-10	178.10000610351562	179.72000122070312	177.9499969482422	178.38999938964844	177.28675842285156	43698000
2023-10-11	178.1999969482422	179.85000610351562	177.60000610351562	179.8000030517578	178.68804931640625	47551100
2023-10-12	180.07000732421875	182.33999633789062	179.0399932861328	180.7100067138672	179.59242248535156	56743100
2023-10-13	181.4199981689453	181.92999267578125	178.13999938964844	178.85000610351562	177.74392700195312	51427100
2023-10-16	176.75	179.0800018310547	176.50999450683594	178.72000122070312	177.6147003173828	52517000
2023-10-17	176.64999389648438	178.4199981689453	174.8000030517578	177.14999389648438	176.05441284179688	57549400
2023-10-18	175.5800018310547	177.5800018310547	175.11000061035156	175.83999633789062	174.75253295898438	54764400
2023-10-19	176.0399932861328	177.83999633789062	175.19000244140625	175.4600067138672	174.37486267089844	59302900
2023-10-20	175.30999755859375	175.4199981689453	172.63999938964844	172.8800048828125	171.8108367919922	64189300
2023-10-23	170.91000366210938	174.00999450683594	169.92999267578125	173.0	171.9300994873047	55980100
2023-10-24	173.0500030517578	173.6699981689453	171.4499969482422	173.44000244140625	172.36740112304688	43816600
2023-10-25	171.8800048828125	173.05999755859375	170.64999389648438	171.10000610351562	170.04185485839844	57157000
2023-10-26	170.3699951171875	171.3800048828125	165.6699981689453	166.88999938964844	165.85787963867188	70625300
2023-10-27	166.91000366210938	168.9600067138672	166.8300018310547	168.22000122070312	167.17965698242188	58499100
2023-10-30	169.02000427246094	171.1699981689453	168.8699951171875	170.2899932861328	169.23684692382812	51131000
2023-10-31	169.35000610351562	170.89999389648438	167.89999389648438	170.77000427246094	169.71388244628906	44846000
2023-11-01	171.0	174.22999572753906	170.1199951171875	173.97000122070312	172.8940887451172	56934900
2023-11-02	175.52000427246094	177.77999877929688	175.4600067138672	177.57000732421875	176.47183227539062	77334800
2023-11-03	174.24000549316406	176.82000732421875	173.35000610351562	176.64999389648438	175.5574951171875	79763700
2023-11-06	176.3800048828125	179.42999267578125	176.2100067138672	179.22999572753906	178.12156677246094	63841300
2023-11-07	179.17999267578125	182.44000244140625	178.97000122070312	181.82000732421875	180.69557189941406	70530000
2023-11-08	182.35000610351562	183.4499969482422	181.58999633789062	182.88999938964844	181.75894165039062	49340300
2023-11-09	182.9600067138672	184.1199951171875	181.80999755859375	182.41000366210938	181.28189086914062	53763500
2023-11-10	183.97000122070312	186.57000732421875	183.52999877929688	186.39999389648438	185.49127197265625	66133400
2023-11-13	185.82000732421875	186.02999877929688	184.2100067138672	184.8000030517578	183.89906311035156	43627500
2023-11-14	187.6999969482422	188.11000061035156	186.3000030517578	187.44000244140625	186.52621459960938	60108400
2023-11-15	187.85000610351562	189.5	187.77999877929688	188.00999450683594	187.0934295654297	53790500
2023-11-16	189.57000732421875	190.9600067138672	188.64999389648438	189.7100067138672	188.78515625	54412900
2023-11-17	190.25	190.3800048828125	188.57000732421875	189.69000244140625	188.76522827148438	50922700
2023-11-20	189.88999938964844	191.91000366210938	189.8800048828125	191.4499969482422	190.51666259765625	46505100
2023-11-21	191.41000366210938	191.52000427246094	189.74000549316406	190.63999938964844	189.71060180664062	38134500
2023-11-22	191.49000549316406	192.92999267578125	190.8300018310547	191.30999755859375	190.37733459472656	39617700
2023-11-24	190.8699951171875	190.89999389648438	189.25	189.97000122070312	189.0438690185547	24048300
2023-11-27	189.9199981689453	190.6699981689453	188.89999389648438	189.7899932861328	188.86474609375	40552600
2023-11-28	189.77999877929688	191.0800018310547	189.39999389648438	190.39999389648438	189.4717559814453	38415400
2023-11-29	190.89999389648438	192.08999633789062	188.97000122070312	189.3699951171875	188.44679260253906	43014200
2023-11-30	189.83999633789062	190.32000732421875	188.19000244140625	189.9499969482422	189.0239715576172	48794400
2023-12-01	190.3300018310547	191.55999755859375	189.22999572753906	191.24000549316406	190.30767822265625	45679300
2023-12-04	189.97999572753906	190.0500030517578	187.4499969482422	189.42999267578125	188.50650024414062	43389500
2023-12-05	190.2100067138672	194.39999389648438	190.17999267578125	193.4199981689453	192.47705078125	66628400
2023-12-06	194.4499969482422	194.75999450683594	192.11000061035156	192.32000732421875	191.38241577148438	41089700
2023-12-07	193.6300048828125	195.0	193.58999633789062	194.27000427246094	193.32290649414062	47477700
2023-12-08	194.1999969482422	195.99000549316406	193.6699981689453	195.7100067138672	194.75588989257812	53377300
2023-12-11	193.11000061035156	193.49000549316406	191.4199981689453	193.17999267578125	192.2382049560547	60943700
2023-12-12	193.0800018310547	194.72000122070312	191.72000122070312	194.7100067138672	193.7607879638672	52696900
2023-12-13	195.08999633789062	198.0	194.85000610351562	197.9600067138672	196.9949188232422	70404200
2023-12-14	198.02000427246094	199.6199951171875	196.16000366210938	198.11000061035156	197.14418029785156	66831600
2023-12-15	197.52999877929688	198.39999389648438	197.0	197.57000732421875	196.60682678222656	128256700
2023-12-18	196.08999633789062	196.6300048828125	194.38999938964844	195.88999938964844	194.9350128173828	55751900
2023-12-19	196.16000366210938	196.9499969482422	195.88999938964844	196.94000244140625	195.97988891601562	40714100
2023-12-20	196.89999389648438	197.67999267578125	194.8300018310547	194.8300018310547	193.88018798828125	52242800
2023-12-21	196.10000610351562	197.0800018310547	193.5	194.67999267578125	193.73089599609375	46482500
2023-12-22	195.17999267578125	195.41000366210938	192.97000122070312	193.60000610351562	192.6561737060547	37122800
2023-12-26	193.61000061035156	193.88999938964844	192.8300018310547	193.0500030517578	192.10887145996094	28919300
2023-12-27	192.49000549316406	193.5	191.08999633789062	193.14999389648438	192.20835876464844	48087700
2023-12-28	194.13999938964844	194.66000366210938	193.1699981689453	193.5800018310547	192.63629150390625	34049900
2023-12-29	193.89999389648438	194.39999389648438	191.72999572753906	192.52999877929688	191.5913848876953	42628800
2024-01-02	187.14999389648438	188.44000244140625	183.88999938964844	185.63999938964844	184.73497009277344	82488700
2024-01-03	184.22000122070312	185.8800048828125	183.42999267578125	184.25	183.35174560546875	58414500
2024-01-04	182.14999389648438	183.08999633789062	180.8800048828125	181.91000366210938	181.02317810058594	71983600
2024-01-05	181.99000549316406	182.75999450683594	180.1699981689453	181.17999267578125	180.2967071533203	62303300
2024-01-08	182.08999633789062	185.60000610351562	181.5	185.55999755859375	184.65536499023438	59144500
2024-01-09	183.9199981689453	185.14999389648438	182.72999572753906	185.13999938964844	184.23741149902344	42841800
2024-01-10	184.35000610351562	186.39999389648438	183.9199981689453	186.19000244140625	185.2823028564453	46792900
2024-01-11	186.5399932861328	187.0500030517578	183.6199951171875	185.58999633789062	184.68521118164062	49128400
2024-01-12	186.05999755859375	186.74000549316406	185.19000244140625	185.9199981689453	185.01361083984375	40444700
2024-01-16	182.16000366210938	184.25999450683594	180.92999267578125	183.6300048828125	182.7347869873047	65603000
2024-01-17	181.27000427246094	182.92999267578125	180.3000030517578	182.67999267578125	181.78939819335938	47317400
2024-01-18	186.08999633789062	189.13999938964844	185.8300018310547	188.6300048828125	187.71041870117188	78005800
2024-01-19	189.3300018310547	191.9499969482422	188.82000732421875	191.55999755859375	190.62612915039062	68741000
2024-01-22	192.3000030517578	195.3300018310547	192.25999450683594	193.88999938964844	192.9447479248047	60133900
2024-01-23	195.02000427246094	195.75	193.8300018310547	195.17999267578125	194.22845458984375	42355600
2024-01-24	195.4199981689453	196.3800048828125	194.33999633789062	194.5	193.55178833007812	53631300
2024-01-25	195.22000122070312	196.27000427246094	193.11000061035156	194.1699981689453	193.223388671875	54822100
2024-01-26	194.27000427246094	194.75999450683594	191.94000244140625	192.4199981689453	191.48191833496094	44594000
2024-01-29	192.00999450683594	192.1999969482422	189.5800018310547	191.72999572753906	190.79530334472656	47145600
2024-01-30	190.94000244140625	191.8000030517578	187.47000122070312	188.0399932861328	187.12327575683594	55859400
2024-01-31	187.0399932861328	187.10000610351562	184.35000610351562	184.39999389648438	183.5010223388672	55467800
2024-02-01	183.99000549316406	186.9499969482422	183.82000732421875	186.86000061035156	185.94903564453125	64885400
2024-02-02	179.86000061035156	187.3300018310547	179.25	185.85000610351562	184.94395446777344	102518000
2024-02-05	188.14999389648438	189.25	185.83999633789062	187.67999267578125	186.76504516601562	69668800
2024-02-06	186.86000061035156	189.30999755859375	186.77000427246094	189.3000030517578	188.37713623046875	43490800
2024-02-07	190.63999938964844	191.0500030517578	188.61000061035156	189.41000366210938	188.48660278320312	53439000
2024-02-08	189.38999938964844	189.5399932861328	187.35000610351562	188.32000732421875	187.40191650390625	40962000
2024-02-09	188.64999389648438	189.99000549316406	188.0	188.85000610351562	188.1691436767578	45155200
2024-02-12	188.4199981689453	188.6699981689453	186.7899932861328	187.14999389648438	186.4752655029297	41781900
2024-02-13	185.77000427246094	186.2100067138672	183.50999450683594	185.0399932861328	184.37286376953125	56529500
2024-02-14	185.32000732421875	185.52999877929688	182.44000244140625	184.14999389648438	183.48606872558594	54630500
2024-02-15	183.5500030517578	184.49000549316406	181.35000610351562	183.86000061035156	183.19712829589844	65434500
2024-02-16	183.4199981689453	184.85000610351562	181.6699981689453	182.30999755859375	181.65269470214844	49701400
2024-02-20	181.7899932861328	182.42999267578125	180.0	181.55999755859375	180.90541076660156	53665600
2024-02-21	181.94000244140625	182.88999938964844	180.66000366210938	182.32000732421875	181.66268920898438	41529700
2024-02-22	183.47999572753906	184.9600067138672	182.4600067138672	184.3699951171875	183.70526123046875	52292200
2024-02-23	185.00999450683594	185.0399932861328	182.22999572753906	182.52000427246094	181.86196899414062	45119700
2024-02-26	182.24000549316406	182.75999450683594	180.64999389648438	181.16000366210938	180.50686645507812	40867400
2024-02-27	181.10000610351562	183.9199981689453	179.55999755859375	182.6300048828125	181.9715576171875	54318900
2024-02-28	182.50999450683594	183.1199951171875	180.1300048828125	181.4199981689453	180.7659149169922	48953900
2024-02-29	181.27000427246094	182.57000732421875	179.52999877929688	180.75	180.09832763671875	136682600
2024-03-01	179.5500030517578	180.52999877929688	177.3800048828125	179.66000366210938	179.01226806640625	73488000
2024-03-04	176.14999389648438	176.89999389648438	173.7899932861328	175.10000610351562	174.4687042236328	81510100
2024-03-05	170.75999450683594	172.0399932861328	169.6199951171875	170.1199951171875	169.50665283203125	95132400
2024-03-06	171.05999755859375	171.24000549316406	168.67999267578125	169.1199951171875	168.51026916503906	68587700
2024-03-07	169.14999389648438	170.72999572753906	168.49000549316406	169.0	168.3907012939453	71765100
2024-03-08	169.0	173.6999969482422	168.94000244140625	170.72999572753906	170.1144561767578	76114600
2024-03-11	172.94000244140625	174.3800048828125	172.0500030517578	172.75	172.12718200683594	60139500
2024-03-12	173.14999389648438	174.02999877929688	171.00999450683594	173.22999572753906	172.60543823242188	59825400
2024-03-13	172.77000427246094	173.19000244140625	170.75999450683594	171.1300048828125	170.51303100585938	52488700
2024-03-14	172.91000366210938	174.30999755859375	172.0500030517578	173.0	172.37628173828125	72913500
2024-03-15	171.1699981689453	172.6199951171875	170.2899932861328	172.6199951171875	171.99765014648438	121664700
2024-03-18	175.57000732421875	177.7100067138672	173.52000427246094	173.72000122070312	173.0936737060547	75604200
2024-03-19	174.33999633789062	176.61000061035156	173.02999877929688	176.0800018310547	175.4451904296875	55215200
2024-03-20	175.72000122070312	178.6699981689453	175.08999633789062	178.6699981689453	178.0258331298828	53423100
2024-03-21	177.0500030517578	177.49000549316406	170.83999633789062	171.3699951171875	170.75213623046875	106181300
2024-03-22	171.75999450683594	173.0500030517578	170.05999755859375	172.27999877929688	171.6588592529297	71106600
2024-03-25	170.57000732421875	171.94000244140625	169.4499969482422	170.85000610351562	170.23403930664062	54288300
2024-03-26	170.0	171.4199981689453	169.5800018310547	169.7100067138672	169.09814453125	57388400
2024-03-27	170.41000366210938	173.60000610351562	170.11000061035156	173.30999755859375	172.68515014648438	60273300
2024-03-28	171.75	172.22999572753906	170.50999450683594	171.47999572753906	170.8617401123047	65672700
2024-04-01	171.19000244140625	171.25	169.47999572753906	170.02999877929688	169.4169921875	46240500
2024-04-02	169.0800018310547	169.33999633789062	168.22999572753906	168.83999633789062	168.23126220703125	49329500
2024-04-03	168.7899932861328	170.67999267578125	168.5800018310547	169.64999389648438	169.03836059570312	47691700
2024-04-04	170.2899932861328	171.9199981689453	168.82000732421875	168.82000732421875	168.21136474609375	53704400
2024-04-05	169.58999633789062	170.38999938964844	168.9499969482422	169.5800018310547	168.96861267089844	42055200
2024-04-08	169.02999877929688	169.1999969482422	168.24000549316406	168.4499969482422	167.84268188476562	37425500
2024-04-09	168.6999969482422	170.0800018310547	168.35000610351562	169.6699981689453	169.0582733154297	42451200
2024-04-10	168.8000030517578	169.08999633789062	167.11000061035156	167.77999877929688	167.17507934570312	49709300
2024-04-11	168.33999633789062	175.4600067138672	168.16000366210938	175.0399932861328	174.40892028808594	91070300
2024-04-12	174.25999450683594	178.36000061035156	174.2100067138672	176.5500030517578	175.91348266601562	101593300
2024-04-15	175.36000061035156	176.6300048828125	172.5	172.69000244140625	172.0673828125	73531800
2024-04-16	171.75	173.75999450683594	168.27000427246094	169.3800048828125	168.7693328857422	73711200
2024-04-17	169.61000061035156	170.64999389648438	168.0	168.0	167.39430236816406	50901200
2024-04-18	168.02999877929688	168.63999938964844	166.5500030517578	167.0399932861328	166.437744140625	43122900
2024-04-19	166.2100067138672	166.39999389648438	164.0800018310547	165.0	164.40512084960938	67772100
2024-04-22	165.52000427246094	167.25999450683594	164.77000427246094	165.83999633789062	165.24208068847656	48116400
2024-04-23	165.35000610351562	167.0500030517578	164.9199981689453	166.89999389648438	166.29824829101562	49537800
2024-04-24	166.5399932861328	169.3000030517578	166.2100067138672	169.02000427246094	168.41062927246094	48251800
2024-04-25	169.52999877929688	170.61000061035156	168.14999389648438	169.88999938964844	169.27749633789062	50558300
2024-04-26	169.8800048828125	171.33999633789062	169.17999267578125	169.3000030517578	168.6896209716797	44838400
2024-04-29	173.3699951171875	176.02999877929688	173.10000610351562	173.5	172.8744659423828	68169400
2024-04-30	173.3300018310547	174.99000549316406	170.0	170.3300018310547	169.7158966064453	65934800
2024-05-01	169.5800018310547	172.7100067138672	169.11000061035156	169.3000030517578	168.6896209716797	50383100
2024-05-02	172.50999450683594	173.4199981689453	170.88999938964844	173.02999877929688	172.4061737060547	94214900
2024-05-03	186.64999389648438	187.0	182.66000366210938	183.3800048828125	182.71884155273438	163224100
2024-05-06	182.35000610351562	184.1999969482422	180.4199981689453	181.7100067138672	181.05487060546875	78569700
2024-05-07	183.4499969482422	184.89999389648438	181.32000732421875	182.39999389648438	181.7423858642578	77305800
2024-05-08	182.85000610351562	183.07000732421875	181.4499969482422	182.74000549316406	182.08116149902344	45057100
2024-05-09	182.55999755859375	184.66000366210938	182.11000061035156	184.57000732421875	183.90457153320312	48983000
2024-05-10	184.89999389648438	185.08999633789062	182.1300048828125	183.0500030517578	182.63742065429688	50759500
2024-05-13	185.44000244140625	187.10000610351562	184.6199951171875	186.27999877929688	185.8601531982422	72044800
2024-05-14	187.50999450683594	188.3000030517578	186.2899932861328	187.42999267578125	187.00755310058594	52393600
2024-05-15	187.91000366210938	190.64999389648438	187.3699951171875	189.72000122070312	189.2924041748047	70400000
2024-05-16	190.47000122070312	191.10000610351562	189.66000366210938	189.83999633789062	189.41212463378906	52845200
2024-05-17	189.50999450683594	190.80999755859375	189.17999267578125	189.8699951171875	189.4420623779297	41282900
2024-05-20	189.3300018310547	191.9199981689453	189.00999450683594	191.0399932861328	190.6094207763672	44361300
2024-05-21	191.08999633789062	192.72999572753906	190.9199981689453	192.35000610351562	191.91647338867188	42309400
2024-05-22	192.27000427246094	192.82000732421875	190.27000427246094	190.89999389648438	190.46974182128906	34648500
2024-05-23	190.97999572753906	191.0	186.6300048828125	186.8800048828125	186.45880126953125	51005900
2024-05-24	188.82000732421875	190.5800018310547	188.0399932861328	189.97999572753906	189.5518035888672	36294600
2024-05-28	191.50999450683594	193.0	189.10000610351562	189.99000549316406	189.56179809570312	52280100
2024-05-29	189.61000061035156	192.25	189.50999450683594	190.2899932861328	189.86111450195312	53068000
2024-05-30	190.75999450683594	192.17999267578125	190.6300048828125	191.2899932861328	190.85885620117188	49947900
2024-05-31	191.44000244140625	192.57000732421875	189.91000366210938	192.25	191.8166961669922	75158300
2024-06-03	192.89999389648438	194.99000549316406	192.52000427246094	194.02999877929688	193.59266662597656	50080500
2024-06-04	194.63999938964844	195.32000732421875	193.02999877929688	194.35000610351562	193.91195678710938	47471400
2024-06-05	195.39999389648438	196.89999389648438	194.8699951171875	195.8699951171875	195.42852783203125	54156800
2024-06-06	195.69000244140625	196.5	194.1699981689453	194.47999572753906	194.04165649414062	41181800
2024-06-07	194.64999389648438	196.94000244140625	194.13999938964844	196.88999938964844	196.4462432861328	53103900
2024-06-10	196.89999389648438	197.3000030517578	192.14999389648438	193.1199951171875	192.68472290039062	97262100
2024-06-11	193.64999389648438	207.16000366210938	193.6300048828125	207.14999389648438	206.68310546875	172373300
2024-06-12	207.3699951171875	220.1999969482422	206.89999389648438	213.07000732421875	212.58978271484375	198134300
2024-06-13	214.74000549316406	216.75	211.60000610351562	214.24000549316406	213.75714111328125	97862700
2024-06-14	213.85000610351562	215.1699981689453	211.3000030517578	212.49000549316406	212.01107788085938	70122700
2024-06-17	213.3699951171875	218.9499969482422	212.72000122070312	216.6699981689453	216.18165588378906	93728300
2024-06-18	217.58999633789062	218.6300048828125	213.0	214.2899932861328	213.8070068359375	79943300
2024-06-20	213.92999267578125	214.24000549316406	208.85000610351562	209.67999267578125	209.20741271972656	86172500
2024-06-21	210.38999938964844	211.88999938964844	207.11000061035156	207.49000549316406	207.02235412597656	246421400
2024-06-24	207.72000122070312	212.6999969482422	206.58999633789062	208.13999938964844	207.67086791992188	80727000
2024-06-25	209.14999389648438	211.3800048828125	208.61000061035156	209.07000732421875	208.59878540039062	56713900
2024-06-26	211.5	214.86000061035156	210.63999938964844	213.25	212.7693634033203	66213200
2024-06-27	214.69000244140625	215.74000549316406	212.35000610351562	214.10000610351562	213.61746215820312	49772700
2024-06-28	215.77000427246094	216.07000732421875	210.3000030517578	210.6199951171875	210.14527893066406	82542700
2024-07-01	212.08999633789062	217.50999450683594	211.9199981689453	216.75	216.261474609375	60402900
2024-07-02	216.14999389648438	220.3800048828125	215.10000610351562	220.27000427246094	219.77354431152344	58046200
2024-07-03	220.0	221.5500030517578	219.02999877929688	221.5500030517578	221.0506591796875	37369800
2024-07-05	221.64999389648438	226.4499969482422	221.64999389648438	226.33999633789062	225.82984924316406	60412400
2024-07-08	227.08999633789062	227.85000610351562	223.25	227.82000732421875	227.30653381347656	59085900
2024-07-09	227.92999267578125	229.39999389648438	226.3699951171875	228.67999267578125	228.16458129882812	48076100
2024-07-10	229.3000030517578	233.0800018310547	229.25	232.97999572753906	232.4548797607422	62627700
2024-07-11	231.38999938964844	232.38999938964844	225.77000427246094	227.57000732421875	227.05709838867188	64710600
2024-07-12	228.9199981689453	232.63999938964844	228.67999267578125	230.5399932861328	230.0203857421875	53046500
2024-07-15	236.47999572753906	237.22999572753906	233.08999633789062	234.39999389648438	233.87168884277344	62631300
2024-07-16	235.0	236.27000427246094	232.3300018310547	234.82000732421875	234.29075622558594	43234300
2024-07-17	229.4499969482422	231.4600067138672	226.63999938964844	228.8800048828125	228.3641357421875	57345900
2024-07-18	230.27999877929688	230.44000244140625	222.27000427246094	224.17999267578125	223.67471313476562	66034600
2024-07-19	224.82000732421875	226.8000030517578	223.27999877929688	224.30999755859375	223.80442810058594	49151500
2024-07-22	227.00999450683594	227.77999877929688	223.08999633789062	223.9600067138672	223.45523071289062	48201800
2024-07-23	224.3699951171875	226.94000244140625	222.67999267578125	225.00999450683594	224.5028533935547	39960300
2024-07-24	224.0	224.8000030517578	217.1300048828125	218.5399932861328	218.04742431640625	61777600
2024-07-25	218.92999267578125	220.85000610351562	214.6199951171875	217.49000549316406	216.99981689453125	51391200
2024-07-26	218.6999969482422	219.49000549316406	216.00999450683594	217.9600067138672	217.46875	41601300
2024-07-29	216.9600067138672	219.3000030517578	215.75	218.24000549316406	217.7481231689453	36311800
2024-07-30	219.19000244140625	220.3300018310547	216.1199951171875	218.8000030517578	218.30685424804688	41643800
2024-07-31	221.44000244140625	223.82000732421875	220.6300048828125	222.0800018310547	221.5794677734375	50036300
2024-08-01	224.3699951171875	224.47999572753906	217.02000427246094	218.36000061035156	217.8678436279297	62501000
2024-08-02	219.14999389648438	225.60000610351562	217.7100067138672	219.86000061035156	219.3644561767578	105568600
2024-08-05	199.08999633789062	213.5	196.0	209.27000427246094	208.79833984375	119548600
2024-08-06	205.3000030517578	209.99000549316406	201.07000732421875	207.22999572753906	206.76292419433594	69660500
2024-08-07	206.89999389648438	213.63999938964844	206.38999938964844	209.82000732421875	209.34710693359375	63516400
2024-08-08	213.11000061035156	214.1999969482422	208.8300018310547	213.30999755859375	212.8292236328125	47161100
2024-08-09	212.10000610351562	216.77999877929688	211.97000122070312	216.24000549316406	215.7526397705078	42201600
2024-08-12	216.07000732421875	219.50999450683594	215.60000610351562	217.52999877929688	217.2909393310547	38028100
2024-08-13	219.00999450683594	221.88999938964844	219.00999450683594	221.27000427246094	221.02682495117188	44155300
2024-08-14	220.57000732421875	223.02999877929688	219.6999969482422	221.72000122070312	221.47633361816406	41960600
2024-08-15	224.60000610351562	225.35000610351562	222.75999450683594	224.72000122070312	224.47303771972656	46414000
2024-08-16	223.9199981689453	226.8300018310547	223.64999389648438	226.0500030517578	225.80157470703125	44340200
2024-08-19	225.72000122070312	225.99000549316406	223.0399932861328	225.88999938964844	225.64175415039062	40687800
2024-08-20	225.77000427246094	227.1699981689453	225.4499969482422	226.50999450683594	226.2610626220703	30299000
2024-08-21	226.52000427246094	227.97999572753906	225.0500030517578	226.39999389648438	226.15118408203125	34765500
2024-08-22	227.7899932861328	228.33999633789062	223.89999389648438	224.52999877929688	224.2832489013672	43695300
2024-08-23	225.66000366210938	228.22000122070312	224.3300018310547	226.83999633789062	226.5906982421875	38677300
2024-08-26	226.75999450683594	227.27999877929688	223.88999938964844	227.17999267578125	226.93032836914062	30602200
2024-08-27	226.0	228.85000610351562	224.88999938964844	228.02999877929688	227.77938842773438	35934600
2024-08-28	227.9199981689453	229.86000061035156	225.67999267578125	226.49000549316406	226.2410888671875	38052200
2024-08-29	230.10000610351562	232.9199981689453	228.8800048828125	229.7899932861328	229.53746032714844	51906300
2024-08-30	230.19000244140625	230.39999389648438	227.47999572753906	229.0	228.7483367919922	52990800
2024-09-03	228.5500030517578	229.0	221.1699981689453	222.77000427246094	222.52517700195312	50190600
2024-09-04	221.66000366210938	221.77999877929688	217.47999572753906	220.85000610351562	220.6072998046875	43840200
2024-09-05	221.6300048828125	225.47999572753906	221.52000427246094	222.3800048828125	222.13560485839844	36615400
2024-09-06	223.9499969482422	225.24000549316406	219.77000427246094	220.82000732421875	220.57733154296875	48423000
2024-09-09	220.82000732421875	221.27000427246094	216.7100067138672	220.91000366210938	220.66722106933594	67180000
2024-09-10	218.9199981689453	221.47999572753906	216.72999572753906	220.11000061035156	219.86810302734375	51591000
2024-09-11	221.4600067138672	223.08999633789062	217.88999938964844	222.66000366210938	222.41529846191406	44587100
2024-09-12	222.5	223.5500030517578	219.82000732421875	222.77000427246094	222.52517700195312	37498200
2024-09-13	223.5800018310547	224.0399932861328	221.91000366210938	222.5	222.25547790527344	36766600
2024-09-16	216.5399932861328	217.22000122070312	213.9199981689453	216.32000732421875	216.082275390625	59357400
2024-09-17	215.75	216.89999389648438	214.5	216.7899932861328	216.55174255371094	45519300
2024-09-18	217.5500030517578	222.7100067138672	217.5399932861328	220.69000244140625	220.4474639892578	59894900
2024-09-19	224.99000549316406	229.82000732421875	224.6300048828125	228.8699951171875	228.61846923828125	66781300
2024-09-20	229.97000122070312	233.08999633789062	227.6199951171875	228.1999969482422	227.94920349121094	318679900
2024-09-23	227.33999633789062	229.4499969482422	225.80999755859375	226.47000122070312	226.2211151123047	54146000
2024-09-24	228.64999389648438	229.35000610351562	225.72999572753906	227.3699951171875	227.1201171875	43556100
2024-09-25	224.92999267578125	227.2899932861328	224.02000427246094	226.3699951171875	226.1212158203125	42308700
2024-09-26	227.3000030517578	228.5	225.41000366210938	227.52000427246094	227.26995849609375	36636700
2024-09-27	228.4600067138672	229.52000427246094	227.3000030517578	227.7899932861328	227.53965759277344	34026000
2024-09-30	230.0399932861328	233.0	229.64999389648438	233.0	232.7439422607422	54541900
2024-10-01	229.52000427246094	229.64999389648438	223.74000549316406	226.2100067138672	225.96141052246094	63285000
2024-10-02	225.88999938964844	227.3699951171875	223.02000427246094	226.77999877929688	226.53077697753906	32880600
2024-10-03	225.13999938964844	226.80999755859375	223.32000732421875	225.6699981689453	225.42198181152344	34044200
2024-10-04	227.89999389648438	228.0	224.1300048828125	226.8000030517578	226.55075073242188	37245100
2024-10-07	224.5	225.69000244140625	221.3300018310547	221.69000244140625	221.4463653564453	39505400
2024-10-08	224.3000030517578	225.97999572753906	223.25	225.77000427246094	225.52188110351562	31855700
2024-10-09	225.22999572753906	229.75	224.8300018310547	229.5399932861328	229.28773498535156	33591100
2024-10-10	227.77999877929688	229.5	227.1699981689453	229.0399932861328	228.7882843017578	28183500
2024-10-11	229.3000030517578	229.41000366210938	227.33999633789062	227.5500030517578	227.2999267578125	31759200
2024-10-14	228.6999969482422	231.72999572753906	228.60000610351562	231.3000030517578	231.04580688476562	39882100
2024-10-15	233.61000061035156	237.49000549316406	232.3699951171875	233.85000610351562	233.59300231933594	64751400
2024-10-16	231.60000610351562	232.1199951171875	229.83999633789062	231.77999877929688	231.5252685546875	34082200
2024-10-17	233.42999267578125	233.85000610351562	230.52000427246094	232.14999389648438	231.89486694335938	32993800
2024-10-18	236.17999267578125	236.17999267578125	234.00999450683594	235.0	234.74172973632812	46431500
2024-10-21	234.4499969482422	236.85000610351562	234.4499969482422	236.47999572753906	236.22010803222656	36254500
2024-10-22	233.88999938964844	236.22000122070312	232.60000610351562	235.86000061035156	235.60079956054688	38846600
2024-10-23	234.0800018310547	235.13999938964844	227.75999450683594	230.75999450683594	230.5063934326172	52287000
2024-10-24	229.97999572753906	230.82000732421875	228.41000366210938	230.57000732421875	230.31661987304688	31109500
2024-10-25	229.74000549316406	233.22000122070312	229.57000732421875	231.41000366210938	231.1556854248047	38802300
2024-10-28	233.32000732421875	234.72999572753906	232.5500030517578	233.39999389648438	233.14349365234375	36087100
2024-10-29	233.10000610351562	234.3300018310547	232.32000732421875	233.6699981689453	233.41319274902344	35417200
2024-10-30	232.61000061035156	233.47000122070312	229.5500030517578	230.10000610351562	229.8471221923828	47070900
2024-10-31	229.33999633789062	229.8300018310547	225.3699951171875	225.91000366210938	225.66172790527344	64370100
2024-11-01	220.97000122070312	225.35000610351562	220.27000427246094	222.91000366210938	222.66502380371094	65276700
2024-11-04	220.99000549316406	222.7899932861328	219.7100067138672	222.00999450683594	221.76600646972656	44944500
2024-11-05	221.8000030517578	223.9499969482422	221.13999938964844	223.4499969482422	223.2044219970703	28111300
2024-11-06	222.61000061035156	226.07000732421875	221.19000244140625	222.72000122070312	222.47523498535156	54561100
2024-11-07	224.6300048828125	227.8800048828125	224.57000732421875	227.47999572753906	227.22999572753906	42137700
2024-11-08	227.1699981689453	228.66000366210938	226.41000366210938	226.9600067138672	226.9600067138672	38328800
2024-11-11	225.0	225.6999969482422	221.5	224.22999572753906	224.22999572753906	42005600
2024-11-12	224.5500030517578	225.58999633789062	223.36000061035156	224.22999572753906	224.22999572753906	40398300
2024-11-13	224.00999450683594	226.64999389648438	222.75999450683594	225.1199951171875	225.1199951171875	48566200
2024-11-14	225.02000427246094	228.8699951171875	225.0	228.22000122070312	228.22000122070312	44923900
2024-11-15	226.39999389648438	226.9199981689453	224.27000427246094	225.0	225.0	47923700
2024-11-18	225.25	229.74000549316406	225.1699981689453	228.02000427246094	228.02000427246094	44686000
2024-11-19	226.97999572753906	230.16000366210938	226.66000366210938	228.27999877929688	228.27999877929688	36211800
2024-11-20	228.05999755859375	229.92999267578125	225.88999938964844	229.0	229.0	35169600
2024-11-21	228.8800048828125	230.16000366210938	225.7100067138672	228.52000427246094	228.52000427246094	42108300
2024-11-22	228.05999755859375	230.72000122070312	228.05999755859375	229.8699951171875	229.8699951171875	38168300
2024-11-25	231.4600067138672	233.25	229.74000549316406	232.8699951171875	232.8699951171875	90152800
2024-11-26	233.3300018310547	235.57000732421875	233.3300018310547	235.05999755859375	235.05999755859375	45986200
2024-11-27	234.47000122070312	235.69000244140625	233.80999755859375	234.92999267578125	234.92999267578125	33498400
2024-11-29	234.80999755859375	237.80999755859375	233.97000122070312	237.3300018310547	237.3300018310547	28481400
2024-12-02	237.27000427246094	240.7899932861328	237.16000366210938	239.58999633789062	239.58999633789062	48137100
2024-12-03	239.80999755859375	242.75999450683594	238.89999389648438	242.64999389648438	242.64999389648438	38861000
2024-12-04	242.8699951171875	244.11000061035156	241.25	243.00999450683594	243.00999450683594	44383900
2024-12-05	243.99000549316406	244.5399932861328	242.1300048828125	243.0399932861328	243.0399932861328	40033900
2024-12-06	242.91000366210938	244.6300048828125	242.0800018310547	242.83999633789062	242.83999633789062	36870600
2024-12-09	241.8300018310547	247.24000549316406	241.75	246.75	246.75	44649200
2024-12-10	246.88999938964844	248.2100067138672	245.33999633789062	247.77000427246094	247.77000427246094	36914800
2024-12-11	247.9600067138672	250.8000030517578	246.25999450683594	246.49000549316406	246.49000549316406	45205800
2024-12-12	246.88999938964844	248.74000549316406	245.67999267578125	247.9600067138672	247.9600067138672	32777500
2024-12-13	247.82000732421875	249.2899932861328	246.24000549316406	248.1300048828125	248.1300048828125	33155300
2024-12-16	247.99000549316406	251.3800048828125	247.64999389648438	251.0399932861328	251.0399932861328	51694800
2024-12-17	250.0800018310547	253.8300018310547	249.77999877929688	253.47999572753906	253.47999572753906	51356400
2024-12-18	252.16000366210938	254.27999877929688	247.74000549316406	248.0500030517578	248.0500030517578	56774100
2024-12-19	247.5	252.0	247.08999633789062	249.7899932861328	249.7899932861328	60882300
2024-12-20	248.0399932861328	255.0	245.69000244140625	254.49000549316406	254.49000549316406	147495300
2024-12-23	254.77000427246094	255.64999389648438	253.4499969482422	255.27000427246094	255.27000427246094	40858800
2024-12-24	255.49000549316406	258.2099914550781	255.2899932861328	258.20001220703125	258.20001220703125	23234700
2024-12-26	258.19000244140625	260.1000061035156	257.6300048828125	259.0199890136719	259.0199890136719	27237100
2024-12-27	257.8299865722656	258.70001220703125	253.05999755859375	255.58999633789062	255.58999633789062	42355300
2024-12-30	252.22999572753906	253.5	250.75	252.1999969482422	252.1999969482422	35557500
2024-12-31	252.44000244140625	253.27999877929688	249.42999267578125	250.4199981689453	250.4199981689453	39480700
2025-01-02	248.92999267578125	249.10000610351562	241.82000732421875	243.85000610351562	243.85000610351562	55740700
2025-01-03	243.36000061035156	244.17999267578125	241.88999938964844	243.36000061035156	243.36000061035156	40244100
2025-01-06	244.30999755859375	247.3300018310547	243.1999969482422	245.0	245.0	45045600
2025-01-07	242.97999572753906	245.5500030517578	241.35000610351562	242.2100067138672	242.2100067138672	40856000
2025-01-08	241.9199981689453	243.7100067138672	240.0500030517578	242.6999969482422	242.6999969482422	37628900
2025-01-10	240.00999450683594	240.16000366210938	233.0	236.85000610351562	236.85000610351562	61710900
2025-01-13	233.52999877929688	234.6699981689453	229.72000122070312	234.39999389648438	234.39999389648438	49630700
2025-01-14	234.75	236.1199951171875	232.47000122070312	233.27999877929688	233.27999877929688	39435300
2025-01-15	234.63999938964844	238.9600067138672	234.42999267578125	237.8699951171875	237.8699951171875	39832000
2025-01-16	237.35000610351562	238.00999450683594	228.02999877929688	228.25999450683594	228.25999450683594	71759100
2025-01-17	232.1199951171875	232.2899932861328	228.47999572753906	229.97999572753906	229.97999572753906	68247100
