Date	Open	High	Low	Close	Adj Close	Volume
2022-01-21	707.2899780273438	721.2000122070312	694.7100219726562	694.72998046875	673.7555541992188	1689600
2022-01-24	666.0499877929688	688.6400146484375	648.6300048828125	687.4199829101562	666.6661376953125	2833100
2022-01-25	652.6400146484375	668.1599731445312	643.8200073242188	648.5700073242188	628.989013671875	2095300
2022-01-26	661.6300048828125	679.3800048828125	644.6599731445312	653.260009765625	633.5375366210938	1376700
2022-01-27	664.7999877929688	665.0	631.4000244140625	634.6599731445312	615.4989624023438	1465300
2022-01-28	633.5999755859375	644.97998046875	620.6699829101562	644.969970703125	625.4977416992188	1339700
2022-01-31	650.7000122070312	677.5499877929688	648.030029296875	677.2000122070312	656.7548217773438	1357400
2022-02-01	682.5499877929688	683.7100219726562	666.27001953125	681.47998046875	660.9054565429688	945000
2022-02-02	687.9500122070312	691.239990234375	674.0900268554688	686.75	666.0164184570312	713600
2022-02-03	659.0900268554688	664.6699829101562	644.469970703125	645.9299926757812	626.4288330078125	1212000
2022-02-04	648.0499877929688	661.2100219726562	643.2999877929688	652.8099975585938	633.10107421875	863100
2022-02-07	654.1500244140625	661.4099731445312	648.5499877929688	650.030029296875	630.405029296875	520300
2022-02-08	636.8499755859375	655.3599853515625	635.5999755859375	653.469970703125	633.7412109375	745300
2022-02-09	670.7899780273438	682.22998046875	663.8800048828125	680.3699951171875	659.8290405273438	842000
2022-02-10	654.5900268554688	677.6199951171875	653.0	656.8800048828125	637.0481567382812	961200
2022-02-11	657.5399780273438	660.3200073242188	625.25	628.239990234375	609.2728271484375	1116300
2022-02-14	626.1500244140625	634.9500122070312	620.0	627.9099731445312	608.9528198242188	890200
2022-02-15	647.47998046875	658.3499755859375	642.3099975585938	656.4099731445312	636.5924682617188	821400
2022-02-16	651.0	666.0	644.6699829101562	663.8599853515625	643.8175048828125	610000
2022-02-17	659.3099975585938	662.219970703125	650.0	650.4299926757812	630.7929077148438	1020600
2022-02-18	652.1199951171875	657.77001953125	640.989990234375	647.8300170898438	628.2714233398438	899400
2022-02-22	638.5	653.0	629.8599853515625	640.27001953125	620.939697265625	934000
2022-02-23	651.0800170898438	654.4500122070312	631.010009765625	631.72998046875	612.657470703125	997000
2022-02-24	600.2899780273438	658.8599853515625	599.6799926757812	656.8400268554688	637.0093994140625	2047800
2022-02-25	656.9099731445312	667.1400146484375	650.0	667.1199951171875	646.9791259765625	1295400
2022-02-28	647.6500244140625	672.5700073242188	647.6500244140625	666.510009765625	646.387451171875	1979000
2022-03-01	660.2100219726562	665.0999755859375	627.5800170898438	634.2100219726562	615.0626220703125	1097300
2022-03-02	642.5900268554688	658.4199829101562	638.0999755859375	655.3699951171875	635.5838012695312	1035700
2022-03-03	652.02001953125	653.7000122070312	627.1900024414062	630.7899780273438	611.7459106445312	1020200
2022-03-04	603.7000122070312	609.4199829101562	581.6300048828125	594.3200073242188	576.3768920898438	2025300
2022-03-07	617.3900146484375	620.6099853515625	573.75	574.3400268554688	557.0001831054688	1607200
2022-03-08	574.0800170898438	593.47998046875	558.77001953125	573.0399780273438	555.7394409179688	1441800
2022-03-09	609.1500244140625	627.0	595.0	621.3400268554688	602.5811767578125	1593200
2022-03-10	599.5399780273438	608.5499877929688	596.1799926757812	600.0700073242188	581.9534301757812	735500
2022-03-11	614.0	615.0	584.8800048828125	585.8499755859375	568.1626586914062	819000
2022-03-14	599.5499877929688	601.5	577.3099975585938	577.5499877929688	560.1133422851562	1621700
2022-03-15	591.9199829101562	598.1900024414062	583.8599853515625	596.7000122070312	578.6851196289062	1542500
2022-03-16	621.4400024414062	651.0	617.1500244140625	650.6300048828125	630.9869995117188	1815200
2022-03-17	643.1300048828125	656.4000244140625	639.469970703125	654.0999755859375	634.35205078125	854900
2022-03-18	649.239990234375	683.4000244140625	647.4000244140625	679.8599853515625	659.3343505859375	1689800
2022-03-21	678.219970703125	683.3900146484375	669.0	682.9099731445312	662.2922973632812	1293000
2022-03-22	688.0	698.0999755859375	685.2999877929688	688.739990234375	667.9462890625	1111100
2022-03-23	668.7999877929688	679.3699951171875	663.6099853515625	665.3599853515625	645.272216796875	999100
2022-03-24	666.2000122070312	690.5499877929688	663.2000122070312	690.5399780273438	669.6920166015625	1176700
2022-03-25	690.4600219726562	690.75	672.2999877929688	687.3599853515625	666.6079711914062	768600
2022-03-28	680.1099853515625	695.0	676.0	694.8300170898438	673.8525390625	687100
2022-03-29	710.0	714.6199951171875	697.6699829101562	709.1400146484375	687.73046875	1076200
2022-03-30	700.0	702.75	680.1199951171875	684.5599975585938	663.892578125	1031900
2022-03-31	684.489990234375	689.0999755859375	667.5	667.9299926757812	647.7645263671875	780700
2022-04-01	675.2899780273438	677.1900024414062	661.8300170898438	667.72998046875	647.5706176757812	739400
2022-04-04	672.489990234375	681.5399780273438	669.989990234375	680.8300170898438	660.2752075195312	731200
2022-04-05	674.02001953125	675.1500244140625	645.7899780273438	646.4600219726562	626.94287109375	1251500
2022-04-06	626.0900268554688	639.3099975585938	617.4000244140625	628.510009765625	609.5347290039062	1110700
2022-04-07	624.530029296875	632.0999755859375	612.780029296875	625.2999877929688	606.4218139648438	713500
2022-04-08	621.4199829101562	622.4099731445312	610.0	610.9299926757812	592.4854736328125	840800
2022-04-11	607.0399780273438	610.6300048828125	597.1300048828125	597.739990234375	579.6936645507812	859600
2022-04-12	613.0700073242188	622.5	592.0	594.0	576.066650390625	1067900
2022-04-13	601.4099731445312	617.2100219726562	596.4199829101562	612.760009765625	594.26025390625	934200
2022-04-14	614.52001953125	616.510009765625	596.0	597.8699951171875	579.81982421875	814200
2022-04-18	597.0499877929688	613.8599853515625	595.77001953125	605.5800170898438	587.2970581054688	576800
2022-04-19	597.530029296875	619.1199951171875	596.0	617.1500244140625	598.5177612304688	1230800
2022-04-20	650.760009765625	652.5499877929688	628.989990234375	633.9099731445312	614.771728515625	1857900
2022-04-21	645.0599975585938	648.8099975585938	617.739990234375	619.97998046875	601.2622680664062	940700
2022-04-22	615.0800170898438	620.8699951171875	607.469970703125	607.6099853515625	589.2658081054688	1093400
2022-04-25	592.72998046875	600.3900146484375	583.6699829101562	599.8200073242188	581.7109375	2074700
2022-04-26	585.1500244140625	587.47998046875	559.9000244140625	560.4299926757812	543.5101318359375	1803100
2022-04-27	552.0900268554688	567.3800048828125	544.0	556.8800048828125	540.0673828125	1904400
2022-04-28	574.9500122070312	595.4600219726562	564.5999755859375	590.5399780273438	572.7110595703125	1513500
2022-04-29	576.4500122070312	588.9000244140625	562.4600219726562	563.77001953125	546.749267578125	1225300
2022-05-02	558.739990234375	571.52001953125	553.5399780273438	571.0900268554688	553.8483276367188	1146700
2022-05-03	566.6300048828125	575.4400024414062	563.02001953125	570.6799926757812	557.5413208007812	825300
2022-05-04	579.0800170898438	594.25	564.6599731445312	592.6400146484375	578.9956665039062	1112800
2022-05-05	582.3200073242188	584.5700073242188	558.0900268554688	564.1699829101562	551.1810913085938	1231800
2022-05-06	555.1500244140625	561.6799926757812	545.0499877929688	551.0	538.3143920898438	1214600
2022-05-09	530.2100219726562	535.7999877929688	510.3599853515625	512.6599731445312	500.8570556640625	1714700
2022-05-10	529.2000122070312	530.4099731445312	512.3300170898438	523.3699951171875	511.320556640625	1232900
2022-05-11	531.280029296875	544.1799926757812	520.469970703125	521.2999877929688	509.2981872558594	1302800
2022-05-12	514.7000122070312	529.0499877929688	509.54998779296875	522.3599853515625	510.33367919921875	1134800
2022-05-13	540.5599975585938	551.2899780273438	538.2100219726562	548.3200073242188	535.696044921875	946800
2022-05-16	533.25	540.97998046875	528.0	534.9500122070312	522.6339111328125	757800
2022-05-17	556.9500122070312	563.3800048828125	548.8499755859375	561.6300048828125	548.6995849609375	895800
2022-05-18	547.1799926757812	552.8300170898438	526.8699951171875	528.2999877929688	516.136962890625	1037900
2022-05-19	523.77001953125	537.0499877929688	522.3200073242188	526.0	513.8900146484375	905500
2022-05-20	541.4400024414062	542.3900146484375	514.1699829101562	532.8400268554688	520.5724487304688	1205700
2022-05-23	549.239990234375	557.8200073242188	545.719970703125	554.6099853515625	541.8412475585938	977000
2022-05-24	555.5700073242188	557.5499877929688	542.6300048828125	546.4299926757812	533.8495483398438	1085500
2022-05-25	541.6900024414062	551.8599853515625	538.030029296875	548.0800170898438	535.461669921875	832600
2022-05-26	542.4000244140625	562.47998046875	541.3499755859375	560.0700073242188	547.1755981445312	933800
2022-05-27	572.6300048828125	583.8599853515625	572.0999755859375	583.3800048828125	569.9489135742188	843900
2022-05-31	584.5900268554688	584.8099975585938	572.8499755859375	576.2899780273438	563.0220947265625	822300
2022-06-01	577.4400024414062	579.75	557.0	563.6599731445312	550.6829223632812	542100
2022-06-02	564.4199829101562	581.3200073242188	562.8200073242188	580.5399780273438	567.1742553710938	669200
2022-06-03	567.1599731445312	569.8499755859375	560.8900146484375	563.6500244140625	550.673095703125	531000
2022-06-06	579.6099853515625	583.4600219726562	569.4299926757812	571.6900024414062	558.5279541015625	483300
2022-06-07	564.719970703125	578.02001953125	563.1400146484375	577.010009765625	563.7254638671875	479000
2022-06-08	573.5999755859375	577.9500122070312	562.52001953125	567.4400024414062	554.3759155273438	605700
2022-06-09	559.4099731445312	564.6400146484375	542.3499755859375	542.4099731445312	529.922119140625	658600
2022-06-10	532.0599975585938	535.1900024414062	519.4000244140625	521.530029296875	509.52288818359375	928900
2022-06-13	498.04998779296875	502.5	491.6199951171875	493.5799865722656	482.2163391113281	1395100
2022-06-14	493.7900085449219	498.6199951171875	484.45001220703125	491.1700134277344	479.8618469238281	965400
2022-06-15	499.3800048828125	512.2000122070312	494.0	505.3299865722656	493.69580078125	841700
2022-06-16	479.760009765625	484.04998779296875	465.5	468.1499938964844	457.37176513671875	1223100
2022-06-17	467.5	478.6199951171875	461.8500061035156	473.3500061035156	462.4520568847656	1328700
2022-06-21	488.9800109863281	497.8399963378906	488.4700012207031	494.3500061035156	482.9686584472656	1081400
2022-06-22	486.44000244140625	496.6400146484375	482.44000244140625	485.5	474.3223571777344	845800
2022-06-23	483.8999938964844	487.4100036621094	476.05999755859375	485.5	474.3223571777344	739100
2022-06-24	499.04998779296875	515.5499877929688	498.29998779296875	515.260009765625	503.3971862792969	907800
2022-06-27	514.969970703125	517.0499877929688	505.6600036621094	508.0400085449219	496.3434143066406	696500
2022-06-28	508.04998779296875	511.4200134277344	489.5400085449219	490.4100036621094	479.1192932128906	847200
2022-06-29	491.1000061035156	493.70001220703125	482.0199890136719	484.6199951171875	473.4626159667969	847400
2022-06-30	474.1499938964844	484.6300048828125	464.1300048828125	475.8800048828125	464.923828125	866400
2022-07-01	455.29998779296875	457.9599914550781	443.4599914550781	449.8299865722656	439.47357177734375	1570200
2022-07-05	419.19000244140625	433.04998779296875	412.6700134277344	432.3999938964844	422.4449157714844	2778300
2022-07-06	433.25	437.5899963378906	425.3500061035156	428.8800048828125	419.0059509277344	1464700
2022-07-07	438.760009765625	452.79998779296875	438.6499938964844	451.8999938964844	441.4959716796875	1400900
2022-07-08	444.6099853515625	455.29998779296875	440.6600036621094	452.95001220703125	442.5218505859375	739100
2022-07-11	449.55999755859375	450.1700134277344	437.9100036621094	439.05999755859375	428.9515380859375	745600
2022-07-12	440.57000732421875	444.45001220703125	431.8800048828125	434.489990234375	424.4867858886719	848000
2022-07-13	430.4800109863281	451.94000244140625	429.29998779296875	447.010009765625	436.71856689453125	1052500
2022-07-14	442.20001220703125	458.8800048828125	434.54998779296875	456.8999938964844	446.3808288574219	1075900
2022-07-15	465.3900146484375	475.7799987792969	460.510009765625	475.6300048828125	464.6795959472656	1630500
2022-07-18	483.6099853515625	486.8299865722656	470.5	473.4800109863281	462.5791320800781	1039500
2022-07-19	484.8699951171875	500.9100036621094	484.04998779296875	498.3599853515625	486.88629150390625	1415000
2022-07-20	492.8999938964844	516.760009765625	490.6000061035156	514.4199829101562	502.5765380859375	2294900
2022-07-21	530.0	543.239990234375	524.5999755859375	542.27001953125	529.7852783203125	2281900
2022-07-22	542.4099731445312	546.8499755859375	529.22998046875	534.260009765625	521.9598388671875	1459900
2022-07-25	535.4199829101562	543.6699829101562	532.1199951171875	538.969970703125	526.5614013671875	1194600
2022-07-26	528.0499877929688	529.6400146484375	518.5399780273438	524.1699829101562	512.1019287109375	1029500
2022-07-27	533.6199951171875	549.8499755859375	532.5900268554688	546.1799926757812	533.6053466796875	1110900
2022-07-28	547.7999877929688	560.9400024414062	540.760009765625	560.7100219726562	547.8008422851562	1216800
2022-07-29	561.4500122070312	576.9199829101562	559.5	574.4400024414062	561.2146606445312	1210700
2022-08-01	573.239990234375	583.0499877929688	568.9400024414062	578.1500244140625	564.8392944335938	895500
2022-08-02	562.0800170898438	572.8499755859375	558.75	565.5999755859375	552.5782470703125	876600
2022-08-03	570.0	587.6699829101562	569.25	583.8599853515625	570.4179077148438	825900
2022-08-04	583.1699829101562	592.75	581.0999755859375	588.4600219726562	576.2928466796875	680100
2022-08-05	571.6300048828125	579.5800170898438	565.97998046875	577.3099975585938	565.373291015625	767900
2022-08-08	578.0	582.5599975585938	564.989990234375	572.75	560.9075927734375	700600
2022-08-09	551.0999755859375	552.2999877929688	533.739990234375	541.1099853515625	529.9217529296875	1138500
2022-08-10	558.719970703125	566.0900268554688	550.469970703125	566.0499877929688	554.3460693359375	1074800
2022-08-11	565.739990234375	574.3599853515625	561.1199951171875	562.4099731445312	550.7814331054688	833300
2022-08-12	562.6199951171875	577.989990234375	562.1199951171875	575.9600219726562	564.0512084960938	811600
2022-08-15	569.1099853515625	577.6199951171875	567.8900146484375	574.9400024414062	563.0523681640625	783100
2022-08-16	566.4000244140625	572.3400268554688	559.010009765625	566.6799926757812	554.9630737304688	697000
2022-08-17	559.0999755859375	565.989990234375	551.9099731445312	557.280029296875	545.757568359375	667700
2022-08-18	557.280029296875	565.9299926757812	555.2999877929688	561.2999877929688	549.6944580078125	580600
2022-08-19	557.1900024414062	558.8499755859375	544.4299926757812	545.260009765625	533.9860229492188	794400
2022-08-22	529.2899780273438	530.8499755859375	518.6099853515625	520.0700073242188	509.31683349609375	795800
2022-08-23	520.0	529.3499755859375	519.4600219726562	525.75	514.87939453125	592900
2022-08-24	522.8599853515625	530.5800170898438	521.719970703125	525.4400024414062	514.5758056640625	485200
2022-08-25	522.3599853515625	540.219970703125	521.760009765625	539.739990234375	528.5802001953125	758300
2022-08-26	539.5499877929688	539.72998046875	508.7699890136719	509.94000244140625	499.3963317871094	1229700
2022-08-29	506.32000732421875	511.3500061035156	499.3999938964844	499.8800048828125	489.54425048828125	754100
2022-08-30	506.54998779296875	507.6499938964844	487.4599914550781	493.0199890136719	482.826171875	1006400
2022-08-31	500.8500061035156	501.5799865722656	486.70001220703125	489.94000244140625	479.8097839355469	936000
2022-09-01	477.9200134277344	479.0199890136719	460.8900146484375	469.9200134277344	460.20379638671875	1665500
2022-09-02	479.8599853515625	486.8999938964844	466.010009765625	467.19000244140625	457.53021240234375	1145400
2022-09-06	469.3599853515625	477.8900146484375	462.29998779296875	469.9200134277344	460.20379638671875	996900
2022-09-07	468.8900146484375	480.9700012207031	465.6000061035156	476.67999267578125	466.823974609375	745400
2022-09-08	465.45001220703125	483.3900146484375	464.1700134277344	482.75	472.7684631347656	943300
2022-09-09	495.5199890136719	503.17999267578125	495.29998779296875	501.0	490.6411437988281	1012800
2022-09-12	506.7699890136719	511.0	499.6600036621094	504.92999267578125	494.48992919921875	1041400
2022-09-13	484.0	488.4200134277344	468.6099853515625	471.1000061035156	461.359375	1188200
2022-09-14	476.9700012207031	481.5299987792969	471.1000061035156	478.1000061035156	468.2146911621094	663700
2022-09-15	472.5400085449219	478.3599853515625	462.8999938964844	465.6499938964844	456.0220642089844	853500
2022-09-16	462.0299987792969	472.19000244140625	459.9100036621094	467.25	457.5889587402344	914000
2022-09-19	459.6499938964844	472.989990234375	459.6499938964844	471.1099853515625	461.369140625	646500
2022-09-20	458.95001220703125	466.5299987792969	457.3599853515625	461.9599914550781	452.40838623046875	906700
2022-09-21	461.54998779296875	476.1700134277344	454.8599853515625	454.9200134277344	445.513916015625	783900
2022-09-22	450.70001220703125	452.19000244140625	439.1000061035156	441.0400085449219	431.9209289550781	952900
2022-09-23	433.6000061035156	436.94000244140625	427.3500061035156	436.1400146484375	427.1221923828125	1362300
2022-09-26	434.0899963378906	440.7699890136719	429.1199951171875	430.80999755859375	421.9023742675781	1164000
2022-09-27	438.8500061035156	442.510009765625	426.5	433.2900085449219	424.3311767578125	876400
2022-09-28	426.1400146484375	443.4200134277344	423.1700134277344	441.2300109863281	432.1069641113281	957100
2022-09-29	425.6099853515625	428.7099914550781	419.2300109863281	427.7799987792969	418.9350891113281	1141800
2022-09-30	414.0	428.04998779296875	413.95001220703125	415.3500061035156	406.7620849609375	1084700
2022-10-03	423.6000061035156	435.510009765625	421.0199890136719	431.67999267578125	422.7544250488281	1452400
2022-10-04	461.2099914550781	467.7699890136719	455.7799987792969	465.1099853515625	455.4931945800781	1954600
2022-10-05	456.94000244140625	474.75	453.04998779296875	469.2900085449219	459.5868225097656	1193800
2022-10-06	465.2900085449219	474.17999267578125	461.489990234375	462.1400146484375	452.5846862792969	926100
2022-10-07	446.5	448.7200012207031	432.739990234375	434.260009765625	425.2811279296875	1412400
2022-10-10	433.9100036621094	434.07000732421875	416.3599853515625	421.8900146484375	413.1669006347656	1383700
2022-10-11	412.5299987792969	412.6499938964844	394.010009765625	399.55999755859375	391.29852294921875	2044200
2022-10-12	403.80999755859375	404.92999267578125	397.510009765625	398.3299865722656	390.0939636230469	1277100
2022-10-13	364.9100036621094	410.7300109863281	363.1499938964844	405.3999938964844	397.017822265625	2782200
2022-10-14	404.3800048828125	405.6199951171875	378.6000061035156	379.1300048828125	371.2909851074219	1727900
2022-10-17	394.4599914550781	399.6000061035156	388.8299865722656	392.2200012207031	384.1103820800781	1417900
2022-10-18	407.3800048828125	409.1700134277344	393.19000244140625	398.989990234375	390.74029541015625	1324800
2022-10-19	415.8900146484375	431.8500061035156	410.3900146484375	424.0199890136719	415.2528076171875	2435200
2022-10-20	431.25	448.9200134277344	428.7799987792969	437.2699890136719	428.2288818359375	2090900
2022-10-21	440.4800109863281	462.8800048828125	437.70001220703125	462.2300109863281	452.67279052734375	2756600
2022-10-24	470.42999267578125	476.0899963378906	459.6000061035156	472.9700012207031	463.1907043457031	2389300
2022-10-25	478.489990234375	495.75	478.3500061035156	486.010009765625	475.9610900878906	2047200
2022-10-26	475.95001220703125	496.20001220703125	474.25	484.0899963378906	474.080810546875	1879400
2022-10-27	482.1000061035156	489.6000061035156	473.989990234375	474.4100036621094	464.6009521484375	1075700
2022-10-28	469.8599853515625	489.8699951171875	468.8900146484375	489.17999267578125	479.0655212402344	1436100
2022-10-31	479.0400085449219	480.8800048828125	471.6499938964844	472.4200134277344	462.652099609375	1063600
2022-11-01	483.3800048828125	483.6700134277344	472.8599853515625	475.3800048828125	465.5508728027344	760700
2022-11-02	470.04998779296875	477.0	446.260009765625	446.3299865722656	437.1015319824219	1887400
2022-11-03	440.79998779296875	446.760009765625	437.1199951171875	439.9200134277344	432.1214294433594	1615700
2022-11-04	462.3500061035156	469.6099853515625	454.3299865722656	468.760009765625	460.4501647949219	1587800
2022-11-07	474.8299865722656	485.44000244140625	469.6099853515625	483.3900146484375	474.8208312988281	1429400
2022-11-08	498.25	505.989990234375	491.05999755859375	503.5899963378906	494.6626892089844	2316100
2022-11-09	494.510009765625	504.2200012207031	488.9100036621094	489.4599914550781	480.7831726074219	1302600
2022-11-10	531.5	561.8200073242188	520.3599853515625	560.7899780273438	550.8486938476562	3518000
2022-11-11	560.780029296875	578.6199951171875	558.489990234375	576.4400024414062	566.2213134765625	1982800
2022-11-14	574.780029296875	590.2999877929688	573.8800048828125	577.8200073242188	567.5768432617188	1806400
2022-11-15	606.75	608.3200073242188	586.5399780273438	597.469970703125	586.87841796875	1669400
2022-11-16	583.52001953125	583.9500122070312	573.7999877929688	576.7000122070312	566.4766845703125	1418900
2022-11-17	568.9600219726562	590.4500122070312	568.9500122070312	589.030029296875	578.5880737304688	917900
2022-11-18	599.6199951171875	599.9299926757812	584.7999877929688	593.1599731445312	582.6448974609375	1115300
2022-11-21	581.2000122070312	583.7899780273438	575.0999755859375	580.2899780273438	570.0029907226562	849800
2022-11-22	581.719970703125	596.530029296875	574.22998046875	596.2100219726562	585.6409301757812	1082400
2022-11-23	595.1799926757812	610.0	595.1799926757812	603.8499755859375	593.1453857421875	874700
2022-11-25	596.9299926757812	597.9000244140625	591.8400268554688	591.8400268554688	581.3482666015625	408900
2022-11-28	593.780029296875	598.1300048828125	580.4199829101562	583.3400268554688	572.9990844726562	1056200
2022-11-29	584.0900268554688	587.0	576.77001953125	578.8200073242188	568.5591430664062	562900
2022-11-30	585.2999877929688	608.4099731445312	576.9400024414062	608.1199951171875	597.3396606445312	1569700
2022-12-01	611.7100219726562	616.5599975585938	601.3599853515625	611.260009765625	600.4240112304688	1245900
2022-12-02	600.2999877929688	607.4500122070312	597.0	605.7100219726562	594.9723510742188	719800
2022-12-05	605.0999755859375	607.1599731445312	593.3800048828125	600.7899780273438	590.1395263671875	873900
2022-12-06	603.5	604.4500122070312	586.8200073242188	593.0499877929688	582.5368041992188	839200
2022-12-07	592.2100219726562	604.0	590.6900024414062	601.3499755859375	590.689697265625	878600
2022-12-08	591.8800048828125	609.4600219726562	587.6599731445312	606.8900146484375	596.1314697265625	1019300
2022-12-09	602.989990234375	611.1699829101562	596.4000244140625	597.7000122070312	587.1044311523438	870700
2022-12-12	596.8699951171875	610.0	595.7999877929688	609.989990234375	599.1765747070312	819600
2022-12-13	642.97998046875	643.3599853515625	617.5700073242188	628.27001953125	617.132568359375	1334000
2022-12-14	622.5	626.760009765625	609.9299926757812	615.8599853515625	604.9424438476562	1167500
2022-12-15	603.0	604.7999877929688	584.260009765625	586.3400268554688	575.94580078125	1420500
2022-12-16	577.260009765625	585.75	565.739990234375	574.3200073242188	564.1388549804688	2097300
2022-12-19	574.0499877929688	575.8499755859375	562.6699829101562	568.6099853515625	558.5300903320312	906800
2022-12-20	562.239990234375	568.9600219726562	561.1500244140625	563.1599731445312	553.1766967773438	845700
2022-12-21	569.0599975585938	583.9600219726562	567.2999877929688	580.9600219726562	570.6610717773438	797700
2022-12-22	571.0499877929688	571.0499877929688	546.7999877929688	555.9500122070312	546.0945434570312	1351800
2022-12-23	546.8699951171875	552.0700073242188	542.530029296875	551.3699951171875	541.5956420898438	602600
2022-12-27	546.0499877929688	546.5	536.510009765625	537.1799926757812	527.6572875976562	802600
2022-12-28	536.7000122070312	541.7999877929688	529.010009765625	531.6400146484375	522.2154541015625	609900
2022-12-29	541.2000122070312	555.3699951171875	540.1500244140625	551.469970703125	541.6939697265625	841000
2022-12-30	540.8599853515625	546.47998046875	536.77001953125	546.4000244140625	536.7138061523438	703200
2023-01-03	561.280029296875	564.1500244140625	545.77001953125	549.5700073242188	539.82763671875	675100
2023-01-04	570.7999877929688	575.510009765625	561.0599975585938	570.8300170898438	560.710693359375	1087300
2023-01-05	565.3800048828125	573.5499877929688	562.5499877929688	565.3200073242188	555.2984008789062	710900
2023-01-06	575.3300170898438	598.6799926757812	567.280029296875	595.8499755859375	585.2871704101562	1025800
2023-01-09	613.989990234375	632.3900146484375	612.7999877929688	621.3300170898438	610.3154907226562	1348800
2023-01-10	622.6300048828125	633.780029296875	621.6099853515625	633.3900146484375	622.1616821289062	873900
2023-01-11	635.5499877929688	645.1400146484375	633.2999877929688	644.6799926757812	633.2515869140625	806500
2023-01-12	651.4400024414062	656.2899780273438	634.8400268554688	652.5599975585938	640.991943359375	1322200
2023-01-13	649.3300170898438	660.739990234375	648.72998046875	659.6900024414062	647.9954223632812	649700
2023-01-17	651.0999755859375	662.97998046875	651.0999755859375	658.1900024414062	646.5220947265625	902600
2023-01-18	673.52001953125	676.1099853515625	651.5399780273438	652.2899780273438	640.7266845703125	1152700
2023-01-19	654.6099853515625	655.6799926757812	627.02001953125	630.25	619.0773315429688	1534100
2023-01-20	638.0900268554688	650.5999755859375	634.2000122070312	648.8499755859375	637.3475952148438	1033200
2023-01-23	658.0499877929688	676.280029296875	656.8499755859375	676.030029296875	664.0458374023438	1780900
2023-01-24	666.719970703125	673.0399780273438	659.9199829101562	670.010009765625	658.1325073242188	1066900
2023-01-25	656.9600219726562	683.02001953125	655.02001953125	681.530029296875	669.4483032226562	1569200
2023-01-26	681.9000244140625	684.9400024414062	667.8200073242188	683.9000244140625	671.7763671875	1593300
2023-01-27	667.2000122070312	678.1199951171875	666.6799926757812	667.3900146484375	655.5589599609375	1249700
2023-01-30	650.0	658.239990234375	647.6199951171875	650.3099975585938	638.78173828125	1209900
2023-01-31	651.219970703125	660.8599853515625	647.2999877929688	660.8400268554688	649.1251220703125	801800
2023-02-01	659.530029296875	685.0900268554688	655.8900146484375	678.530029296875	666.5015869140625	1274200
2023-02-02	696.9000244140625	698.5900268554688	684.9500122070312	696.5499877929688	684.2020263671875	1318600
2023-02-03	678.4500122070312	693.3800048828125	677.9299926757812	679.6199951171875	667.5721435546875	1015800
2023-02-06	665.9199829101562	669.3400268554688	659.489990234375	661.969970703125	651.6637573242188	783100
2023-02-07	659.239990234375	683.6900024414062	659.239990234375	678.719970703125	668.1529541015625	1236100
2023-02-08	671.469970703125	674.8900146484375	661.3599853515625	662.7899780273438	652.4710083007812	763900
2023-02-09	673.1199951171875	682.280029296875	662.02001953125	664.1300048828125	653.7901611328125	686500
2023-02-10	653.0900268554688	657.1699829101562	648.6400146484375	656.3499755859375	646.1311645507812	731800
2023-02-13	659.1300048828125	673.02001953125	657.3200073242188	668.739990234375	658.3284301757812	596000
2023-02-14	661.7100219726562	680.97998046875	657.2100219726562	677.47998046875	666.9322509765625	1013400
2023-02-15	661.8200073242188	677.47998046875	661.0	676.8099975585938	666.2727661132812	683500
2023-02-16	658.7000122070312	668.2000122070312	655.4500122070312	656.280029296875	646.0623168945312	946300
2023-02-17	650.75	658.0	647.3900146484375	651.9299926757812	641.7800903320312	1149600
2023-02-21	638.010009765625	643.9400024414062	629.530029296875	629.780029296875	619.9749145507812	1022700
2023-02-22	632.5599975585938	635.4000244140625	620.4299926757812	624.2100219726562	614.49169921875	1017300
2023-02-23	642.1300048828125	642.8800048828125	626.6799926757812	638.0900268554688	628.1556396484375	1093000
2023-02-24	619.4299926757812	624.6699829101562	612.719970703125	618.3800048828125	608.7525024414062	995700
2023-02-27	631.4099731445312	639.3699951171875	626.260009765625	632.0800170898438	622.2391357421875	804500
2023-02-28	612.4500122070312	625.25	610.1400146484375	617.72998046875	608.1124877929688	1381700
2023-03-01	621.0700073242188	623.1199951171875	611.9600219726562	614.9500122070312	605.3757934570312	794300
2023-03-02	606.3200073242188	625.0900268554688	603.22998046875	624.1699829101562	614.4523315429688	795800
2023-03-03	625.3499755859375	637.6699829101562	621.77001953125	637.3800048828125	627.4566650390625	1024100
2023-03-06	627.3200073242188	633.1099853515625	619.8499755859375	620.969970703125	611.3020629882812	1403000
2023-03-07	619.3499755859375	621.739990234375	605.2999877929688	609.1099853515625	599.626708984375	1033000
2023-03-08	611.7999877929688	620.5499877929688	609.030029296875	619.4000244140625	609.756591796875	1081800
2023-03-09	617.0700073242188	623.8900146484375	604.5599975585938	604.739990234375	595.32470703125	983800
2023-03-10	614.0999755859375	617.3499755859375	599.4299926757812	601.2100219726562	591.8497924804688	1043500
2023-03-13	593.1199951171875	612.969970703125	589.8900146484375	604.780029296875	595.3641967773438	966900
2023-03-14	617.489990234375	620.4500122070312	611.280029296875	620.2999877929688	610.6425170898438	844600
2023-03-15	600.719970703125	609.0900268554688	596.6099853515625	606.6900024414062	597.2444458007812	1047200
2023-03-16	600.75	631.02001953125	598.989990234375	630.5599975585938	620.7427978515625	1063200
2023-03-17	633.7100219726562	638.4000244140625	626.8099975585938	633.6900024414062	623.823974609375	1109300
2023-03-20	646.2999877929688	648.3300170898438	639.0999755859375	646.3300170898438	636.2672729492188	935600
2023-03-21	651.7100219726562	655.8300170898438	635.2000122070312	642.1300048828125	632.1326904296875	848500
2023-03-22	643.0	661.4000244140625	639.5399780273438	640.3699951171875	630.4000244140625	955500
2023-03-23	657.739990234375	673.9400024414062	654.9400024414062	664.1599731445312	653.8196411132812	1171500
2023-03-24	656.0599975585938	658.9500122070312	639.75	647.530029296875	637.4486083984375	842700
2023-03-27	655.3699951171875	657.47998046875	643.0499877929688	644.0499877929688	634.022705078125	800300
2023-03-28	644.0999755859375	644.6199951171875	632.3800048828125	639.7100219726562	629.7503051757812	793200
2023-03-29	649.5700073242188	665.1699829101562	648.469970703125	659.1199951171875	648.858154296875	1101800
2023-03-30	675.2000122070312	680.6300048828125	673.510009765625	676.6799926757812	666.144775390625	892500
2023-03-31	675.0900268554688	683.1799926757812	673.6300048828125	680.7100219726562	670.112060546875	681600
2023-04-03	674.7999877929688	675.739990234375	667.3900146484375	673.989990234375	663.49658203125	657200
2023-04-04	675.8800048828125	681.5999755859375	666.0599975585938	668.6799926757812	658.269287109375	877900
2023-04-05	663.6599731445312	664.780029296875	657.3099975585938	663.9000244140625	653.5636596679688	850300
2023-04-06	658.2999877929688	665.2000122070312	655.3200073242188	657.1199951171875	646.8892822265625	679600
2023-04-10	649.9299926757812	661.989990234375	645.489990234375	661.6400146484375	651.3389892578125	688700
2023-04-11	669.510009765625	672.739990234375	658.969970703125	659.77001953125	649.4981079101562	787400
2023-04-12	669.010009765625	672.0	653.6900024414062	654.6599731445312	644.467529296875	897300
2023-04-13	662.3300170898438	670.8800048828125	659.8499755859375	665.4099731445312	655.0502319335938	1118600
2023-04-14	665.4099731445312	672.6400146484375	659.3699951171875	666.2000122070312	655.827880859375	645900
2023-04-17	638.739990234375	642.0999755859375	632.280029296875	639.0399780273438	629.0906982421875	1536500
2023-04-18	644.6900024414062	648.27001953125	636.760009765625	643.3300170898438	633.3140258789062	910300
2023-04-19	624.760009765625	627.9500122070312	616.8800048828125	623.5999755859375	613.8910522460938	2266100
2023-04-20	625.3599853515625	639.8800048828125	625.3599853515625	633.5700073242188	623.7059326171875	1692900
2023-04-21	635.510009765625	637.1400146484375	627.7999877929688	634.469970703125	624.5919189453125	982000
2023-04-24	640.8300170898438	641.3099975585938	626.9299926757812	627.3800048828125	617.6123046875	1431400
2023-04-25	626.469970703125	626.469970703125	605.760009765625	605.760009765625	596.3289184570312	1404900
2023-04-26	613.719970703125	615.1300048828125	606.1699829101562	609.0999755859375	599.6168823242188	844200
2023-04-27	621.760009765625	631.2999877929688	612.77001953125	629.239990234375	619.443359375	1127000
2023-04-28	630.8599853515625	637.3400268554688	626.52001953125	636.8599853515625	626.9447631835938	823000
2023-05-01	635.0	639.2100219726562	634.030029296875	635.2000122070312	627.1213989257812	469300
2023-05-02	632.8699951171875	637.52001953125	628.530029296875	634.0499877929688	625.9860229492188	738100
2023-05-03	633.9400024414062	644.6500244140625	630.719970703125	634.739990234375	626.667236328125	582900
2023-05-04	632.1300048828125	639.3400268554688	629.8499755859375	635.0499877929688	626.9733276367188	614000
2023-05-05	636.6799926757812	654.219970703125	633.9000244140625	650.3200073242188	642.049072265625	801400
2023-05-08	651.75	655.0	649.2100219726562	654.989990234375	646.6597290039062	518900
2023-05-09	640.5	643.8699951171875	638.280029296875	643.0499877929688	634.8716430664062	746100
2023-05-10	654.3800048828125	660.4000244140625	651.9000244140625	657.1400146484375	648.7824096679688	813600
2023-05-11	650.780029296875	652.280029296875	645.1500244140625	650.1900024414062	641.9207763671875	560600
2023-05-12	649.3400268554688	651.0	642.0999755859375	647.510009765625	639.2748413085938	375300
2023-05-15	646.8800048828125	655.7000122070312	644.8800048828125	655.6900024414062	647.3507690429688	893400
2023-05-16	652.780029296875	657.8699951171875	651.5800170898438	652.0499877929688	643.7570190429688	709600
2023-05-17	656.989990234375	671.4000244140625	652.77001953125	670.5	661.972412109375	1162700
2023-05-18	675.27001953125	697.25	675.0700073242188	695.9299926757812	687.0790405273438	1459000
2023-05-19	698.0	699.8699951171875	693.8400268554688	694.0	685.1736450195312	949400
2023-05-22	690.8599853515625	699.5999755859375	688.8300170898438	698.6400146484375	689.7546997070312	856000
2023-05-23	690.8499755859375	693.3800048828125	678.8599853515625	681.4500122070312	672.783203125	958600
2023-05-24	668.0599975585938	670.8400268554688	661.1799926757812	666.7899780273438	658.3096313476562	1159300
2023-05-25	701.02001953125	710.989990234375	693.760009765625	708.47998046875	699.4694213867188	1929800
2023-05-26	716.6500244140625	742.3099975585938	715.6400146484375	735.9299926757812	726.5703125	2349100
2023-05-30	743.1300048828125	747.1300048828125	725.5499877929688	728.260009765625	718.9978637695312	1411100
2023-05-31	727.0700073242188	730.0399780273438	713.280029296875	722.9299926757812	713.7356567382812	1347600
2023-06-01	724.2000122070312	732.719970703125	718.5499877929688	726.77001953125	717.5267944335938	992100
2023-06-02	730.0	732.5499877929688	719.760009765625	724.6500244140625	715.4337768554688	813800
2023-06-05	724.6400146484375	726.6300048828125	718.4000244140625	722.2000122070312	713.0149536132812	663700
2023-06-06	707.75	717.6400146484375	702.9500122070312	716.6300048828125	707.5157470703125	845400
2023-06-07	713.3599853515625	720.1500244140625	705.5700073242188	710.2100219726562	701.1774291992188	921200
2023-06-08	711.0999755859375	720.4199829101562	708.3699951171875	720.0499877929688	710.8922729492188	762400
2023-06-09	720.5599975585938	725.6099853515625	712.6099853515625	715.8599853515625	706.7555541992188	864500
2023-06-12	721.989990234375	730.77001953125	720.0	730.1699829101562	720.8836059570312	1058900
2023-06-13	737.219970703125	739.4000244140625	723.7999877929688	737.27001953125	727.8932495117188	876100
2023-06-14	735.4099731445312	741.719970703125	728.1599731445312	740.2100219726562	730.7958984375	821400
2023-06-15	723.27001953125	744.4400024414062	722.3200073242188	738.6900024414062	729.2952270507812	820400
2023-06-16	731.4000244140625	733.1599731445312	720.0	721.8800048828125	712.6990966796875	1337100
2023-06-20	720.6199951171875	724.739990234375	710.5800170898438	720.4099731445312	711.2477416992188	799300
2023-06-21	718.6199951171875	719.5499877929688	704.8599853515625	707.2999877929688	698.3043823242188	820300
2023-06-22	701.97998046875	717.75	700.3499755859375	717.4099731445312	708.2858276367188	699800
2023-06-23	698.0999755859375	701.6300048828125	695.9199829101562	697.8900146484375	689.01416015625	916100
2023-06-26	703.0800170898438	714.1199951171875	700.22998046875	700.239990234375	691.3341674804688	714000
2023-06-27	706.9000244140625	726.6599731445312	704.52001953125	725.0800170898438	715.8583374023438	1115800
2023-06-28	719.4299926757812	730.0	717.3200073242188	724.1900024414062	714.9795532226562	866400
2023-06-29	727.6199951171875	729.3800048828125	721.5900268554688	723.3499755859375	714.1502685546875	768100
2023-06-30	722.530029296875	727.4500122070312	715.6599731445312	724.75	715.5325317382812	963600
2023-07-03	733.989990234375	737.1699829101562	726.1500244140625	733.8800048828125	724.54638671875	531900
2023-07-05	721.2000122070312	722.6099853515625	714.4400024414062	715.6699829101562	706.5679931640625	954800
2023-07-06	701.72998046875	703.6799926757812	693.22998046875	699.3099975585938	690.416015625	1218700
2023-07-07	697.9000244140625	705.739990234375	693.6599731445312	696.739990234375	687.878662109375	1350800
2023-07-10	703.7100219726562	712.8300170898438	703.4299926757812	709.8300170898438	700.8023681640625	930900
2023-07-11	708.9199829101562	709.780029296875	695.6900024414062	705.0	696.0337524414062	623200
2023-07-12	729.52001953125	730.5	722.22998046875	724.8599853515625	715.64111328125	1311700
2023-07-13	741.1699829101562	751.5	740.2000122070312	750.739990234375	741.1919555664062	1209100
2023-07-14	760.6500244140625	771.97998046875	751.969970703125	754.02001953125	744.4302978515625	1762300
2023-07-17	744.5	756.9199829101562	735.47998046875	754.489990234375	744.894287109375	1355200
2023-07-18	748.7999877929688	760.0	742.4500122070312	757.030029296875	747.4020385742188	1222000
2023-07-19	739.2000122070312	742.8300170898438	713.1300048828125	715.780029296875	706.6765747070312	2406200
2023-07-20	697.0	697.8099975585938	673.3400268554688	676.1300048828125	667.5308227539062	2918800
2023-07-21	695.3099975585938	697.8599853515625	689.27001953125	693.3599853515625	684.5416870117188	2523700
2023-07-24	685.0	688.75	680.8499755859375	684.47998046875	675.774658203125	1145300
2023-07-25	684.9199829101562	695.3200073242188	684.9099731445312	687.2999877929688	678.558837890625	1061900
2023-07-26	679.9299926757812	690.1699829101562	677.4400024414062	684.2999877929688	675.5969848632812	752200
2023-07-27	714.9400024414062	720.4199829101562	703.5700073242188	708.1199951171875	699.1140747070312	1488800
2023-07-28	714.4299926757812	721.5	709.6900024414062	718.3699951171875	709.233642578125	949800
2023-07-31	721.2899780273438	722.7100219726562	712.1900024414062	716.4099731445312	707.298583984375	789100
2023-08-01	711.4500122070312	712.5	705.5399780273438	708.7100219726562	701.2557983398438	555100
2023-08-02	695.5999755859375	695.9400024414062	682.0800170898438	683.0599975585938	675.875732421875	1025400
2023-08-03	673.7999877929688	682.8499755859375	672.72998046875	681.010009765625	673.84716796875	920200
2023-08-04	685.3499755859375	689.1500244140625	675.25	678.0399780273438	670.908447265625	891600
2023-08-07	690.4400024414062	693.4299926757812	684.4199829101562	693.4199829101562	686.1266479492188	663500
2023-08-08	675.3099975585938	680.7000122070312	670.4600219726562	679.3699951171875	672.2244262695312	746700
2023-08-09	679.75	683.989990234375	670.6400146484375	672.489990234375	665.416748046875	685200
2023-08-10	688.1900024414062	695.3200073242188	676.1199951171875	677.8099975585938	670.6807861328125	913900
2023-08-11	666.7999877929688	670.010009765625	661.27001953125	661.780029296875	654.8193969726562	800300
2023-08-14	652.9500122070312	666.739990234375	648.7100219726562	666.5499877929688	659.5392456054688	957400
2023-08-15	657.9000244140625	658.8699951171875	650.75	651.7000122070312	644.845458984375	633100
2023-08-16	655.5900268554688	658.989990234375	646.280029296875	646.4400024414062	639.6407470703125	665300
2023-08-17	655.739990234375	655.77001953125	642.8800048828125	644.3400268554688	637.5628662109375	797100
2023-08-18	645.02001953125	658.3300170898438	642.9500122070312	655.3300170898438	648.437255859375	927900
2023-08-21	653.8599853515625	664.6400146484375	649.9099731445312	662.52001953125	655.5516967773438	1104300
2023-08-22	679.219970703125	680.530029296875	663.7100219726562	667.52001953125	660.4990234375	760200
2023-08-23	668.239990234375	680.9500122070312	666.52001953125	677.1199951171875	669.9981079101562	908100
2023-08-24	678.010009765625	678.1699829101562	646.8699951171875	647.8200073242188	641.0062255859375	1336800
2023-08-25	643.6799926757812	652.8900146484375	635.8699951171875	651.010009765625	644.1627197265625	986200
2023-08-28	657.0599975585938	659.8099975585938	652.489990234375	658.989990234375	652.0587768554688	535800
2023-08-29	652.5	668.5399780273438	652.3599853515625	667.510009765625	660.4891967773438	757900
2023-08-30	667.3900146484375	671.219970703125	663.530029296875	669.5599975585938	662.5176391601562	564100
2023-08-31	660.0	669.3200073242188	656.6199951171875	660.530029296875	653.5827026367188	1100100
2023-09-01	674.0	674.5399780273438	657.5	662.52001953125	655.5516967773438	592800
2023-09-05	665.1300048828125	667.4299926757812	661.1699829101562	663.5599975585938	656.5806884765625	592100
2023-09-06	666.1500244140625	669.7899780273438	657.0800170898438	666.0399780273438	659.0346069335938	870800
2023-09-07	637.6300048828125	639.6699829101562	628.8599853515625	637.7899780273438	631.0817260742188	1236200
2023-09-08	628.3699951171875	633.02001953125	625.219970703125	627.8599853515625	621.2562866210938	873200
2023-09-11	630.8300170898438	631.530029296875	618.3800048828125	627.7100219726562	621.1077880859375	1066300
2023-09-12	611.0	622.989990234375	610.2000122070312	618.7999877929688	612.2915649414062	1311300
2023-09-13	614.3699951171875	619.9600219726562	613.8099975585938	617.0499877929688	610.5598754882812	1077000
2023-09-14	620.8099975585938	624.7999877929688	615.3599853515625	621.9000244140625	615.3589477539062	1237000
2023-09-15	602.6199951171875	605.22998046875	594.02001953125	596.6599731445312	590.38427734375	2840900
2023-09-18	588.1799926757812	598.3599853515625	588.010009765625	597.72998046875	591.4430541992188	1071700
2023-09-19	596.0399780273438	598.1500244140625	589.1300048828125	593.77001953125	587.5247802734375	893500
2023-09-20	595.6199951171875	600.8300170898438	589.75	589.8800048828125	583.6756591796875	1094500
2023-09-21	586.989990234375	590.97998046875	582.1199951171875	582.1199951171875	575.9972534179688	1313800
2023-09-22	593.8800048828125	594.77001953125	586.0399780273438	587.0999755859375	580.9248657226562	837300
2023-09-25	583.6300048828125	587.989990234375	580.530029296875	586.1300048828125	579.965087890625	607300
2023-09-26	576.4000244140625	578.77001953125	567.9199829101562	572.7100219726562	566.686279296875	1471000
2023-09-27	578.0	582.1799926757812	564.280029296875	574.530029296875	568.4871826171875	1477600
2023-09-28	566.22998046875	588.2999877929688	564.0	580.6500244140625	574.5427856445312	1112500
2023-09-29	600.4299926757812	600.8599853515625	586.760009765625	588.6599731445312	582.4684448242188	1017400
2023-10-02	583.3599853515625	587.6199951171875	576.3499755859375	582.1799926757812	576.0567016601562	811300
2023-10-03	574.9500122070312	579.6799926757812	567.5700073242188	570.5999755859375	564.5984497070312	1101300
2023-10-04	584.1699829101562	591.8400268554688	580.4600219726562	590.8599853515625	584.6453247070312	1325900
2023-10-05	583.7000122070312	586.5999755859375	575.4000244140625	581.6900024414062	575.5718383789062	865500
2023-10-06	583.7899780273438	600.489990234375	577.5999755859375	597.3599853515625	591.0769653320312	1042100
2023-10-09	587.6500244140625	591.7100219726562	582.4099731445312	591.3699951171875	585.1500244140625	738500
2023-10-10	600.1799926757812	606.7999877929688	598.3499755859375	602.1500244140625	595.816650390625	1087000
2023-10-11	601.3499755859375	606.1900024414062	598.0	606.1900024414062	599.8140869140625	981800
2023-10-12	609.6400146484375	624.1900024414062	609.6400146484375	616.760009765625	610.2730102539062	1618400
2023-10-13	611.3400268554688	612.2000122070312	597.3400268554688	599.75	593.4418334960938	1098500
2023-10-16	601.0399780273438	606.0499877929688	598.0	603.7999877929688	597.4492797851562	1154100
2023-10-17	590.8900146484375	610.3499755859375	586.9400024414062	608.6300048828125	602.2284545898438	1535700
2023-10-18	581.780029296875	591.7899780273438	573.8599853515625	583.25	577.1153564453125	2401700
2023-10-19	600.4400024414062	604.5399780273438	584.8599853515625	587.72998046875	581.5482788085938	1475500
2023-10-20	588.9500122070312	592.2899780273438	578.2999877929688	580.0999755859375	573.99853515625	1035000
2023-10-23	577.6099853515625	593.510009765625	573.8599853515625	587.7899780273438	581.6076049804688	905100
2023-10-24	590.6199951171875	602.760009765625	589.6300048828125	600.75	594.4313354492188	1333900
2023-10-25	597.4500122070312	598.1900024414062	581.5700073242188	583.3400268554688	577.2045288085938	1322700
2023-10-26	593.0999755859375	599.0	585.5700073242188	588.2000122070312	582.0133666992188	1093000
2023-10-27	594.8699951171875	595.969970703125	587.3300170898438	590.0	583.79443359375	819400
2023-10-30	592.77001953125	594.4500122070312	582.47998046875	588.8800048828125	582.6862182617188	746700
2023-10-31	599.6500244140625	602.1300048828125	593.5599975585938	598.8099975585938	592.5117797851562	1020300
2023-11-01	599.6699829101562	608.7999877929688	596.780029296875	608.27001953125	603.4140625	1005800
2023-11-02	636.969970703125	637.489990234375	627.0900268554688	631.3900146484375	626.3495483398438	1527400
2023-11-03	643.0999755859375	647.0	638.9000244140625	642.4099731445312	637.2814331054688	906900
2023-11-06	636.8800048828125	638.7999877929688	631.1699829101562	637.4400024414062	632.3511962890625	651300
2023-11-07	633.8200073242188	641.3900146484375	633.530029296875	636.3099975585938	631.2301635742188	529000
2023-11-08	639.5499877929688	642.6599731445312	637.1500244140625	639.2899780273438	634.1863403320312	727000
2023-11-09	646.3900146484375	649.3800048828125	633.8499755859375	634.260009765625	629.196533203125	1221600
2023-11-10	644.4600219726562	663.219970703125	640.7899780273438	661.280029296875	656.0008544921875	1246700
2023-11-13	654.1400146484375	657.75	648.27001953125	654.5999755859375	649.3740844726562	641200
2023-11-14	674.6500244140625	678.489990234375	669.5	675.4099731445312	670.0180053710938	1166800
2023-11-15	680.280029296875	682.2000122070312	675.010009765625	678.0	672.58740234375	918500
2023-11-16	676.7100219726562	684.5800170898438	675.0	680.8699951171875	675.4343872070312	854700
2023-11-17	681.0599975585938	687.5900268554688	679.2000122070312	686.0900268554688	680.6128540039062	627600
2023-11-20	685.3200073242188	696.969970703125	685.3200073242188	694.3099975585938	688.7671508789062	674700
2023-11-21	693.8699951171875	694.5800170898438	679.9199829101562	684.4199829101562	678.9560546875	705400
2023-11-22	689.469970703125	694.0499877929688	683.9099731445312	684.7999877929688	679.3329467773438	522300
2023-11-24	690.0700073242188	692.0399780273438	687.9000244140625	691.1799926757812	685.6621704101562	352100
2023-11-27	687.6599731445312	690.3099975585938	685.0499877929688	688.3800048828125	682.884521484375	545500
2023-11-28	680.0	682.8499755859375	672.6500244140625	675.989990234375	670.5933837890625	644300
2023-11-29	686.510009765625	693.1099853515625	684.6699829101562	687.6099853515625	682.12060546875	795500
2023-11-30	683.1099853515625	684.3300170898438	676.3800048828125	683.760009765625	678.3013916015625	753600
2023-12-01	688.1699829101562	695.5800170898438	683.0499877929688	692.2000122070312	686.6740112304688	857600
2023-12-04	686.739990234375	690.719970703125	679.1199951171875	690.3200073242188	684.8090209960938	748500
2023-12-05	690.3200073242188	697.4299926757812	687.9299926757812	694.530029296875	688.9854736328125	610000
2023-12-06	699.4299926757812	703.27001953125	691.219970703125	692.0800170898438	686.554931640625	657100
2023-12-07	695.3699951171875	700.489990234375	692.0900268554688	699.6500244140625	694.0645141601562	780600
2023-12-08	695.3400268554688	702.8300170898438	694.030029296875	696.4299926757812	690.8702392578125	920600
2023-12-11	704.719970703125	713.489990234375	702.5999755859375	710.239990234375	704.5699462890625	1585000
2023-12-12	714.9199829101562	720.97998046875	711.3099975585938	720.5599975585938	714.8076171875	880100
2023-12-13	724.6500244140625	738.6799926757812	720.739990234375	735.2899780273438	729.419921875	1037200
2023-12-14	744.2999877929688	755.989990234375	744.2999877929688	753.7100219726562	747.6929321289062	1446600
2023-12-15	753.7100219726562	760.3300170898438	749.6199951171875	752.9600219726562	746.948974609375	1469000
2023-12-18	747.3699951171875	747.7999877929688	736.3200073242188	742.0599975585938	736.135986328125	808900
2023-12-19	743.0	745.0800170898438	740.530029296875	744.719970703125	738.774658203125	571000
2023-12-20	739.5999755859375	749.8599853515625	729.6099853515625	729.6099853515625	723.7853393554688	1007600
2023-12-21	744.1699829101562	755.9199829101562	743.5499877929688	755.27001953125	749.2405395507812	868200
2023-12-22	752.8400268554688	755.8200073242188	749.1099853515625	752.530029296875	746.5223999023438	597300
2023-12-26	750.0999755859375	765.7999877929688	750.0	762.6799926757812	756.59130859375	509000
2023-12-27	760.8200073242188	764.47998046875	758.3499755859375	764.030029296875	757.9305419921875	486900
2023-12-28	762.0700073242188	763.0900268554688	757.8099975585938	757.8499755859375	751.7999267578125	468000
2023-12-29	758.030029296875	760.3499755859375	752.3300170898438	756.9199829101562	750.8773193359375	517900
2024-01-02	730.0	730.77001953125	714.1400146484375	716.9199829101562	711.1965942382812	1368700
2024-01-03	700.5999755859375	706.6400146484375	699.5999755859375	703.3699951171875	697.7547607421875	952000
2024-01-04	698.0	709.510009765625	697.510009765625	700.2899780273438	694.6994018554688	752100
2024-01-05	700.760009765625	709.7899780273438	699.5999755859375	703.3400268554688	697.7250366210938	579200
2024-01-08	712.6500244140625	720.8400268554688	711.9099731445312	720.8400268554688	715.0853271484375	835300
2024-01-09	710.6699829101562	719.0700073242188	710.6699829101562	715.9500122070312	710.234375	587000
2024-01-10	716.469970703125	720.0	708.0399780273438	717.7899780273438	712.0596923828125	506400
2024-01-11	720.489990234375	724.1900024414062	708.6300048828125	718.530029296875	712.7938232421875	603900
2024-01-12	712.6099853515625	715.5499877929688	709.6199951171875	713.219970703125	707.526123046875	580500
2024-01-16	707.989990234375	711.2999877929688	702.5	706.5	700.85986328125	913100
2024-01-17	705.9500122070312	713.1699829101562	696.0800170898438	712.27001953125	706.583740234375	835100
2024-01-18	724.6799926757812	748.27001953125	724.6799926757812	744.530029296875	738.5863037109375	2230400
2024-01-19	748.5	759.469970703125	744.780029296875	757.8300170898438	751.780029296875	1795600
2024-01-22	766.4000244140625	776.530029296875	765.530029296875	766.6799926757812	760.559326171875	1418600
2024-01-23	766.0499877929688	778.6699829101562	762.5399780273438	778.3900146484375	772.1759033203125	1800700
2024-01-24	826.8599853515625	864.5900268554688	826.5	847.3099975585938	840.5457153320312	7754300
2024-01-25	869.0	883.280029296875	862.989990234375	869.0800170898438	862.1419677734375	3449500
2024-01-26	863.5499877929688	873.2000122070312	853.2100219726562	867.75	860.8225708007812	1614800
2024-01-29	867.5800170898438	883.4199829101562	865.2000122070312	882.6199951171875	875.5738525390625	1034500
2024-01-30	874.0499877929688	877.72998046875	862.6099853515625	868.030029296875	861.100341796875	895600
2024-01-31	861.219970703125	884.0	859.4600219726562	869.8200073242188	862.8760375976562	1251200
2024-02-01	882.3200073242188	893.780029296875	876.6599731445312	890.5399780273438	883.4305419921875	1040200
2024-02-02	879.239990234375	893.0499877929688	879.0900268554688	890.6599731445312	883.5496215820312	896400
2024-02-05	885.5999755859375	901.9199829101562	881.0999755859375	898.5399780273438	892.9266357421875	950100
2024-02-06	898.7999877929688	905.760009765625	890.8499755859375	904.8900146484375	899.2369995117188	1409500
2024-02-07	905.2899780273438	927.7899780273438	905.0599975585938	922.22998046875	916.4686279296875	1492200
2024-02-08	917.5900268554688	927.72998046875	910.9099731445312	922.9400024414062	917.1741943359375	1150800
2024-02-09	936.6900024414062	954.3200073242188	931.7100219726562	949.5999755859375	943.6676635742188	1588800
2024-02-12	939.6599731445312	946.47998046875	927.3499755859375	929.2100219726562	923.4050903320312	1033600
2024-02-13	890.8499755859375	915.8900146484375	889.010009765625	903.3200073242188	897.6767578125	1297200
2024-02-14	914.780029296875	925.75	913.4000244140625	924.4400024414062	918.6648559570312	1206400
2024-02-15	929.0800170898438	934.75	919.3400268554688	929.8400268554688	924.0311889648438	884300
2024-02-16	932.72998046875	948.52001953125	925.72998046875	928.9400024414062	923.13671875	1160400
2024-02-20	918.5999755859375	919.97998046875	898.510009765625	909.5700073242188	903.8878173828125	1044100
2024-02-21	897.4500122070312	908.6699829101562	892.6300048828125	908.2100219726562	902.5363159179688	870700
2024-02-22	946.9199829101562	959.4600219726562	941.2000122070312	951.8499755859375	945.903564453125	1780800
2024-02-23	952.280029296875	954.5599975585938	932.7899780273438	933.25	927.4198608398438	879000
2024-02-26	941.510009765625	951.719970703125	936.2000122070312	947.5900268554688	941.6702880859375	671300
2024-02-27	953.0	957.760009765625	940.3599853515625	941.3699951171875	935.4890747070312	807500
2024-02-28	939.0399780273438	943.5	935.0999755859375	939.5	933.6307983398438	519700
2024-02-29	939.5	952.4500122070312	938.4199829101562	951.6799926757812	945.7346801757812	777600
2024-03-01	951.5800170898438	991.4500122070312	950.27001953125	990.9400024414062	984.7494506835938	1697800
2024-03-04	992.5999755859375	1007.6799926757812	987.75	998.0399780273438	991.8051147460938	1433000
2024-03-05	989.7100219726562	992.0399780273438	958.6900024414062	968.8400268554688	962.78759765625	1259500
2024-03-06	986.9400024414062	1009.6300048828125	981.469970703125	1003.9299926757812	997.6582641601562	1304500
2024-03-07	1015.6699829101562	1056.3399658203125	1014.8200073242188	1047.3900146484375	1040.8468017578125	1580300
2024-03-08	1038.8800048828125	1040.2099609375	993.22998046875	994.3300170898438	988.1182861328125	1636700
2024-03-11	979.5	981.030029296875	957.5	962.6699829101562	956.656005859375	1432100
2024-03-12	966.7999877929688	984.989990234375	950.47998046875	984.2899780273438	978.1409912109375	1165200
2024-03-13	983.1599731445312	983.1599731445312	959.0599975585938	968.780029296875	962.7279663085938	851100
2024-03-14	968.5900268554688	971.469970703125	950.5599975585938	959.780029296875	953.7841796875	876600
2024-03-15	954.780029296875	954.780029296875	931.7899780273438	940.2100219726562	934.3363647460938	1725900
2024-03-18	949.3599853515625	958.2100219726562	939.75	941.3400268554688	935.4593505859375	821400
2024-03-19	938.5399780273438	956.5900268554688	928.0	951.9099731445312	945.9631958007812	817600
2024-03-20	956.0700073242188	974.2999877929688	946.8900146484375	970.9199829101562	964.8544921875	838600
2024-03-21	1005.010009765625	1005.6599731445312	988.0800170898438	990.7899780273438	984.600341796875	1112400
2024-03-22	973.7100219726562	991.0800170898438	972.5700073242188	979.9600219726562	973.8380126953125	692500
2024-03-25	979.1300048828125	992.280029296875	976.4600219726562	978.9299926757812	972.8143920898438	860900
2024-03-26	986.739990234375	989.3900146484375	970.8300170898438	971.2999877929688	965.232177734375	706000
2024-03-27	978.780029296875	979.2000122070312	964.0700073242188	974.010009765625	967.9252319335938	572100
2024-03-28	969.5499877929688	971.8699951171875	961.6500244140625	970.469970703125	964.4072875976562	685700
2024-04-01	979.760009765625	1022.6599731445312	979.760009765625	992.9500122070312	986.7468872070312	1108500
2024-04-02	968.1300048828125	973.8400268554688	957.1199951171875	966.7100219726562	960.6708374023438	964000
2024-04-03	965.8800048828125	986.469970703125	962.0999755859375	980.27001953125	974.1461181640625	892100
2024-04-04	991.989990234375	996.7999877929688	953.3900146484375	953.4099731445312	947.453857421875	1269700
2024-04-05	976.5	986.5999755859375	966.9199829101562	979.5499877929688	973.4306030273438	878100
2024-04-08	989.8499755859375	996.2000122070312	980.1300048828125	982.7100219726562	976.5708618164062	929000
2024-04-09	993.739990234375	1000.2000122070312	969.3599853515625	989.8300170898438	983.6464233398438	719600
2024-04-10	962.8099975585938	983.47998046875	962.8099975585938	974.6099853515625	968.5214233398438	722800
2024-04-11	981.5499877929688	992.1900024414062	963.3300170898438	992.1799926757812	985.981689453125	964700
2024-04-12	969.8200073242188	972.1500244140625	956.5	961.8400268554688	955.831298828125	1030300
2024-04-15	985.4199829101562	988.719970703125	951.0999755859375	954.8200073242188	948.8551025390625	1077500
2024-04-16	958.2999877929688	978.6099853515625	957.2000122070312	976.9199829101562	970.8170166015625	1506500
2024-04-17	942.8099975585938	942.8300170898438	895.8400268554688	907.6099853515625	901.9400024414062	3774100
2024-04-18	901.1199951171875	903.5999755859375	886.4000244140625	889.030029296875	883.47607421875	1653700
2024-04-19	887.4400024414062	896.2100219726562	855.5900268554688	859.5399780273438	854.1702880859375	2485700
2024-04-22	870.0	880.0	862.4600219726562	872.0499877929688	866.6021728515625	1143900
2024-04-23	879.2999877929688	908.0599975585938	875.0	901.5700073242188	895.937744140625	991300
2024-04-24	913.0499877929688	915.0	881.969970703125	892.3200073242188	886.7454833984375	860600
2024-04-25	875.0	911.0599975585938	871.0	902.510009765625	896.8718872070312	1114200
2024-04-26	912.27001953125	926.3900146484375	911.5499877929688	918.969970703125	915.1282348632812	865100
2024-04-29	911.8499755859375	913.25	901.0800170898438	909.77001953125	905.9667358398438	650800
2024-04-30	896.0999755859375	907.1799926757812	871.219970703125	872.469970703125	868.8225708007812	1093000
2024-05-01	871.1099853515625	880.5900268554688	849.1400146484375	852.8400268554688	849.2747192382812	1458200
2024-05-02	875.0	878.0	862.3499755859375	870.280029296875	866.6417846679688	876800
2024-05-03	894.5900268554688	904.9600219726562	888.6699829101562	901.6300048828125	897.8607177734375	1038000
2024-05-06	909.2000122070312	918.3599853515625	905.030029296875	916.9199829101562	913.0867309570312	642000
2024-05-07	924.8300170898438	926.3800048828125	907.6400146484375	908.219970703125	904.423095703125	655000
2024-05-08	904.4400024414062	916.72998046875	903.3200073242188	911.469970703125	907.6595458984375	555700
2024-05-09	914.7000122070312	918.1699829101562	907.3800048828125	913.5399780273438	909.720947265625	756000
2024-05-10	925.0	939.0	925.0	930.2899780273438	926.40087890625	814100
2024-05-13	927.6799926757812	929.0	914.260009765625	917.239990234375	913.4054565429688	745700
2024-05-14	912.9000244140625	916.3800048828125	905.8800048828125	915.030029296875	911.2047729492188	592000
2024-05-15	918.6500244140625	937.4199829101562	910.6500244140625	937.4199829101562	933.5010986328125	883000
2024-05-16	936.5	938.8099975585938	918.9400024414062	919.5399780273438	915.69580078125	811100
2024-05-17	920.7999877929688	930.969970703125	916.2100219726562	924.969970703125	921.1030883789062	703700
2024-05-20	925.780029296875	946.719970703125	925.780029296875	939.4400024414062	935.5126953125	669300
2024-05-21	920.9400024414062	933.5800170898438	915.3400268554688	925.27001953125	921.4019165039062	746400
2024-05-22	931.2100219726562	933.5	913.489990234375	922.3300170898438	918.4741821289062	668600
2024-05-23	967.5800170898438	969.489990234375	927.4099731445312	934.25	930.3443603515625	1357200
2024-05-24	938.260009765625	958.5700073242188	933.72998046875	956.219970703125	952.2224731445312	684900
2024-05-28	972.7999877929688	992.8800048828125	965.25	991.8499755859375	987.7034912109375	1184000
2024-05-29	961.5499877929688	965.5	955.9400024414062	957.8800048828125	953.8755493164062	902000
2024-05-30	957.0	969.1500244140625	952.7999877929688	966.1199951171875	962.0811157226562	847000
2024-05-31	971.8099975585938	980.0	932.9299926757812	960.3499755859375	956.335205078125	1040400
2024-06-03	969.3400268554688	972.260009765625	948.3900146484375	965.47998046875	961.4437866210938	752800
2024-06-04	962.239990234375	963.7100219726562	943.0	950.8099975585938	946.8351440429688	765400
2024-06-05	1019.3499755859375	1041.56005859375	1008.9000244140625	1041.3399658203125	1036.986572265625	2586500
2024-06-06	1048.0	1054.43994140625	1032.989990234375	1052.6099853515625	1048.2095947265625	1370700
2024-06-07	1040.25	1043.739990234375	1026.52001953125	1028.4200439453125	1024.12060546875	936200
2024-06-10	1016.1400146484375	1046.1199951171875	1013.9199829101562	1041.7099609375	1037.3551025390625	1039500
2024-06-11	1027.489990234375	1038.9100341796875	1019.6900024414062	1036.010009765625	1031.678955078125	789500
2024-06-12	1059.1500244140625	1077.219970703125	1055.6300048828125	1068.8599853515625	1064.3916015625	978400
2024-06-13	1053.72998046875	1061.0	1038.739990234375	1052.7099609375	1048.30908203125	1106300
2024-06-14	1021.4600219726562	1031.0	1016.5999755859375	1027.9000244140625	1023.6028442382812	1047200
2024-06-17	1044.18994140625	1054.3800048828125	1032.6700439453125	1052.469970703125	1048.070068359375	844400
2024-06-18	1042.199951171875	1069.4200439453125	1042.0	1061.3800048828125	1056.94287109375	1025300
2024-06-20	1058.22998046875	1063.1500244140625	1045.02001953125	1050.739990234375	1046.3472900390625	1150300
2024-06-21	1038.1800537109375	1039.0	1023.2100219726562	1036.5999755859375	1032.2664794921875	1626700
2024-06-24	1033.1700439453125	1034.7099609375	1002.010009765625	1002.010009765625	997.821044921875	1027000
2024-06-25	1005.1599731445312	1023.489990234375	1002.6400146484375	1023.3400268554688	1019.0618896484375	801100
2024-06-26	1014.0	1023.5999755859375	1003.9000244140625	1016.5999755859375	1012.3500366210938	885100
2024-06-27	1029.43994140625	1041.7099609375	1024.6400146484375	1028.010009765625	1023.7123413085938	784300
2024-06-28	1028.0	1048.81005859375	1015.4500122070312	1022.72998046875	1018.4544677734375	837600
2024-07-01	1035.550048828125	1038.1099853515625	1015.7999877929688	1033.489990234375	1029.16943359375	791000
2024-07-02	1026.77001953125	1047.989990234375	1025.8599853515625	1047.8900146484375	1043.50927734375	748700
2024-07-03	1058.3900146484375	1074.300048828125	1055.4100341796875	1071.4100341796875	1066.9310302734375	779800
2024-07-05	1079.75	1082.7900390625	1069.3399658203125	1074.47998046875	1069.988037109375	771100
2024-07-08	1083.1500244140625	1087.7900390625	1075.8299560546875	1077.3900146484375	1072.885986328125	881900
2024-07-09	1079.699951171875	1081.52001953125	1059.3499755859375	1059.969970703125	1055.538818359375	925400
2024-07-10	1069.18994140625	1100.5799560546875	1065.0	1098.949951171875	1094.355712890625	925400
2024-07-11	1109.97998046875	1110.0899658203125	1061.56005859375	1062.5	1058.05810546875	1151400
2024-07-12	1072.760009765625	1100.6199951171875	1066.300048828125	1085.260009765625	1080.7230224609375	1053800
2024-07-15	1097.43994140625	1098.72998046875	1060.3699951171875	1063.6300048828125	1059.1834716796875	1365600
2024-07-16	1074.52001953125	1077.050048828125	1060.739990234375	1068.18994140625	1063.724365234375	1197600
2024-07-17	978.5800170898438	979.989990234375	928.7000122070312	932.0599975585938	928.1635131835938	5188400
2024-07-18	953.5	957.2100219726562	911.0	924.1500244140625	920.28662109375	2242200
2024-07-19	915.22998046875	920.3400268554688	891.6599731445312	895.3699951171875	891.6268920898438	2133600
2024-07-22	928.1900024414062	942.5700073242188	922.010009765625	941.260009765625	937.3250732421875	1926800
2024-07-23	935.3800048828125	940.4099731445312	929.1799926757812	932.8099975585938	928.9103393554688	1056200
2024-07-24	918.1599731445312	919.6699829101562	870.760009765625	872.75	869.1014404296875	1912000
2024-07-25	873.0	886.3699951171875	850.1799926757812	862.6300048828125	859.0238037109375	2075900
2024-07-26	893.9199829101562	895.5700073242188	882.22998046875	888.3900146484375	884.6760864257812	1681600
2024-07-29	886.989990234375	898.0	869.02001953125	870.5499877929688	868.5169067382812	1231500
2024-07-30	892.5	893.9400024414062	856.0	860.239990234375	858.23095703125	1682100
2024-07-31	925.52001953125	942.239990234375	917.0399780273438	936.7000122070312	934.5123901367188	2406800
2024-08-01	923.0399780273438	927.760009765625	871.8099975585938	883.7100219726562	881.6461791992188	1808500
2024-08-02	824.2000122070312	828.5900268554688	795.8900146484375	809.3499755859375	807.4597778320312	3624100
2024-08-05	775.0	838.8800048828125	767.4099731445312	820.3499755859375	818.43408203125	2815600
2024-08-06	840.3599853515625	860.010009765625	835.530029296875	843.010009765625	841.0411987304688	1995700
2024-08-07	877.0	878.3900146484375	834.6300048828125	836.3499755859375	834.396728515625	1521600
2024-08-08	860.969970703125	878.6300048828125	849.260009765625	876.6500244140625	874.6026611328125	1447700
2024-08-09	855.22998046875	865.2999877929688	848.5399780273438	860.5499877929688	858.5402221679688	950500
2024-08-12	861.75	866.969970703125	852.8200073242188	852.8599853515625	850.8681640625	1151200
2024-08-13	860.7999877929688	872.6699829101562	856.3200073242188	869.489990234375	867.4593505859375	1526600
2024-08-14	887.5900268554688	890.3900146484375	870.4600219726562	879.5800170898438	877.5258178710938	887700
2024-08-15	900.3900146484375	930.8099975585938	896.2999877929688	928.25	926.0821533203125	1459000
2024-08-16	916.1599731445312	922.4600219726562	913.030029296875	918.6599731445312	916.5145263671875	804200
2024-08-19	917.1400146484375	933.7100219726562	909.4500122070312	933.1500244140625	930.970703125	1024600
2024-08-20	935.97998046875	936.3800048828125	917.3499755859375	926.1799926757812	924.0169677734375	921300
2024-08-21	933.719970703125	945.0499877929688	931.6699829101562	943.6099853515625	941.40625	646500
2024-08-22	943.0	943.989990234375	904.5900268554688	907.7100219726562	905.5901489257812	1092600
2024-08-23	912.9099731445312	922.1300048828125	903.1300048828125	907.260009765625	905.1411743164062	1395900
2024-08-26	903.5399780273438	904.6400146484375	882.4500122070312	883.3099975585938	881.2470703125	1251500
2024-08-27	880.0	895.760009765625	874.47998046875	889.8800048828125	887.8017578125	661600
2024-08-28	890.7000122070312	897.4600219726562	880.4199829101562	888.1300048828125	886.0558471679688	727300
2024-08-29	906.0599975585938	914.530029296875	882.989990234375	887.7100219726562	885.6368408203125	1173800
2024-08-30	900.0499877929688	906.9299926757812	888.9400024414062	903.8699951171875	901.7590942382812	991200
2024-09-03	892.5999755859375	892.72998046875	841.6500244140625	845.3900146484375	843.4156494140625	1870800
2024-09-04	805.0	822.719970703125	799.22998046875	811.47998046875	809.5848388671875	2350900
2024-09-05	795.6900024414062	808.0499877929688	790.5	795.5999755859375	793.7418823242188	1672000
2024-09-06	792.7999877929688	792.9400024414062	750.8699951171875	752.7899780273438	751.0318603515625	3286800
2024-09-09	764.0800170898438	764.280029296875	738.1500244140625	749.8200073242188	748.06884765625	2539900
2024-09-10	749.9099731445312	752.0	734.25	751.3800048828125	749.6251831054688	1524000
2024-09-11	770.030029296875	801.5999755859375	758.72998046875	800.1400146484375	798.2713623046875	2559100
2024-09-12	801.3900146484375	808.6900024414062	793.719970703125	800.1699829101562	798.30126953125	1318700
2024-09-13	804.1199951171875	818.6199951171875	803.8699951171875	816.3599853515625	814.4534301757812	1069200
2024-09-16	808.9600219726562	809.22998046875	792.1400146484375	803.0399780273438	801.16455078125	1150100
2024-09-17	808.7000122070312	811.77001953125	796.5399780273438	805.6900024414062	803.808349609375	734600
2024-09-18	800.0900268554688	810.9099731445312	786.3699951171875	787.8400268554688	786.0000610351562	1249000
2024-09-19	832.6699829101562	839.6500244140625	822.219970703125	828.1599731445312	826.2258911132812	1644300
2024-09-20	809.5599975585938	810.1900024414062	789.6599731445312	795.280029296875	793.4227294921875	2748600
2024-09-23	807.6099853515625	807.6099853515625	798.010009765625	803.5	801.6234741210938	965600
2024-09-24	809.5499877929688	816.5	801.0	814.0	812.0989379882812	881200
2024-09-25	816.3499755859375	827.2100219726562	814.0	818.1799926757812	816.2691650390625	878200
2024-09-26	860.3300170898438	862.0	839.7000122070312	852.4400024414062	850.44921875	1566400
2024-09-27	852.4500122070312	854.1500244140625	838.2000122070312	841.5399780273438	839.5746459960938	1038400
2024-09-30	836.5499877929688	842.1599731445312	819.7000122070312	833.25	831.3040161132812	994700
2024-10-01	839.6799926757812	841.27001953125	811.9000244140625	822.3499755859375	820.429443359375	1244100
2024-10-02	820.7999877929688	839.27001953125	816.5	832.1900024414062	830.2464599609375	898400
2024-10-03	825.9099731445312	837.510009765625	823.7899780273438	832.4099731445312	830.4659423828125	651900
2024-10-04	836.0499877929688	839.3400268554688	825.9600219726562	833.0	831.0545654296875	862500
2024-10-07	811.719970703125	823.0	811.010009765625	817.25	815.3413696289062	898200
2024-10-08	822.5	830.8300170898438	820.0700073242188	824.260009765625	822.3350219726562	1265900
2024-10-09	829.8300170898438	846.1199951171875	826.3699951171875	845.9000244140625	843.9244995117188	1004900
2024-10-10	825.0	835.6300048828125	821.5	833.969970703125	832.0222778320312	876300
2024-10-11	829.9199829101562	845.0	828.4099731445312	840.6900024414062	838.7266235351562	964700
2024-10-14	852.52001953125	873.25	852.1699829101562	872.27001953125	870.23291015625	1769200
2024-10-15	867.219970703125	873.6500244140625	717.5	730.4299926757812	728.72412109375	9350700
2024-10-16	710.969970703125	717.47998046875	677.27001953125	683.52001953125	681.9237060546875	10296200
2024-10-17	692.6400146484375	703.8800048828125	677.1199951171875	700.5999755859375	698.9637451171875	7209100
2024-10-18	717.6699829101562	726.4600219726562	713.1799926757812	723.260009765625	721.5708618164062	4537800
2024-10-21	724.0	724.8499755859375	708.7899780273438	714.0999755859375	712.4322509765625	2184800
2024-10-22	723.0	724.1099853515625	717.6400146484375	720.9099731445312	719.226318359375	2067000
2024-10-23	714.0499877929688	716.3099975585938	700.0999755859375	708.6199951171875	706.965087890625	1681400
2024-10-24	719.989990234375	720.0	706.4500122070312	710.8099975585938	709.1499633789062	1854700
2024-10-25	715.989990234375	723.25	711.22998046875	711.7000122070312	710.0379028320312	1380100
2024-10-28	708.3900146484375	711.5	703.989990234375	708.6500244140625	706.9949951171875	1182800
2024-10-29	707.739990234375	715.9400024414062	703.6900024414062	715.1400146484375	715.1400146484375	1445500
2024-10-30	693.5499877929688	695.6199951171875	682.6199951171875	683.8300170898438	683.8300170898438	3085200
2024-10-31	682.97998046875	683.0	667.219970703125	672.5499877929688	672.5499877929688	2398300
2024-11-01	678.5499877929688	682.760009765625	673.4600219726562	674.72998046875	674.72998046875	1801700
2024-11-04	676.0499877929688	678.4299926757812	670.8200073242188	671.1599731445312	671.1599731445312	1232500
2024-11-05	673.510009765625	685.52001953125	673.469970703125	676.4600219726562	676.4600219726562	1282000
2024-11-06	668.5499877929688	673.0399780273438	654.77001953125	661.4299926757812	661.4299926757812	3208600
2024-11-07	674.1099853515625	679.8400268554688	669.8099975585938	677.2100219726562	677.2100219726562	1758300
2024-11-08	670.0	671.239990234375	661.8900146484375	669.469970703125	669.469970703125	1726800
2024-11-11	671.77001953125	671.989990234375	661.9400024414062	671.3099975585938	671.3099975585938	1520100
2024-11-12	672.6400146484375	676.5399780273438	662.8300170898438	669.1799926757812	669.1799926757812	1711000
2024-11-13	664.6199951171875	673.6799926757812	656.780029296875	673.4099731445312	673.4099731445312	2453700
2024-11-14	705.6799926757812	712.0	691.530029296875	692.9600219726562	692.9600219726562	3925300
2024-11-15	678.3599853515625	679.8800048828125	657.52001953125	658.6300048828125	658.6300048828125	3063200
2024-11-18	651.0700073242188	668.8599853515625	648.0	665.22998046875	665.22998046875	2012600
2024-11-19	662.8200073242188	671.4099731445312	653.469970703125	662.1599731445312	662.1599731445312	1640700
2024-11-20	656.530029296875	658.47998046875	645.4500122070312	658.4299926757812	658.4299926757812	1677800
2024-11-21	653.9199829101562	673.0599975585938	649.02001953125	672.1599731445312	672.1599731445312	2859000
2024-11-22	667.7999877929688	674.7999877929688	666.219970703125	672.8800048828125	672.8800048828125	1275600
2024-11-25	685.0	686.7100219726562	678.0	684.469970703125	684.469970703125	1511300
2024-11-26	679.5900268554688	681.8499755859375	666.8300170898438	671.969970703125	671.969970703125	1424100
2024-11-27	669.760009765625	672.6900024414062	659.6099853515625	670.47998046875	670.47998046875	1231800
2024-11-29	678.8699951171875	699.6500244140625	678.5399780273438	686.6099853515625	686.6099853515625	1706500
2024-12-02	681.75	713.6799926757812	680.7000122070312	711.469970703125	711.469970703125	2325900
2024-12-03	702.6500244140625	721.3300170898438	700.6199951171875	718.0599975585938	718.0599975585938	1647200
2024-12-04	723.7899780273438	724.9400024414062	716.9299926757812	719.9199829101562	719.9199829101562	1529800
2024-12-05	729.1500244140625	729.219970703125	708.0	711.5	711.5	1801100
2024-12-06	711.739990234375	717.2100219726562	707.0800170898438	708.97998046875	708.97998046875	1215400
2024-12-09	713.25	723.2100219726562	705.6500244140625	706.52001953125	706.52001953125	1267500
2024-12-10	716.6199951171875	718.2999877929688	700.5700073242188	705.27001953125	705.27001953125	1214700
2024-12-11	711.8900146484375	718.0	706.489990234375	714.4299926757812	714.4299926757812	1217600
2024-12-12	713.3400268554688	719.8800048828125	710.6300048828125	713.0999755859375	713.0999755859375	868700
2024-12-13	718.5800170898438	724.97998046875	716.219970703125	718.5800170898438	718.5800170898438	1455700
2024-12-16	720.0499877929688	731.0	713.3300170898438	722.3800048828125	722.3800048828125	1542800
2024-12-17	740.0	745.1199951171875	732.6799926757812	735.1900024414062	735.1900024414062	1753300
2024-12-18	748.510009765625	757.1900024414062	715.47998046875	719.489990234375	719.489990234375	2257000
2024-12-19	717.75	720.8300170898438	708.780029296875	710.260009765625	710.260009765625	1620800
2024-12-20	700.1500244140625	720.4000244140625	696.280029296875	705.6799926757812	705.6799926757812	2701800
2024-12-23	707.0999755859375	722.0499877929688	707.0800170898438	721.0399780273438	721.0399780273438	1232600
2024-12-24	716.3900146484375	720.2000122070312	715.0	719.7100219726562	719.7100219726562	586800
2024-12-26	714.2100219726562	720.5	711.1099853515625	715.8599853515625	715.8599853515625	734000
2024-12-27	717.489990234375	717.5	708.5900268554688	713.5900268554688	713.5900268554688	942300
2024-12-30	700.0	702.8099975585938	694.469970703125	696.1500244140625	696.1500244140625	1202600
2024-12-31	701.3900146484375	702.97998046875	687.4299926757812	693.0800170898438	693.0800170898438	965000
2025-01-02	705.3400268554688	711.9600219726562	696.3400268554688	700.4199829101562	700.4199829101562	1115100
2025-01-03	703.1599731445312	717.5700073242188	702.5800170898438	714.3599853515625	714.3599853515625	1062900
2025-01-06	751.0599975585938	781.0900268554688	749.6500244140625	768.510009765625	768.510009765625	2761100
2025-01-07	775.0	778.3900146484375	753.489990234375	757.5800170898438	757.5800170898438	1490200
2025-01-08	753.0	753.3300170898438	737.0	743.97998046875	743.97998046875	1185400
2025-01-10	751.0	751.2999877929688	735.4000244140625	739.010009765625	739.010009765625	1515800
2025-01-13	721.2000122070312	729.0	717.5900268554688	727.4099731445312	727.4099731445312	1321800
2025-01-14	737.5399780273438	739.52001953125	728.0599975585938	736.2899780273438	736.2899780273438	1022600
2025-01-15	739.4600219726562	744.469970703125	725.1900024414062	726.2999877929688	726.2999877929688	1864400
2025-01-16	758.7999877929688	771.5599975585938	748.4600219726562	750.280029296875	750.280029296875	2407600
2025-01-17	767.9099731445312	769.2000122070312	751.5	756.3300170898438	756.3300170898438	1932600
