Date	Open	High	Low	Close	Adj Close	Volume
2022-01-21	309.989990234375	311.0199890136719	304.1400146484375	305.2200012207031	305.2200012207031	6535400
2022-01-24	299.70001220703125	304.7300109863281	296.0799865722656	303.7300109863281	303.7300109863281	8504200
2022-01-25	301.8699951171875	309.1300048828125	294.80999755859375	307.19000244140625	307.19000244140625	6435400
2022-01-26	310.3999938964844	313.3299865722656	306.57000732421875	309.260009765625	309.260009765625	6119400
2022-01-27	311.70001220703125	315.9200134277344	305.30999755859375	307.6700134277344	307.6700134277344	5053200
2022-01-28	307.67999267578125	313.2900085449219	304.07000732421875	312.8999938964844	312.8999938964844	5238200
2022-01-31	312.0	313.29998779296875	307.8399963378906	313.0199890136719	313.0199890136719	5237600
2022-02-01	312.6400146484375	314.6000061035156	310.30999755859375	313.9599914550781	313.9599914550781	4347200
2022-02-02	313.57000732421875	320.1600036621094	313.0	319.6000061035156	319.6000061035156	4632200
2022-02-03	319.3299865722656	319.6499938964844	314.6099853515625	315.2300109863281	315.2300109863281	4151500
2022-02-04	315.8699951171875	317.8399963378906	312.70001220703125	314.989990234375	314.989990234375	3654700
2022-02-07	314.9100036621094	318.2200012207031	312.05999755859375	316.510009765625	316.510009765625	3129100
2022-02-08	318.2699890136719	322.6499938964844	316.0	321.44000244140625	321.44000244140625	6237800
2022-02-09	323.79998779296875	325.6300048828125	321.5400085449219	322.3800048828125	322.3800048828125	3995900
2022-02-10	320.989990234375	322.4599914550781	318.489990234375	319.8500061035156	319.8500061035156	7079700
2022-02-11	320.010009765625	323.1199951171875	317.739990234375	319.1400146484375	319.1400146484375	7493400
2022-02-14	319.6099853515625	320.42999267578125	312.1700134277344	314.2799987792969	314.2799987792969	8129100
2022-02-15	316.6400146484375	317.94000244140625	314.69000244140625	316.20001220703125	316.20001220703125	3681400
2022-02-16	315.0	316.8999938964844	314.2799987792969	315.6499938964844	315.6499938964844	3974100
2022-02-17	314.9800109863281	315.44000244140625	312.29998779296875	313.54998779296875	313.54998779296875	3632400
2022-02-18	313.8299865722656	315.67999267578125	313.0799865722656	314.79998779296875	314.79998779296875	4224500
2022-02-22	313.44000244140625	315.42999267578125	310.54998779296875	314.1600036621094	314.1600036621094	5102000
2022-02-23	316.0799865722656	316.79998779296875	309.3800048828125	309.989990234375	309.989990234375	5030600
2022-02-24	301.7799987792969	308.80999755859375	299.510009765625	308.2799987792969	308.2799987792969	8834700
2022-02-25	311.1600036621094	321.42999267578125	310.7799987792969	319.239990234375	319.239990234375	7484400
2022-02-28	317.3500061035156	322.0	315.19000244140625	321.45001220703125	321.45001220703125	7981000
2022-03-01	320.260009765625	321.20001220703125	313.5899963378906	316.8399963378906	316.8399963378906	6441400
2022-03-02	319.4800109863281	325.75	318.1199951171875	323.6400146484375	323.6400146484375	4506100
2022-03-03	326.6300048828125	329.4700012207031	323.8900146484375	327.739990234375	327.739990234375	4594300
2022-03-04	322.6600036621094	325.6099853515625	320.1199951171875	325.3399963378906	325.3399963378906	4901900
2022-03-07	325.67999267578125	326.44000244140625	320.3500061035156	322.7200012207031	322.7200012207031	5875800
2022-03-08	325.29998779296875	327.2900085449219	318.0299987792969	318.5199890136719	318.5199890136719	7905000
2022-03-09	326.5899963378906	327.4700012207031	322.5799865722656	325.3999938964844	325.3999938964844	5874500
2022-03-10	322.489990234375	325.70001220703125	321.5799865722656	325.29998779296875	325.29998779296875	3843600
2022-03-11	326.5299987792969	331.489990234375	326.2300109863281	326.6000061035156	326.6000061035156	5135700
2022-03-14	328.6499938964844	333.4800109863281	327.6499938964844	329.9800109863281	329.9800109863281	5967200
2022-03-15	332.70001220703125	334.5799865722656	329.3800048828125	332.54998779296875	332.54998779296875	6928300
2022-03-16	335.1099853515625	337.3399963378906	331.7099914550781	336.1099853515625	336.1099853515625	5925800
2022-03-17	337.0	345.1300048828125	336.20001220703125	344.9700012207031	344.9700012207031	7219800
2022-03-18	344.1199951171875	346.8699951171875	339.2699890136719	342.4100036621094	342.4100036621094	8881500
2022-03-21	344.989990234375	351.2099914550781	344.29998779296875	349.6600036621094	349.6600036621094	6298300
2022-03-22	351.010009765625	354.95001220703125	348.8999938964844	349.92999267578125	349.92999267578125	5772700
2022-03-23	349.1300048828125	350.7900085449219	346.25	348.1600036621094	348.1600036621094	5642400
2022-03-24	351.5	352.57000732421875	349.1300048828125	352.3699951171875	352.3699951171875	3946300
2022-03-25	353.8999938964844	359.010009765625	353.6000061035156	358.760009765625	358.760009765625	4583000
2022-03-28	360.5899963378906	361.3800048828125	355.5299987792969	359.57000732421875	359.57000732421875	4172900
2022-03-29	361.3900146484375	362.1000061035156	352.54998779296875	355.1199951171875	355.1199951171875	5004800
2022-03-30	354.6600036621094	357.8500061035156	351.8399963378906	357.6099853515625	357.6099853515625	3911200
2022-03-31	359.0	360.0	352.32000732421875	352.9100036621094	352.9100036621094	6065400
2022-04-01	353.6499938964844	354.5799865722656	349.0199890136719	351.8800048828125	351.8800048828125	4123800
2022-04-04	352.0	352.239990234375	344.30999755859375	345.42999267578125	345.42999267578125	5090000
2022-04-05	345.7699890136719	349.44000244140625	344.2799987792969	344.79998779296875	344.79998779296875	4244700
2022-04-06	341.1700134277344	346.9700012207031	340.54998779296875	344.7099914550781	344.7099914550781	4547400
2022-04-07	346.2200012207031	347.6700134277344	342.3999938964844	346.510009765625	346.510009765625	3815700
2022-04-08	348.92999267578125	353.8500061035156	347.7300109863281	353.1000061035156	353.1000061035156	4490500
2022-04-11	352.9800109863281	354.3299865722656	349.3399963378906	352.0199890136719	352.0199890136719	3128900
2022-04-12	352.260009765625	354.0	348.3900146484375	349.739990234375	349.739990234375	3548800
2022-04-13	349.4599914550781	350.7200012207031	345.25	346.2200012207031	346.2200012207031	3434200
2022-04-14	346.1600036621094	347.55999755859375	344.1400146484375	344.3299865722656	344.3299865722656	3283500
2022-04-18	344.45001220703125	347.19000244140625	343.5899963378906	346.6499938964844	346.6499938964844	2517100
2022-04-19	347.0	349.1300048828125	345.8500061035156	348.5	348.5	3392000
2022-04-20	350.0	350.5899963378906	347.70001220703125	348.82000732421875	348.82000732421875	3711200
2022-04-21	350.8599853515625	350.8599853515625	342.9599914550781	343.6000061035156	343.6000061035156	4032100
2022-04-22	342.94000244140625	343.2099914550781	335.1099853515625	335.55999755859375	335.55999755859375	4966500
2022-04-25	332.29998779296875	337.8500061035156	328.5299987792969	336.95001220703125	336.95001220703125	5695100
2022-04-26	333.5299987792969	337.3900146484375	330.3599853515625	330.6499938964844	330.6499938964844	4588900
2022-04-27	330.6000061035156	333.1400146484375	328.42999267578125	329.5799865722656	329.5799865722656	3726700
2022-04-28	331.5299987792969	332.05999755859375	327.8299865722656	331.2699890136719	331.2699890136719	3845800
2022-04-29	330.19000244140625	330.6400146484375	320.5	322.8299865722656	322.8299865722656	5685200
2022-05-02	324.1099853515625	324.3699951171875	311.739990234375	318.19000244140625	318.19000244140625	6797200
2022-05-03	319.4200134277344	323.5799865722656	317.6700134277344	318.989990234375	318.989990234375	3874700
2022-05-04	319.1000061035156	327.2799987792969	318.0	326.79998779296875	326.79998779296875	4269600
2022-05-05	325.8500061035156	325.8500061035156	315.1600036621094	318.67999267578125	318.67999267578125	5257600
2022-05-06	317.989990234375	320.3699951171875	314.19000244140625	318.8800048828125	318.8800048828125	4198800
2022-05-09	315.3500061035156	316.9200134277344	311.55999755859375	312.9599914550781	312.9599914550781	4874400
2022-05-10	315.9599914550781	318.1099853515625	310.239990234375	312.5299987792969	312.5299987792969	4798400
2022-05-11	313.1700134277344	317.54998779296875	311.010009765625	311.5400085449219	311.5400085449219	4250700
2022-05-12	307.95001220703125	309.07000732421875	302.54998779296875	308.05999755859375	308.05999755859375	5679800
2022-05-13	311.25	312.4700012207031	307.8999938964844	310.3599853515625	310.3599853515625	3767500
2022-05-16	310.2799987792969	311.95001220703125	307.1300048828125	309.2900085449219	309.2900085449219	3697600
2022-05-17	315.2099914550781	315.44000244140625	312.1000061035156	314.6000061035156	314.6000061035156	4154200
2022-05-18	312.94000244140625	314.1700134277344	305.57000732421875	306.6400146484375	306.6400146484375	4417900
2022-05-19	303.92999267578125	306.30999755859375	301.2099914550781	304.1499938964844	304.1499938964844	4730100
2022-05-20	307.04998779296875	307.4599914550781	298.1099853515625	304.04998779296875	304.04998779296875	5517600
2022-05-23	307.3800048828125	312.44000244140625	306.6199951171875	310.20001220703125	310.20001220703125	4142100
2022-05-24	309.3900146484375	310.30999755859375	303.75	309.1700134277344	309.1700134277344	3657600
2022-05-25	308.5899963378906	310.989990234375	305.9200134277344	308.6400146484375	308.6400146484375	3704800
2022-05-26	311.2699890136719	314.3900146484375	310.9800109863281	312.5	312.5	4472000
2022-05-27	314.7300109863281	319.239990234375	314.1499938964844	319.1099853515625	319.1099853515625	4280100
2022-05-31	318.9800109863281	318.9800109863281	314.79998779296875	315.9800109863281	315.9800109863281	5675800
2022-06-01	316.0	316.7900085449219	309.6099853515625	312.2099914550781	312.2099914550781	3795700
2022-06-02	312.6499938964844	315.0899963378906	308.6099853515625	314.95001220703125	314.95001220703125	3119300
2022-06-03	312.5	313.79998779296875	310.3999938964844	310.94000244140625	310.94000244140625	2587500
2022-06-06	313.3800048828125	315.7799987792969	311.4800109863281	312.1499938964844	312.1499938964844	2980900
2022-06-07	310.5799865722656	313.7900085449219	309.3900146484375	313.6499938964844	313.6499938964844	2550700
2022-06-08	312.1600036621094	312.79998779296875	307.92999267578125	308.739990234375	308.739990234375	2877400
2022-06-09	308.1000061035156	308.3800048828125	300.57000732421875	300.79998779296875	300.79998779296875	3217400
2022-06-10	296.0799865722656	298.0	291.6099853515625	291.7099914550781	291.7099914550781	5882600
2022-06-13	285.42999267578125	287.42999267578125	280.1000061035156	281.55999755859375	281.55999755859375	7109100
2022-06-14	282.0899963378906	283.9599914550781	276.1000061035156	277.6400146484375	277.6400146484375	5838100
2022-06-15	281.1600036621094	282.5	273.8699951171875	278.92999267578125	278.92999267578125	5821200
2022-06-16	273.3900146484375	273.3999938964844	266.8800048828125	268.55999755859375	268.55999755859375	7199200
2022-06-17	268.3900146484375	270.5	265.67999267578125	268.0799865722656	268.0799865722656	11562000
2022-06-21	273.8500061035156	273.9800109863281	270.3399963378906	271.7699890136719	271.7699890136719	4906700
2022-06-22	267.3800048828125	273.3999938964844	267.3800048828125	269.7900085449219	269.7900085449219	4220700
2022-06-23	269.8500061035156	270.7099914550781	263.67999267578125	267.5199890136719	267.5199890136719	4727400
2022-06-24	268.9700012207031	279.6700134277344	268.57000732421875	278.2799987792969	278.2799987792969	6451900
2022-06-27	280.5299987792969	282.0299987792969	277.6099853515625	278.3999938964844	278.3999938964844	4134800
2022-06-28	280.510009765625	282.45001220703125	273.67999267578125	273.8599853515625	273.8599853515625	3868000
2022-06-29	274.95001220703125	275.94000244140625	272.9700012207031	273.489990234375	273.489990234375	2995900
2022-06-30	270.510009765625	274.9200134277344	268.67999267578125	273.0199890136719	273.0199890136719	4623500
2022-07-01	272.5	278.3999938964844	271.6300048828125	277.5	277.5	3667300
2022-07-05	274.20001220703125	275.8599853515625	271.3900146484375	275.69000244140625	275.69000244140625	3676900
2022-07-06	274.8399963378906	277.510009765625	272.8699951171875	275.6499938964844	275.6499938964844	3033900
2022-07-07	277.5	279.5899963378906	277.1000061035156	279.2799987792969	279.2799987792969	3949700
2022-07-08	279.7900085449219	282.6099853515625	279.25	280.8299865722656	280.8299865722656	2983400
2022-07-11	279.3800048828125	281.4599914550781	277.8699951171875	278.510009765625	278.510009765625	2864400
2022-07-12	277.57000732421875	282.17999267578125	276.6499938964844	277.2799987792969	277.2799987792969	3033000
2022-07-13	275.3699951171875	280.0899963378906	274.45001220703125	277.4700012207031	277.4700012207031	4197400
2022-07-14	273.0	275.3500061035156	271.20001220703125	274.4100036621094	274.4100036621094	3888500
2022-07-15	277.5299987792969	280.0	276.05999755859375	278.4800109863281	278.4800109863281	4547400
2022-07-18	281.5	281.5	275.2099914550781	276.260009765625	276.260009765625	3273800
2022-07-19	279.0	284.0799865722656	278.1700134277344	283.54998779296875	283.54998779296875	3590200
2022-07-20	284.6400146484375	286.44000244140625	283.8999938964844	286.0400085449219	286.0400085449219	3877200
2022-07-21	287.0	287.239990234375	282.0899963378906	286.8500061035156	286.8500061035156	3699000
2022-07-22	288.1000061035156	289.3999938964844	283.6199951171875	285.92999267578125	285.92999267578125	2876100
2022-07-25	287.2099914550781	289.07000732421875	285.1499938964844	287.989990234375	287.989990234375	3136300
2022-07-26	287.7900085449219	288.7099914550781	284.6499938964844	285.30999755859375	285.30999755859375	2512200
2022-07-27	287.6700134277344	291.55999755859375	285.70001220703125	290.29998779296875	290.29998779296875	3613200
2022-07-28	291.17999267578125	294.0299987792969	286.7699890136719	293.8999938964844	293.8999938964844	3986900
2022-07-29	297.4200134277344	302.3999938964844	295.42999267578125	300.6000061035156	300.6000061035156	6976200
2022-08-01	299.70001220703125	299.70001220703125	294.8299865722656	295.8599853515625	295.8599853515625	4192700
2022-08-02	294.8699951171875	295.5299987792969	291.9200134277344	292.1700134277344	292.1700134277344	3166500
2022-08-03	295.04998779296875	295.8800048828125	291.1000061035156	294.9599914550781	294.9599914550781	4061400
2022-08-04	294.7300109863281	295.9800109863281	292.6199951171875	292.9100036621094	292.9100036621094	3946200
2022-08-05	291.8699951171875	294.1000061035156	290.42999267578125	292.07000732421875	292.07000732421875	3395400
2022-08-08	294.8699951171875	299.3299865722656	292.2699890136719	292.3399963378906	292.3399963378906	3965600
2022-08-09	293.3500061035156	297.57000732421875	291.92999267578125	292.7699890136719	292.7699890136719	3872100
2022-08-10	296.4800109863281	296.92999267578125	294.1000061035156	295.1099853515625	295.1099853515625	3705700
2022-08-11	298.0	299.05999755859375	296.1199951171875	296.4700012207031	296.4700012207031	3144800
2022-08-12	297.8999938964844	301.69000244140625	297.0	301.54998779296875	301.54998779296875	3231300
2022-08-15	298.6400146484375	303.760009765625	297.3999938964844	302.82000732421875	302.82000732421875	2927200
2022-08-16	304.989990234375	308.1499938964844	303.760009765625	306.6499938964844	306.6499938964844	3342600
2022-08-17	305.2200012207031	306.8900146484375	302.739990234375	304.260009765625	304.260009765625	2962600
2022-08-18	304.44000244140625	304.57000732421875	301.54998779296875	304.2699890136719	304.2699890136719	2783100
2022-08-19	302.95001220703125	303.2200012207031	296.80999755859375	297.2799987792969	297.2799987792969	4613100
2022-08-22	294.0	294.4700012207031	287.8599853515625	288.69000244140625	288.69000244140625	4713900
2022-08-23	288.8500061035156	291.6400146484375	288.1499938964844	289.6499938964844	289.6499938964844	2592100
2022-08-24	290.0	294.0	289.4599914550781	293.5199890136719	293.5199890136719	3266100
2022-08-25	293.7099914550781	298.4800109863281	292.8299865722656	298.1300048828125	298.1300048828125	3463700
2022-08-26	299.4100036621094	299.6300048828125	289.6499938964844	289.9599914550781	289.9599914550781	5277200
2022-08-29	288.3999938964844	289.8299865722656	285.75	287.45001220703125	287.45001220703125	3098300
2022-08-30	288.7200012207031	289.32000732421875	284.7699890136719	285.4200134277344	285.4200134277344	3213700
2022-08-31	287.25	288.010009765625	280.44000244140625	280.79998779296875	280.79998779296875	4999600
2022-09-01	279.95001220703125	282.67999267578125	277.30999755859375	282.42999267578125	282.42999267578125	3765000
2022-09-02	284.8399963378906	285.4200134277344	276.3699951171875	277.6700134277344	277.6700134277344	3793600
2022-09-06	278.010009765625	279.489990234375	275.3599853515625	276.5899963378906	276.5899963378906	4362900
2022-09-07	275.739990234375	281.739990234375	275.4200134277344	281.0400085449219	281.0400085449219	3509900
2022-09-08	278.5799865722656	283.3999938964844	277.2900085449219	283.3399963378906	283.3399963378906	3542300
2022-09-09	284.5400085449219	287.0199890136719	284.1300048828125	285.7699890136719	285.7699890136719	3125100
2022-09-12	286.70001220703125	289.239990234375	286.0299987792969	288.510009765625	288.510009765625	3407900
2022-09-13	283.989990234375	285.1400146484375	277.5	278.2900085449219	278.2900085449219	4582700
2022-09-14	279.0	280.2099914550781	275.6400146484375	278.4200134277344	278.4200134277344	3718400
2022-09-15	278.69000244140625	281.2699890136719	276.3599853515625	276.70001220703125	276.70001220703125	3274500
2022-09-16	275.3500061035156	276.3800048828125	273.260009765625	274.80999755859375	274.80999755859375	7288900
2022-09-19	272.7900085449219	279.1300048828125	272.7200012207031	278.95001220703125	278.95001220703125	3291500
2022-09-20	277.1700134277344	278.0400085449219	274.6099853515625	277.1300048828125	277.1300048828125	3275600
2022-09-21	278.8999938964844	278.9200134277344	270.7200012207031	270.739990234375	270.739990234375	3941800
2022-09-22	271.0299987792969	271.5	268.2699890136719	268.510009765625	268.510009765625	4120900
2022-09-23	266.010009765625	268.1400146484375	264.239990234375	267.7699890136719	267.7699890136719	5175100
2022-09-26	265.82000732421875	267.8399963378906	263.3699951171875	264.32000732421875	264.32000732421875	4929300
2022-09-27	266.989990234375	267.92999267578125	261.54998779296875	265.4700012207031	265.4700012207031	5767700
2022-09-28	265.6499938964844	273.6000061035156	264.9100036621094	271.7799987792969	271.7799987792969	5941800
2022-09-29	269.8900146484375	272.1700134277344	265.5899963378906	269.5799865722656	269.5799865722656	5210700
2022-09-30	269.2099914550781	272.94000244140625	266.6000061035156	267.0199890136719	267.0199890136719	6057500
2022-10-03	269.5199890136719	274.57000732421875	267.1600036621094	272.79998779296875	272.79998779296875	4901000
2022-10-04	277.4200134277344	281.29998779296875	276.6000061035156	280.489990234375	280.489990234375	4633700
2022-10-05	276.8699951171875	280.8800048828125	275.8399963378906	279.3599853515625	279.3599853515625	3350400
2022-10-06	278.20001220703125	279.8500061035156	275.8999938964844	276.30999755859375	276.30999755859375	3394000
2022-10-07	274.44000244140625	274.5	267.4800109863281	269.0400085449219	269.0400085449219	4270200
2022-10-10	269.8900146484375	270.2099914550781	265.8599853515625	266.92999267578125	266.92999267578125	3106500
2022-10-11	266.1000061035156	270.9700012207031	265.6099853515625	267.30999755859375	267.30999755859375	3442000
2022-10-12	267.30999755859375	267.5199890136719	263.9599914550781	264.0	264.0	3342400
2022-10-13	260.5799865722656	276.7799987792969	259.8500061035156	275.7799987792969	275.7799987792969	5483400
2022-10-14	277.5899963378906	279.2200012207031	271.9700012207031	272.6700134277344	272.6700134277344	4292300
2022-10-17	276.4800109863281	278.5899963378906	275.29998779296875	277.0199890136719	277.0199890136719	4452100
2022-10-18	282.739990234375	283.3599853515625	279.25	281.6700134277344	281.6700134277344	4292700
2022-10-19	280.3299865722656	282.3800048828125	276.9700012207031	278.3399963378906	278.3399963378906	3213700
2022-10-20	278.07000732421875	279.44000244140625	273.0	273.5299987792969	273.5299987792969	3916600
2022-10-21	273.760009765625	282.9200134277344	271.4599914550781	282.510009765625	282.510009765625	4995400
2022-10-24	284.1000061035156	289.3399963378906	283.989990234375	287.4800109863281	287.4800109863281	3860000
2022-10-25	288.7699890136719	289.8699951171875	286.8800048828125	289.239990234375	289.239990234375	3171000
2022-10-26	289.75	291.79998779296875	287.67999267578125	288.5199890136719	288.5199890136719	3294100
2022-10-27	290.30999755859375	294.0	288.8500061035156	289.8800048828125	289.8800048828125	4273800
2022-10-28	292.7699890136719	299.9800109863281	291.4800109863281	299.6300048828125	299.6300048828125	4627600
2022-10-31	297.9800109863281	298.8900146484375	294.8500061035156	295.0899963378906	295.0899963378906	4626400
2022-11-01	298.45001220703125	298.8699951171875	293.0400085449219	294.1300048828125	294.1300048828125	3837000
2022-11-02	293.0400085449219	298.260009765625	289.4200134277344	289.4599914550781	289.4599914550781	4269000
2022-11-03	286.0199890136719	287.4700012207031	283.4599914550781	283.8500061035156	283.8500061035156	3122900
2022-11-04	286.7699890136719	289.20001220703125	282.3800048828125	287.4700012207031	287.4700012207031	3925300
2022-11-07	290.9200134277344	292.1000061035156	288.6499938964844	290.19000244140625	290.19000244140625	3522000
2022-11-08	291.1099853515625	294.739990234375	289.010009765625	292.6099853515625	292.6099853515625	3562200
2022-11-09	291.9800109863281	292.3999938964844	288.05999755859375	288.6499938964844	288.6499938964844	2759300
2022-11-10	297.1099853515625	303.5	294.5400085449219	303.20001220703125	303.20001220703125	5693100
2022-11-11	305.55999755859375	311.3299865722656	302.6000061035156	309.7200012207031	309.7200012207031	6570200
2022-11-14	310.0	311.8399963378906	308.8399963378906	308.9100036621094	308.9100036621094	4637600
2022-11-15	313.6700134277344	313.8900146484375	307.17999267578125	309.9800109863281	309.9800109863281	4372400
2022-11-16	310.92999267578125	311.54998779296875	306.739990234375	308.760009765625	308.760009765625	2970600
2022-11-17	305.70001220703125	307.6199951171875	304.1499938964844	307.44000244140625	307.44000244140625	3062200
2022-11-18	310.54998779296875	311.20001220703125	308.6199951171875	310.760009765625	310.760009765625	3395500
2022-11-21	310.80999755859375	312.8999938964844	308.5799865722656	311.20001220703125	311.20001220703125	2862000
2022-11-22	313.0	316.55999755859375	312.04998779296875	315.760009765625	315.760009765625	3172000
2022-11-23	315.3900146484375	316.42999267578125	314.07000732421875	316.17999267578125	316.17999267578125	2684900
2022-11-25	317.5199890136719	319.1199951171875	316.17999267578125	317.42999267578125	317.42999267578125	1844900
2022-11-28	316.25	317.6400146484375	312.3299865722656	313.2699890136719	313.2699890136719	4230700
2022-11-29	311.8900146484375	315.2900085449219	311.3500061035156	315.1300048828125	315.1300048828125	3740100
2022-11-30	315.1300048828125	318.6000061035156	308.70001220703125	318.6000061035156	318.6000061035156	7919700
2022-12-01	319.0	319.55999755859375	313.29998779296875	315.8399963378906	315.8399963378906	4351600
2022-12-02	313.489990234375	316.3800048828125	312.75	316.1499938964844	316.1499938964844	3025700
2022-12-05	315.2200012207031	315.6600036621094	308.7300109863281	310.57000732421875	310.57000732421875	3835800
2022-12-06	309.95001220703125	310.2900085449219	306.3500061035156	307.7799987792969	307.7799987792969	3877400
2022-12-07	307.07000732421875	309.3800048828125	304.9200134277344	305.82000732421875	305.82000732421875	4130800
2022-12-08	306.0	307.489990234375	305.0899963378906	305.989990234375	305.989990234375	2351700
2022-12-09	305.32000732421875	308.3399963378906	304.7099914550781	306.3900146484375	306.3900146484375	3326000
2022-12-12	307.54998779296875	311.9100036621094	305.4599914550781	311.45001220703125	311.45001220703125	4366700
2022-12-13	318.3999938964844	318.9100036621094	310.82000732421875	312.3299865722656	312.3299865722656	5042800
2022-12-14	312.739990234375	316.3599853515625	308.3999938964844	309.2900085449219	309.2900085449219	4056900
2022-12-15	306.42999267578125	306.9599914550781	299.45001220703125	301.9100036621094	301.9100036621094	5103900
2022-12-16	299.04998779296875	302.4700012207031	297.760009765625	300.0	300.0	8305700
2022-12-19	300.510009765625	301.4800109863281	297.1499938964844	300.0299987792969	300.0299987792969	3842200
2022-12-20	300.0899963378906	304.19000244140625	297.0	302.0	302.0	3090700
2022-12-21	304.3800048828125	308.5400085449219	304.1600036621094	307.82000732421875	307.82000732421875	3264600
2022-12-22	306.1000061035156	306.5	297.6400146484375	302.69000244140625	302.69000244140625	3560100
2022-12-23	302.8800048828125	306.57000732421875	300.92999267578125	306.489990234375	306.489990234375	2460400
2022-12-27	306.45001220703125	308.5799865722656	304.6499938964844	305.54998779296875	305.54998779296875	2730900
2022-12-28	304.7699890136719	307.4599914550781	303.260009765625	303.42999267578125	303.42999267578125	2628200
2022-12-29	305.94000244140625	309.3800048828125	305.239990234375	309.05999755859375	309.05999755859375	2846200
2022-12-30	306.95001220703125	309.0400085449219	305.6199951171875	308.8999938964844	308.8999938964844	3298300
2023-01-03	310.07000732421875	312.3900146484375	307.3800048828125	309.9100036621094	309.9100036621094	3549900
2023-01-04	312.0	316.8900146484375	311.25	314.54998779296875	314.54998779296875	5121200
2023-01-05	313.57000732421875	314.2300109863281	310.0	312.8999938964844	312.8999938964844	3416300
2023-01-06	315.0	320.1600036621094	313.3800048828125	318.69000244140625	318.69000244140625	3647900
2023-01-09	319.0199890136719	320.5	314.75	315.5299987792969	315.5299987792969	4397400
2023-01-10	315.0	316.79998779296875	313.3399963378906	316.3500061035156	316.3500061035156	3049100
2023-01-11	318.5199890136719	320.57000732421875	316.6000061035156	320.3699951171875	320.3699951171875	2999500
2023-01-12	321.1499938964844	321.32000732421875	317.7200012207031	318.92999267578125	318.92999267578125	3070300
2023-01-13	317.489990234375	318.4200134277344	315.7900085449219	317.6400146484375	317.6400146484375	2773000
2023-01-17	318.3999938964844	318.5199890136719	314.25	314.8599853515625	314.8599853515625	3478900
2023-01-18	315.0	315.5400085449219	307.75	308.29998779296875	308.29998779296875	3406000
2023-01-19	306.1199951171875	307.239990234375	303.8599853515625	305.2300109863281	305.2300109863281	3614600
2023-01-20	305.2099914550781	310.010009765625	304.3599853515625	309.8699951171875	309.8699951171875	3770100
2023-01-23	309.6300048828125	312.7300109863281	306.8500061035156	310.4200134277344	310.4200134277344	3086700
2023-01-24	309.29998779296875	312.8299865722656	307.5	311.29998779296875	311.29998779296875	2234300
2023-01-25	308.3299865722656	312.54998779296875	307.7099914550781	311.8999938964844	311.8999938964844	2299800
2023-01-26	312.989990234375	313.67999267578125	309.5799865722656	310.95001220703125	310.95001220703125	2856600
2023-01-27	309.7900085449219	311.7300109863281	308.3399963378906	309.1700134277344	309.1700134277344	3031200
2023-01-30	307.6000061035156	309.510009765625	306.80999755859375	307.3299865722656	307.3299865722656	3474600
2023-01-31	307.739990234375	311.8599853515625	305.7900085449219	311.5199890136719	311.5199890136719	3653400
2023-02-01	309.6300048828125	312.6700134277344	306.3800048828125	310.57000732421875	310.57000732421875	3518300
2023-02-02	312.3500061035156	312.6000061035156	308.29998779296875	311.8599853515625	311.8599853515625	4421400
2023-02-03	311.0	311.54998779296875	305.9200134277344	308.510009765625	308.510009765625	5385700
2023-02-06	308.25	308.79998779296875	305.6000061035156	308.42999267578125	308.42999267578125	2973100
2023-02-07	307.29998779296875	314.1499938964844	306.6300048828125	312.9700012207031	312.9700012207031	3786700
2023-02-08	311.1199951171875	313.4100036621094	308.010009765625	308.4800109863281	308.4800109863281	3370000
2023-02-09	310.1700134277344	311.4200134277344	306.989990234375	307.2099914550781	307.2099914550781	3461200
2023-02-10	307.0799865722656	309.9800109863281	305.2799987792969	309.8900146484375	309.8900146484375	2808000
2023-02-13	310.29998779296875	313.739990234375	309.6199951171875	313.739990234375	313.739990234375	3261500
2023-02-14	313.7799987792969	314.1000061035156	309.0400085449219	310.7900085449219	310.7900085449219	2907100
2023-02-15	309.9800109863281	310.3699951171875	308.2799987792969	309.6300048828125	309.6300048828125	2410700
2023-02-16	307.5799865722656	310.20001220703125	306.8699951171875	308.17999267578125	308.17999267578125	2801700
2023-02-17	307.1499938964844	308.4100036621094	305.4800109863281	308.239990234375	308.239990234375	2720500
2023-02-21	306.1700134277344	307.29998779296875	300.5	302.7200012207031	302.7200012207031	4131100
2023-02-22	303.20001220703125	305.2699890136719	301.7699890136719	303.1600036621094	303.1600036621094	2899500
2023-02-23	305.010009765625	305.55999755859375	300.25	303.07000732421875	303.07000732421875	2736400
2023-02-24	300.3999938964844	305.6199951171875	300.010009765625	304.0199890136719	304.0199890136719	3656200
2023-02-27	304.3699951171875	305.7799987792969	302.010009765625	304.6600036621094	304.6600036621094	3652200
2023-02-28	304.8900146484375	306.1499938964844	303.4100036621094	305.17999267578125	305.17999267578125	4736800
2023-03-01	304.0199890136719	305.6199951171875	302.0799865722656	304.6199951171875	304.6199951171875	3397200
2023-03-02	303.6600036621094	308.1000061035156	301.45001220703125	307.75	307.75	3152100
2023-03-03	309.55999755859375	312.6600036621094	308.5	312.45001220703125	312.45001220703125	4493000
2023-03-06	312.82000732421875	317.2900085449219	312.42999267578125	316.9700012207031	316.9700012207031	4889800
2023-03-07	316.3900146484375	316.5	310.2300109863281	311.1199951171875	311.1199951171875	3609700
2023-03-08	310.7200012207031	312.67999267578125	309.25	311.3699951171875	311.3699951171875	2701600
2023-03-09	311.0	313.17999267578125	303.94000244140625	304.82000732421875	304.82000732421875	3929500
2023-03-10	302.95001220703125	306.7200012207031	301.9200134277344	303.6300048828125	303.6300048828125	5294800
2023-03-13	301.75	306.5899963378906	300.760009765625	302.8800048828125	302.8800048828125	4993000
2023-03-14	306.9200134277344	307.54998779296875	301.67999267578125	305.3299865722656	305.3299865722656	5251500
2023-03-15	300.0199890136719	300.54998779296875	294.8999938964844	297.8800048828125	297.8800048828125	7162800
2023-03-16	296.3699951171875	304.42999267578125	295.3599853515625	302.010009765625	302.010009765625	6325700
2023-03-17	301.29998779296875	301.29998779296875	292.4200134277344	293.510009765625	293.510009765625	15609400
2023-03-20	295.57000732421875	301.510009765625	295.05999755859375	301.05999755859375	301.05999755859375	6056000
2023-03-21	304.55999755859375	305.6300048828125	302.25	303.8500061035156	303.8500061035156	4724000
2023-03-22	303.7200012207031	307.04998779296875	299.6499938964844	299.7300109863281	299.7300109863281	3086300
2023-03-23	301.3900146484375	302.0799865722656	296.29998779296875	298.3699951171875	298.3699951171875	4015800
2023-03-24	294.67999267578125	299.5	293.3900146484375	298.9200134277344	298.9200134277344	3905400
2023-03-27	300.8800048828125	303.2099914550781	298.9700012207031	302.1400146484375	302.1400146484375	3833900
2023-03-28	301.92999267578125	302.7200012207031	300.5899963378906	302.32000732421875	302.32000732421875	2436500
2023-03-29	304.79998779296875	305.3800048828125	303.3599853515625	305.29998779296875	305.29998779296875	2650000
2023-03-30	307.0899963378906	307.4700012207031	302.5799865722656	305.0799865722656	305.0799865722656	2694000
2023-03-31	305.8999938964844	308.80999755859375	304.989990234375	308.7699890136719	308.7699890136719	5020200
2023-04-03	309.25	311.5	308.239990234375	310.30999755859375	310.30999755859375	4862300
2023-04-04	310.760009765625	311.0	307.07000732421875	309.07000732421875	309.07000732421875	2740300
2023-04-05	307.8500061035156	311.07000732421875	307.8500061035156	310.3900146484375	310.3900146484375	2314500
2023-04-06	309.82000732421875	313.2200012207031	309.04998779296875	312.510009765625	312.510009765625	3131400
2023-04-10	311.4100036621094	313.70001220703125	310.3299865722656	312.6199951171875	312.6199951171875	2330900
2023-04-11	312.55999755859375	315.94000244140625	311.7699890136719	313.70001220703125	313.70001220703125	3109500
2023-04-12	315.9700012207031	316.9200134277344	313.7200012207031	314.54998779296875	314.54998779296875	2662600
2023-04-13	315.2699890136719	318.80999755859375	313.260009765625	318.04998779296875	318.04998779296875	3323300
2023-04-14	318.8900146484375	321.8800048828125	318.1199951171875	319.739990234375	319.739990234375	2975400
2023-04-17	320.20001220703125	323.9800109863281	319.0	323.7900085449219	323.7900085449219	3425500
2023-04-18	324.95001220703125	325.7200012207031	322.5	324.6300048828125	324.6300048828125	3581200
2023-04-19	323.8500061035156	324.54998779296875	322.760009765625	323.0899963378906	323.0899963378906	2406200
2023-04-20	322.20001220703125	324.3699951171875	321.32000732421875	323.82000732421875	323.82000732421875	2428400
2023-04-21	322.3599853515625	324.8500061035156	321.6099853515625	324.3299865722656	324.3299865722656	2405700
2023-04-24	324.42999267578125	326.3999938964844	324.29998779296875	326.04998779296875	326.04998779296875	2261900
2023-04-25	325.989990234375	327.1000061035156	324.1099853515625	324.3399963378906	324.3399963378906	2552200
2023-04-26	323.30999755859375	323.739990234375	319.0	320.5299987792969	320.5299987792969	2718600
2023-04-27	322.8599853515625	326.9100036621094	322.1099853515625	326.2300109863281	326.2300109863281	2950000
2023-04-28	325.44000244140625	328.80999755859375	325.19000244140625	328.54998779296875	328.54998779296875	2909600
2023-05-01	329.1600036621094	331.8399963378906	328.57000732421875	330.1700134277344	330.1700134277344	2461300
2023-05-02	330.1499938964844	330.25	322.760009765625	325.8599853515625	325.8599853515625	3366500
2023-05-03	327.1300048828125	328.07000732421875	323.05999755859375	323.2200012207031	323.2200012207031	2653800
2023-05-04	323.44000244140625	325.989990234375	317.4100036621094	320.0	320.0	3185600
2023-05-05	323.3599853515625	325.1600036621094	322.6199951171875	323.8800048828125	323.8800048828125	3869500
2023-05-08	328.260009765625	330.69000244140625	325.7900085449219	326.1400146484375	326.1400146484375	3302400
2023-05-09	324.8699951171875	326.8800048828125	323.4800109863281	324.8699951171875	324.8699951171875	2283400
2023-05-10	326.0799865722656	326.1600036621094	320.1499938964844	322.989990234375	322.989990234375	2639800
2023-05-11	321.0	322.9599914550781	319.80999755859375	322.6400146484375	322.6400146484375	2548900
2023-05-12	323.82000732421875	324.239990234375	320.5400085449219	322.489990234375	322.489990234375	1937300
2023-05-15	322.8900146484375	323.8299865722656	320.1300048828125	323.5299987792969	323.5299987792969	2190000
2023-05-16	322.4599914550781	324.69000244140625	322.3599853515625	323.75	323.75	2139500
2023-05-17	325.0199890136719	328.260009765625	324.82000732421875	327.3900146484375	327.3900146484375	3046800
2023-05-18	326.8699951171875	329.9800109863281	325.8500061035156	329.760009765625	329.760009765625	2805000
2023-05-19	331.0	333.94000244140625	329.1199951171875	330.3900146484375	330.3900146484375	4322900
2023-05-22	330.75	331.489990234375	328.3500061035156	329.1300048828125	329.1300048828125	2762500
2023-05-23	328.19000244140625	329.2699890136719	322.9700012207031	323.1099853515625	323.1099853515625	4029300
2023-05-24	322.7099914550781	323.0	319.55999755859375	320.20001220703125	320.20001220703125	3071500
2023-05-25	320.55999755859375	320.55999755859375	317.7099914550781	319.0199890136719	319.0199890136719	4245400
2023-05-26	320.44000244140625	322.6300048828125	319.6700134277344	320.6000061035156	320.6000061035156	3229400
2023-05-30	321.8599853515625	322.4700012207031	319.0	322.19000244140625	322.19000244140625	3231800
2023-05-31	321.1199951171875	322.4100036621094	319.3900146484375	321.0799865722656	321.0799865722656	6175000
2023-06-01	321.4200134277344	323.2200012207031	319.5299987792969	323.1199951171875	323.1199951171875	3375300
2023-06-02	325.1600036621094	330.6700134277344	324.4200134277344	329.4800109863281	329.4800109863281	3962200
2023-06-05	330.8900146484375	330.8900146484375	327.57000732421875	328.5799865722656	328.5799865722656	3091800
2023-06-06	329.0400085449219	334.1600036621094	328.67999267578125	333.4100036621094	333.4100036621094	3181400
2023-06-07	334.010009765625	335.82000732421875	331.42999267578125	335.4200134277344	335.4200134277344	3727800
2023-06-08	335.489990234375	336.32000732421875	334.1000061035156	335.95001220703125	335.95001220703125	2759300
2023-06-09	335.760009765625	337.5899963378906	334.9200134277344	335.2900085449219	335.2900085449219	2619200
2023-06-12	335.1600036621094	335.3500061035156	332.2200012207031	333.6000061035156	333.6000061035156	2873400
2023-06-13	333.2200012207031	336.6199951171875	332.20001220703125	336.3900146484375	336.3900146484375	2953000
2023-06-14	337.2200012207031	340.3800048828125	334.0899963378906	335.8999938964844	335.8999938964844	5164600
2023-06-15	335.9700012207031	341.67999267578125	335.5400085449219	339.82000732421875	339.82000732421875	4095200
2023-06-16	341.0199890136719	341.29998779296875	337.6600036621094	338.30999755859375	338.30999755859375	8486200
2023-06-20	338.1499938964844	339.2799987792969	336.6199951171875	338.6700134277344	338.6700134277344	3751700
2023-06-21	337.29998779296875	341.3500061035156	336.3699951171875	338.6099853515625	338.6099853515625	4507000
2023-06-22	338.8399963378906	338.8500061035156	335.6600036621094	336.9599914550781	336.9599914550781	3303300
2023-06-23	335.1000061035156	337.4700012207031	334.19000244140625	335.25	335.25	4451700
2023-06-26	335.1700134277344	335.8299865722656	331.8399963378906	334.1199951171875	334.1199951171875	3220900
2023-06-27	334.3900146484375	336.7300109863281	334.3699951171875	335.3399963378906	335.3399963378906	2625600
2023-06-28	336.04998779296875	336.3999938964844	332.6099853515625	334.1499938964844	334.1499938964844	3175100
2023-06-29	334.260009765625	337.010009765625	334.1400146484375	336.9100036621094	336.9100036621094	2498900
2023-06-30	338.7799987792969	342.5	338.3999938964844	341.0	341.0	4520600
2023-07-03	340.75	342.0799865722656	338.4100036621094	342.0	342.0	2047400
2023-07-05	340.04998779296875	341.8900146484375	338.70001220703125	341.55999755859375	341.55999755859375	2870700
2023-07-06	339.75	341.79998779296875	338.9100036621094	341.4599914550781	341.4599914550781	2548300
2023-07-07	340.5199890136719	344.07000732421875	340.3900146484375	340.8999938964844	340.8999938964844	2940800
2023-07-10	340.4800109863281	343.4800109863281	339.8699951171875	341.1300048828125	341.1300048828125	2966500
2023-07-11	341.2300109863281	343.8399963378906	340.92999267578125	343.3699951171875	343.3699951171875	2754900
2023-07-12	345.2900085449219	346.44000244140625	344.30999755859375	345.3500061035156	345.3500061035156	2897100
2023-07-13	345.6000061035156	346.2099914550781	343.45001220703125	343.5400085449219	343.5400085449219	2831800
2023-07-14	344.989990234375	345.0	340.510009765625	341.0899963378906	341.0899963378906	2669300
2023-07-17	341.0899963378906	345.7200012207031	341.0899963378906	344.25	344.25	2359500
2023-07-18	344.04998779296875	347.25	343.5400085449219	345.3399963378906	345.3399963378906	2565300
2023-07-19	344.2099914550781	345.3800048828125	341.989990234375	342.42999267578125	342.42999267578125	3032100
2023-07-20	343.0899963378906	346.7900085449219	342.8500061035156	346.6099853515625	346.6099853515625	3146000
2023-07-21	346.760009765625	347.6199951171875	345.1000061035156	345.760009765625	345.760009765625	3301900
2023-07-24	346.7699890136719	351.19000244140625	346.2799987792969	349.6300048828125	349.6300048828125	3269400
2023-07-25	349.32000732421875	349.6600036621094	345.5400085449219	347.5799865722656	347.5799865722656	3014000
2023-07-26	347.55999755859375	351.0899963378906	347.5199890136719	349.79998779296875	349.79998779296875	2682900
2023-07-27	350.69000244140625	351.2699890136719	348.6000061035156	349.30999755859375	349.30999755859375	2706700
2023-07-28	349.92999267578125	351.0	348.32000732421875	349.80999755859375	349.80999755859375	2473300
2023-07-31	350.7300109863281	352.3299865722656	350.2099914550781	351.9599914550781	351.9599914550781	2621600
2023-08-01	352.0299987792969	353.4200134277344	351.25	352.260009765625	352.260009765625	2293300
2023-08-02	351.45001220703125	352.8900146484375	349.69000244140625	351.19000244140625	351.19000244140625	3085900
2023-08-03	350.2900085449219	354.4700012207031	349.4200134277344	353.80999755859375	353.80999755859375	2942000
2023-08-04	353.989990234375	355.1099853515625	349.3900146484375	349.989990234375	349.989990234375	2842000
2023-08-07	355.7300109863281	364.6300048828125	355.1499938964844	362.5799865722656	362.5799865722656	5379900
2023-08-08	359.4200134277344	364.25	358.8500061035156	363.7300109863281	363.7300109863281	3428800
2023-08-09	364.20001220703125	364.42999267578125	356.05999755859375	358.0199890136719	358.0199890136719	4424600
2023-08-10	359.3599853515625	362.3500061035156	355.9200134277344	356.9800109863281	356.9800109863281	3098800
2023-08-11	356.260009765625	359.25	353.20001220703125	358.3500061035156	358.3500061035156	2475200
2023-08-14	358.25	358.95001220703125	356.80999755859375	358.4800109863281	358.4800109863281	1990700
2023-08-15	357.0	357.9200134277344	353.6700134277344	354.5	354.5	2863700
2023-08-16	354.6000061035156	358.7200012207031	353.3800048828125	354.1099853515625	354.1099853515625	2196100
2023-08-17	354.010009765625	356.29998779296875	351.8800048828125	353.19000244140625	353.19000244140625	2847700
2023-08-18	351.4700012207031	354.29998779296875	351.25	352.55999755859375	352.55999755859375	2870600
2023-08-21	354.0899963378906	354.17999267578125	349.6099853515625	352.0899963378906	352.0899963378906	2540000
2023-08-22	353.010009765625	353.5	349.6600036621094	350.57000732421875	350.57000732421875	2363300
2023-08-23	351.6300048828125	354.32000732421875	351.5400085449219	354.260009765625	354.260009765625	2239500
2023-08-24	354.3500061035156	357.2300109863281	354.1300048828125	354.29998779296875	354.29998779296875	2521100
2023-08-25	354.989990234375	357.3500061035156	352.9200134277344	355.92999267578125	355.92999267578125	2136800
2023-08-28	357.8900146484375	358.4100036621094	354.5299987792969	355.54998779296875	355.54998779296875	1728000
2023-08-29	355.0400085449219	358.5899963378906	354.010009765625	358.2900085449219	358.2900085449219	2285600
2023-08-30	358.6300048828125	362.67999267578125	358.6000061035156	361.05999755859375	361.05999755859375	3058300
2023-08-31	362.17999267578125	362.4700012207031	359.25	360.20001220703125	360.20001220703125	2842300
2023-09-01	362.0	363.3900146484375	360.6000061035156	362.4599914550781	362.4599914550781	2637900
2023-09-05	363.8800048828125	366.4700012207031	360.0	360.4700012207031	360.4700012207031	2976800
2023-09-06	360.0199890136719	362.79998779296875	359.260009765625	361.6700134277344	361.6700134277344	2655800
2023-09-07	360.9599914550781	363.29998779296875	360.8699951171875	361.79998779296875	361.79998779296875	3263800
2023-09-08	362.5199890136719	364.8299865722656	361.7699890136719	363.1499938964844	363.1499938964844	3019100
2023-09-11	364.8699951171875	366.6099853515625	364.510009765625	365.5199890136719	365.5199890136719	2921600
2023-09-12	365.6499938964844	370.42999267578125	365.4700012207031	367.7799987792969	367.7799987792969	2898400
2023-09-13	369.3299865722656	370.8399963378906	365.9700012207031	367.82000732421875	367.82000732421875	3261400
2023-09-14	370.1000061035156	370.2200012207031	368.260009765625	369.5	369.5	3670100
2023-09-15	368.5199890136719	370.20001220703125	367.5199890136719	367.8599853515625	367.8599853515625	11595000
2023-09-18	369.3299865722656	371.3299865722656	367.7900085449219	370.42999267578125	370.42999267578125	3130900
2023-09-19	371.6400146484375	373.3399963378906	368.4599914550781	370.4800109863281	370.4800109863281	2603700
2023-09-20	371.3299865722656	371.3399963378906	366.7300109863281	366.82000732421875	366.82000732421875	2268400
2023-09-21	366.55999755859375	367.20001220703125	362.94000244140625	363.2799987792969	363.2799987792969	3178600
2023-09-22	362.7799987792969	363.4200134277344	359.760009765625	360.1600036621094	360.1600036621094	3969400
2023-09-25	359.010009765625	361.8900146484375	357.2699890136719	361.7099914550781	361.7099914550781	2556200
2023-09-26	359.79998779296875	360.7900085449219	357.95001220703125	359.4200134277344	359.4200134277344	3063900
2023-09-27	360.010009765625	360.5199890136719	354.2699890136719	357.7799987792969	357.7799987792969	3535400
2023-09-28	357.79998779296875	359.4700012207031	356.6700134277344	357.05999755859375	357.05999755859375	2731700
2023-09-29	357.29998779296875	357.5	348.54998779296875	350.29998779296875	350.29998779296875	4932900
2023-10-02	349.6400146484375	350.0	345.4100036621094	348.0799865722656	348.0799865722656	3527600
2023-10-03	347.3900146484375	348.239990234375	342.1300048828125	343.0400085449219	343.0400085449219	3151700
2023-10-04	342.9200134277344	344.010009765625	339.510009765625	343.69000244140625	343.69000244140625	3244600
2023-10-05	343.70001220703125	345.94000244140625	342.3699951171875	345.05999755859375	345.05999755859375	3027300
2023-10-06	344.1000061035156	348.760009765625	341.8599853515625	346.3399963378906	346.3399963378906	3174700
2023-10-09	344.239990234375	345.8999938964844	342.8299865722656	345.45001220703125	345.45001220703125	2762800
2023-10-10	347.0	349.510009765625	345.5	348.55999755859375	348.55999755859375	2858600
2023-10-11	349.3800048828125	349.6000061035156	344.9200134277344	348.42999267578125	348.42999267578125	2620800
2023-10-12	348.2099914550781	348.6600036621094	343.0199890136719	345.6600036621094	345.6600036621094	2677500
2023-10-13	346.0	348.44000244140625	343.8800048828125	345.0899963378906	345.0899963378906	2804800
2023-10-16	348.0	349.94000244140625	345.8299865722656	346.2300109863281	346.2300109863281	3117800
2023-10-17	346.17999267578125	348.4100036621094	344.1499938964844	345.3900146484375	345.3900146484375	2998600
2023-10-18	344.7200012207031	344.8299865722656	339.9599914550781	340.8900146484375	340.8900146484375	2977100
2023-10-19	340.30999755859375	342.69000244140625	338.45001220703125	338.6600036621094	338.6600036621094	2741300
2023-10-20	338.1499938964844	340.0	334.3500061035156	335.8599853515625	335.8599853515625	3466100
2023-10-23	334.07000732421875	338.8800048828125	333.489990234375	336.8399963378906	336.8399963378906	2794200
2023-10-24	338.17999267578125	339.8500061035156	337.7699890136719	338.6300048828125	338.6300048828125	2355700
2023-10-25	338.5899963378906	339.6199951171875	336.54998779296875	336.8999938964844	336.8999938964844	2623200
2023-10-26	337.07000732421875	338.32000732421875	335.4599914550781	336.1600036621094	336.1600036621094	2685400
2023-10-27	336.1199951171875	336.19000244140625	330.5799865722656	331.7099914550781	331.7099914550781	3608200
2023-10-30	332.9599914550781	338.3599853515625	332.17999267578125	337.4100036621094	337.4100036621094	2634700
2023-10-31	337.95001220703125	341.489990234375	337.5	341.3299865722656	341.3299865722656	3066900
2023-11-01	341.2099914550781	345.3299865722656	340.5799865722656	343.75	343.75	2789700
2023-11-02	346.3900146484375	349.3900146484375	344.5	349.0199890136719	349.0199890136719	3433700
2023-11-03	350.1700134277344	354.3500061035156	349.7900085449219	351.80999755859375	351.80999755859375	4409100
2023-11-06	354.0299987792969	354.0299987792969	344.05999755859375	346.6300048828125	346.6300048828125	5486200
2023-11-07	346.80999755859375	346.95001220703125	344.29998779296875	346.1700134277344	346.1700134277344	3062900
2023-11-08	346.8500061035156	348.0	344.69000244140625	346.29998779296875	346.29998779296875	2602400
2023-11-09	347.6400146484375	350.1099853515625	346.8800048828125	348.17999267578125	348.17999267578125	3052100
2023-11-10	349.6000061035156	351.20001220703125	348.6000061035156	350.55999755859375	350.55999755859375	3701100
2023-11-13	350.0899963378906	350.6499938964844	348.80999755859375	350.010009765625	350.010009765625	2196200
2023-11-14	352.5199890136719	355.95001220703125	351.25	354.25	354.25	3387500
2023-11-15	355.0199890136719	357.30999755859375	354.4800109863281	356.7900085449219	356.7900085449219	3572900
2023-11-16	357.7900085449219	360.0	357.2300109863281	359.8599853515625	359.8599853515625	2822500
2023-11-17	360.4700012207031	360.55999755859375	358.07000732421875	358.92999267578125	358.92999267578125	3260000
2023-11-20	359.3500061035156	362.6099853515625	358.17999267578125	361.3299865722656	361.3299865722656	3215300
2023-11-21	360.5799865722656	363.0299987792969	360.25	361.0	361.0	2918800
2023-11-22	361.760009765625	362.4599914550781	360.04998779296875	361.79998779296875	361.79998779296875	2110200
2023-11-24	362.510009765625	363.19000244140625	361.239990234375	362.67999267578125	362.67999267578125	1282000
2023-11-27	362.6400146484375	362.6400146484375	359.5799865722656	361.3399963378906	361.3399963378906	2580300
2023-11-28	361.54998779296875	362.1199951171875	359.2099914550781	360.04998779296875	360.04998779296875	2953500
2023-11-29	360.95001220703125	361.5199890136719	358.29998779296875	358.69000244140625	358.69000244140625	3141100
2023-11-30	359.45001220703125	360.42999267578125	358.4200134277344	360.0	360.0	4606800
2023-12-01	359.94000244140625	360.239990234375	355.29998779296875	357.07000732421875	357.07000732421875	4705700
2023-12-04	355.9100036621094	357.8299865722656	353.7900085449219	356.6600036621094	356.6600036621094	3053400
2023-12-05	355.2300109863281	356.6000061035156	352.2900085449219	355.0299987792969	355.0299987792969	3061200
2023-12-06	356.1499938964844	357.45001220703125	351.8900146484375	352.3800048828125	352.3800048828125	3039100
2023-12-07	352.0	353.0199890136719	350.8500061035156	352.70001220703125	352.70001220703125	2830000
2023-12-08	353.0	353.6700134277344	351.0199890136719	353.0799865722656	353.0799865722656	3289000
2023-12-11	355.0	357.489990234375	354.2099914550781	357.05999755859375	357.05999755859375	3108400
2023-12-12	357.8999938964844	360.4100036621094	356.760009765625	360.0199890136719	360.0199890136719	3188800
2023-12-13	360.19000244140625	362.1499938964844	359.0400085449219	362.0299987792969	362.0299987792969	3132700
2023-12-14	364.04998779296875	364.04998779296875	356.3800048828125	358.1199951171875	358.1199951171875	5512300
2023-12-15	357.6300048828125	358.0	354.20001220703125	356.5	356.5	8578200
2023-12-18	357.4200134277344	361.1400146484375	357.0	359.6499938964844	359.6499938964844	4526400
2023-12-19	360.1499938964844	362.54998779296875	359.0899963378906	361.79998779296875	361.79998779296875	3084600
2023-12-20	361.5199890136719	361.6600036621094	355.1199951171875	355.3500061035156	355.3500061035156	3926700
2023-12-21	356.0199890136719	357.20001220703125	353.6300048828125	356.1400146484375	356.1400146484375	2851200
2023-12-22	356.5	358.260009765625	355.4100036621094	356.4700012207031	356.4700012207031	2332200
2023-12-26	356.8999938964844	357.7699890136719	356.0799865722656	356.8299865722656	356.8299865722656	1964400
2023-12-27	355.92999267578125	357.0799865722656	355.5	356.95001220703125	356.95001220703125	2478500
2023-12-28	357.4800109863281	358.67999267578125	356.7300109863281	357.57000732421875	357.57000732421875	2740600
2023-12-29	357.55999755859375	357.8599853515625	355.30999755859375	356.6600036621094	356.6600036621094	3269400
2024-01-02	356.32000732421875	362.57000732421875	355.94000244140625	362.4599914550781	362.4599914550781	4737000
2024-01-03	362.0799865722656	367.8500061035156	361.07000732421875	366.75	366.75	4321800
2024-01-04	367.4100036621094	369.3699951171875	363.4100036621094	363.67999267578125	363.67999267578125	4142800
2024-01-05	364.8299865722656	366.29998779296875	364.19000244140625	365.5899963378906	365.5899963378906	2965200
2024-01-08	366.010009765625	368.29998779296875	364.20001220703125	368.17999267578125	368.17999267578125	3445700
2024-01-09	368.0	368.0	364.7699890136719	366.8999938964844	366.8999938964844	2998800
2024-01-10	366.260009765625	368.8299865722656	365.75	367.9200134277344	367.9200134277344	2448100
2024-01-11	367.80999755859375	367.8900146484375	362.1300048828125	363.3399963378906	363.3399963378906	3577800
2024-01-12	366.510009765625	366.8500061035156	362.57000732421875	363.6199951171875	363.6199951171875	2623100
2024-01-16	362.94000244140625	363.6000061035156	359.8900146484375	361.1000061035156	361.1000061035156	3046500
2024-01-17	359.010009765625	362.5299987792969	357.9800109863281	359.2900085449219	359.2900085449219	2550300
2024-01-18	359.25	362.6400146484375	358.29998779296875	362.3800048828125	362.3800048828125	3007800
2024-01-19	362.25	368.30999755859375	361.0199890136719	366.989990234375	366.989990234375	4063700
2024-01-22	368.04998779296875	369.2699890136719	366.5299987792969	368.05999755859375	368.05999755859375	3552500
2024-01-23	368.0199890136719	372.4200134277344	367.7099914550781	372.1400146484375	372.1400146484375	2896300
2024-01-24	372.5299987792969	377.7900085449219	372.0299987792969	376.5899963378906	376.5899963378906	4589300
2024-01-25	379.239990234375	380.989990234375	377.8900146484375	380.8500061035156	380.8500061035156	4055800
2024-01-26	381.04998779296875	385.7300109863281	380.0	385.3999938964844	385.3999938964844	3621400
2024-01-29	385.489990234375	385.70001220703125	379.1700134277344	383.17999267578125	383.17999267578125	3797400
2024-01-30	383.239990234375	387.6400146484375	380.0799865722656	387.1499938964844	387.1499938964844	3090900
2024-01-31	386.5299987792969	387.9200134277344	383.54998779296875	383.739990234375	383.739990234375	3856400
2024-02-01	384.0	386.54998779296875	381.4800109863281	386.44000244140625	386.44000244140625	2947100
2024-02-02	386.67999267578125	392.07000732421875	386.44000244140625	390.75	390.75	3806800
2024-02-05	389.95001220703125	393.3699951171875	389.2900085449219	390.760009765625	390.760009765625	3651900
2024-02-06	390.2900085449219	393.92999267578125	390.0	393.739990234375	393.739990234375	2573400
2024-02-07	394.6000061035156	399.1499938964844	394.3599853515625	397.6600036621094	397.6600036621094	3426800
2024-02-08	397.2200012207031	398.6499938964844	394.8500061035156	397.489990234375	397.489990234375	3357700
2024-02-09	397.30999755859375	398.3599853515625	395.82000732421875	398.3599853515625	398.3599853515625	2509800
2024-02-12	398.6499938964844	399.4800109863281	396.19000244140625	397.7099914550781	397.7099914550781	2817900
2024-02-13	397.17999267578125	399.7099914550781	392.1000061035156	394.79998779296875	394.79998779296875	3458500
2024-02-14	395.1499938964844	398.8599853515625	393.54998779296875	398.67999267578125	398.67999267578125	2669200
2024-02-15	399.1400146484375	404.2699890136719	398.29998779296875	403.45001220703125	403.45001220703125	3076000
2024-02-16	404.44000244140625	406.739990234375	402.5899963378906	405.989990234375	405.989990234375	3532200
2024-02-20	406.4700012207031	411.1099853515625	406.05999755859375	407.1499938964844	407.1499938964844	3530700
2024-02-21	408.260009765625	409.4800109863281	406.70001220703125	409.25	409.25	2717600
2024-02-22	411.29998779296875	416.260009765625	411.0	415.1600036621094	415.1600036621094	3687600
2024-02-23	417.67999267578125	420.55999755859375	416.5199890136719	417.2200012207031	417.2200012207031	4015600
2024-02-26	422.0	430.0	408.8500061035156	409.1400146484375	409.1400146484375	7432300
2024-02-27	409.2099914550781	409.9599914550781	401.7099914550781	408.9100036621094	408.9100036621094	4609100
2024-02-28	408.5	414.6700134277344	407.7099914550781	412.1400146484375	412.1400146484375	4067400
2024-02-29	413.1000061035156	413.7900085449219	408.3800048828125	409.3999938964844	409.3999938964844	4845200
2024-03-01	409.4800109863281	410.3900146484375	405.45001220703125	407.1099853515625	407.1099853515625	3282100
2024-03-04	405.0	405.95001220703125	401.42999267578125	403.3900146484375	403.3900146484375	4179400
2024-03-05	402.54998779296875	403.3299865722656	398.7799987792969	400.739990234375	400.739990234375	4711700
2024-03-06	402.17999267578125	407.44000244140625	401.70001220703125	403.9599914550781	403.9599914550781	3839100
2024-03-07	406.1099853515625	406.3999938964844	399.57000732421875	402.3900146484375	402.3900146484375	4181300
2024-03-08	401.0799865722656	403.3599853515625	400.010009765625	403.1499938964844	403.1499938964844	3410600
2024-03-11	403.29998779296875	405.010009765625	402.739990234375	404.760009765625	404.760009765625	2431700
2024-03-12	406.7799987792969	407.20001220703125	404.1000061035156	404.9800109863281	404.9800109863281	2616700
2024-03-13	405.29998779296875	409.0	404.1499938964844	408.1300048828125	408.1300048828125	3584600
2024-03-14	409.0799865722656	409.0799865722656	403.3399963378906	406.7300109863281	406.7300109863281	3734700
2024-03-15	404.2699890136719	408.4599914550781	402.5	408.1300048828125	408.1300048828125	7548800
2024-03-18	408.70001220703125	410.6000061035156	406.0	408.4100036621094	408.4100036621094	3775700
2024-03-19	409.0799865722656	412.19000244140625	408.0899963378906	411.760009765625	411.760009765625	2795800
2024-03-20	412.0199890136719	416.30999755859375	411.54998779296875	416.1099853515625	416.1099853515625	2932900
2024-03-21	416.70001220703125	417.8299865722656	413.510009765625	413.7799987792969	413.7799987792969	3401600
2024-03-22	413.0	414.3500061035156	411.3999938964844	411.6000061035156	411.6000061035156	2999600
2024-03-25	410.6700134277344	411.07000732421875	408.9200134277344	409.9200134277344	409.9200134277344	2804200
2024-03-26	410.0	412.6600036621094	408.6000061035156	411.57000732421875	411.57000732421875	2935100
2024-03-27	413.6499938964844	417.2099914550781	413.3999938964844	416.92999267578125	416.92999267578125	2926000
2024-03-28	417.79998779296875	421.44000244140625	415.8500061035156	420.5199890136719	420.5199890136719	4377400
2024-04-01	421.489990234375	421.6600036621094	417.80999755859375	420.20001220703125	420.20001220703125	2716100
2024-04-02	419.75	421.010009765625	418.0899963378906	418.9200134277344	418.9200134277344	3174900
2024-04-03	419.0	421.9100036621094	418.5199890136719	420.239990234375	420.239990234375	2740800
2024-04-04	423.8399963378906	424.5199890136719	414.54998779296875	415.32000732421875	415.32000732421875	3800600
2024-04-05	416.55999755859375	419.2699890136719	415.4100036621094	418.6199951171875	418.6199951171875	2738300
2024-04-08	418.32000732421875	418.57000732421875	415.6300048828125	415.9700012207031	415.9700012207031	2485700
2024-04-09	416.5799865722656	417.32000732421875	412.1199951171875	414.69000244140625	414.69000244140625	2233100
2024-04-10	412.739990234375	413.55999755859375	407.5299987792969	409.1099853515625	409.1099853515625	3121300
2024-04-11	408.3999938964844	411.1499938964844	404.04998779296875	407.6099853515625	407.6099853515625	2889900
2024-04-12	405.0	407.2099914550781	401.44000244140625	403.260009765625	403.260009765625	3467300
2024-04-15	406.989990234375	409.05999755859375	399.8599853515625	400.260009765625	400.260009765625	3002300
2024-04-16	400.9700012207031	401.25	396.5	396.9200134277344	396.9200134277344	3435500
2024-04-17	398.94000244140625	399.2799987792969	395.6600036621094	397.739990234375	397.739990234375	2465600
2024-04-18	399.70001220703125	402.989990234375	399.1000061035156	399.8900146484375	399.8900146484375	2669500
2024-04-19	401.0400085449219	405.57000732421875	400.1700134277344	405.0799865722656	405.0799865722656	3996100
2024-04-22	406.8399963378906	411.3500061035156	406.25	408.7799987792969	408.7799987792969	2980600
2024-04-23	410.25	410.7200012207031	405.6400146484375	408.739990234375	408.739990234375	2287600
2024-04-24	407.1000061035156	407.6199951171875	403.8800048828125	405.95001220703125	405.95001220703125	2506900
2024-04-25	404.8500061035156	406.1400146484375	400.3500061035156	404.9100036621094	404.9100036621094	2670200
2024-04-26	403.9200134277344	404.75	401.4100036621094	402.1000061035156	402.1000061035156	3023100
2024-04-29	402.6600036621094	404.8699951171875	400.0799865722656	400.9599914550781	400.9599914550781	2363600
2024-04-30	400.5799865722656	400.6000061035156	396.3699951171875	396.7300109863281	396.7300109863281	3070500
2024-05-01	396.6099853515625	402.32000732421875	396.3500061035156	398.5799865722656	398.5799865722656	2605000
2024-05-02	401.0	401.55999755859375	397.8800048828125	400.6000061035156	400.6000061035156	2672200
2024-05-03	404.5	404.5	399.2099914550781	400.8699951171875	400.8699951171875	4119100
2024-05-06	403.9599914550781	405.1499938964844	399.260009765625	404.9200134277344	404.9200134277344	3918900
2024-05-07	406.92999267578125	407.260009765625	403.6099853515625	406.1400146484375	406.1400146484375	3084200
2024-05-08	406.4700012207031	407.2300109863281	403.75	406.3699951171875	406.3699951171875	2398100
2024-05-09	406.25	408.8699951171875	405.4599914550781	408.82000732421875	408.82000732421875	2356600
2024-05-10	409.8500061035156	412.3800048828125	409.20001220703125	412.04998779296875	412.04998779296875	3084500
2024-05-13	414.05999755859375	414.29998779296875	410.19000244140625	411.2200012207031	411.2200012207031	2710300
2024-05-14	410.45001220703125	411.55999755859375	408.1700134277344	410.239990234375	410.239990234375	2672400
2024-05-15	410.510009765625	413.3999938964844	410.1000061035156	412.760009765625	412.760009765625	2854600
2024-05-16	413.79998779296875	416.3399963378906	412.9100036621094	413.1199951171875	413.1199951171875	3549700
2024-05-17	413.9800109863281	417.3299865722656	413.70001220703125	416.94000244140625	416.94000244140625	2988700
2024-05-20	417.0400085449219	417.2799987792969	412.6199951171875	413.0	413.0	3287900
2024-05-21	413.5899963378906	415.70001220703125	412.55999755859375	414.3699951171875	414.3699951171875	2731900
2024-05-22	414.95001220703125	417.260009765625	412.9599914550781	413.989990234375	413.989990234375	2664400
2024-05-23	413.25	413.25	404.8699951171875	405.8800048828125	405.8800048828125	3392300
2024-05-24	406.8999938964844	407.9599914550781	405.5	407.4100036621094	407.4100036621094	2067700
2024-05-28	408.239990234375	408.239990234375	401.8699951171875	403.8999938964844	403.8999938964844	3315400
2024-05-29	403.0	405.8699951171875	401.5799865722656	404.0899963378906	404.0899963378906	3426800
2024-05-30	403.7699890136719	409.0400085449219	402.7699890136719	408.6099853515625	408.6099853515625	2905300
2024-05-31	408.0899963378906	415.3999938964844	406.8800048828125	414.3999938964844	414.3999938964844	5190000
2024-06-03	414.8900146484375	416.7200012207031	408.7799987792969	414.7900085449219	414.7900085449219	4903000
2024-06-04	414.8500061035156	415.8900146484375	406.44000244140625	409.5299987792969	409.5299987792969	4154800
2024-06-05	410.1000061035156	410.2799987792969	405.7699890136719	409.8500061035156	409.8500061035156	2634400
2024-06-06	410.4200134277344	411.239990234375	407.3800048828125	411.0799865722656	411.0799865722656	3438900
2024-06-07	411.2799987792969	415.8800048828125	409.8500061035156	413.7200012207031	413.7200012207031	2942100
2024-06-10	413.3399963378906	413.94000244140625	409.2699890136719	410.80999755859375	410.80999755859375	2667300
2024-06-11	408.8800048828125	408.9100036621094	406.1099853515625	408.5	408.5	3605900
2024-06-12	411.0899963378906	411.8900146484375	407.1600036621094	408.7699890136719	408.7699890136719	3551900
2024-06-13	407.6300048828125	408.0	403.57000732421875	405.9200134277344	405.9200134277344	4563300
2024-06-14	404.8999938964844	406.3399963378906	403.3299865722656	405.5400085449219	405.5400085449219	2768600
2024-06-17	405.17999267578125	407.82000732421875	403.54998779296875	407.32000732421875	407.32000732421875	3406500
2024-06-18	406.75	408.5	405.2799987792969	407.95001220703125	407.95001220703125	4005300
2024-06-20	407.25	411.0	404.04998779296875	409.1499938964844	409.1499938964844	4844700
2024-06-21	409.82000732421875	410.4700012207031	407.67999267578125	409.6199951171875	409.6199951171875	9009400
2024-06-24	410.70001220703125	417.0	410.0	413.9800109863281	413.9800109863281	4933300
2024-06-25	414.0	414.25	409.6199951171875	410.9700012207031	410.9700012207031	3879800
2024-06-26	410.0199890136719	410.67999267578125	407.25	410.260009765625	410.260009765625	3334300
2024-06-27	410.260009765625	410.260009765625	406.3399963378906	407.95001220703125	407.95001220703125	3218600
2024-06-28	408.25	410.04998779296875	405.7900085449219	406.79998779296875	406.79998779296875	6819800
2024-07-01	408.0899963378906	409.6700134277344	403.82000732421875	405.19000244140625	405.19000244140625	2974100
2024-07-02	404.0199890136719	407.3900146484375	403.9200134277344	407.1000061035156	407.1000061035156	3220900
2024-07-03	407.1600036621094	407.1600036621094	404.2200012207031	405.7699890136719	405.7699890136719	1970300
2024-07-05	406.239990234375	411.3999938964844	405.0299987792969	411.1700134277344	411.1700134277344	5149200
2024-07-08	411.2699890136719	413.7900085449219	408.0	409.0799865722656	409.0799865722656	3559500
2024-07-09	409.4200134277344	413.7099914550781	408.6400146484375	410.5199890136719	410.5199890136719	2989700
2024-07-10	410.80999755859375	413.9599914550781	409.3999938964844	413.7900085449219	413.7900085449219	3791800
2024-07-11	413.989990234375	419.20001220703125	412.0	418.7799987792969	418.7799987792969	4065200
2024-07-12	420.2300109863281	427.45001220703125	419.70001220703125	424.44000244140625	424.44000244140625	4834600
2024-07-15	425.5899963378906	434.7099914550781	425.29998779296875	434.4200134277344	434.4200134277344	4594900
2024-07-16	437.3999938964844	439.04998779296875	434.0199890136719	438.8999938964844	438.8999938964844	4293700
2024-07-17	437.8500061035156	446.1499938964844	437.8399963378906	445.6099853515625	445.6099853515625	4776600
2024-07-18	445.6199951171875	449.25	439.57000732421875	441.82000732421875	441.82000732421875	4638300
2024-07-19	442.6700134277344	442.79998779296875	433.3500061035156	434.4700012207031	434.4700012207031	4158800
2024-07-22	435.04998779296875	438.1099853515625	432.1199951171875	435.9800109863281	435.9800109863281	2995700
2024-07-23	437.3399963378906	437.9200134277344	433.4700012207031	434.010009765625	434.010009765625	2393000
2024-07-24	433.989990234375	435.4100036621094	430.7300109863281	432.79998779296875	432.79998779296875	3143700
2024-07-25	431.6000061035156	439.6300048828125	431.6000061035156	433.2900085449219	433.2900085449219	3334300
2024-07-26	435.6600036621094	439.0	434.1000061035156	437.6600036621094	437.6600036621094	2717600
2024-07-29	438.010009765625	439.44000244140625	435.489990234375	438.30999755859375	438.30999755859375	2620000
2024-07-30	439.510009765625	443.8900146484375	439.1400146484375	441.260009765625	441.260009765625	3736400
2024-07-31	439.8500061035156	440.8500061035156	437.739990234375	438.5	438.5	3798800
2024-08-01	439.6700134277344	440.6099853515625	430.95001220703125	431.80999755859375	431.80999755859375	3892300
2024-08-02	429.7699890136719	436.25	423.489990234375	428.3599853515625	428.3599853515625	4251500
2024-08-05	413.42999267578125	417.82000732421875	406.1099853515625	413.7200012207031	413.7200012207031	7695100
2024-08-06	416.4100036621094	427.4599914550781	415.1000061035156	422.1400146484375	422.1400146484375	5138700
2024-08-07	426.07000732421875	433.1700134277344	425.6000061035156	427.0199890136719	427.0199890136719	4745600
2024-08-08	429.239990234375	432.260009765625	427.6000061035156	431.5400085449219	431.5400085449219	3150000
2024-08-09	431.9200134277344	434.75	430.2099914550781	431.6700134277344	431.6700134277344	2602600
2024-08-12	434.1600036621094	434.1600036621094	429.010009765625	430.3900146484375	430.3900146484375	2376000
2024-08-13	431.8299865722656	432.80999755859375	425.8999938964844	432.4100036621094	432.4100036621094	3472000
2024-08-14	433.0	438.9800109863281	431.7099914550781	438.4700012207031	438.4700012207031	2860200
2024-08-15	441.79998779296875	442.5899963378906	438.7200012207031	440.8399963378906	440.8399963378906	3226400
2024-08-16	441.54998779296875	445.20001220703125	440.45001220703125	444.510009765625	444.510009765625	3345000
2024-08-19	446.010009765625	450.45001220703125	445.7300109863281	448.7699890136719	448.7699890136719	3385300
2024-08-20	449.29998779296875	450.5	446.3800048828125	448.3599853515625	448.3599853515625	2906500
2024-08-21	449.8399963378906	451.2799987792969	443.8399963378906	446.6000061035156	446.6000061035156	3028500
2024-08-22	446.29998779296875	449.6000061035156	444.6499938964844	449.0299987792969	449.0299987792969	3502800
2024-08-23	450.0	453.7200012207031	448.80999755859375	453.3800048828125	453.3800048828125	2805400
2024-08-26	455.30999755859375	459.2699890136719	453.3399963378906	454.489990234375	454.489990234375	3575800
2024-08-27	455.94000244140625	462.1000061035156	454.6199951171875	460.6300048828125	460.6300048828125	3764700
2024-08-28	461.1700134277344	466.6000061035156	460.7799987792969	464.5899963378906	464.5899963378906	4838100
2024-08-29	467.1099853515625	469.8500061035156	463.0	468.3699951171875	468.3699951171875	4459400
2024-08-30	470.5199890136719	476.95001220703125	470.0	475.9200134277344	475.9200134277344	7465800
2024-09-03	475.0	482.8900146484375	473.7200012207031	476.8299865722656	476.8299865722656	7511900
2024-09-04	478.67999267578125	484.82000732421875	474.2200012207031	478.57000732421875	478.57000732421875	5309400
2024-09-05	479.42999267578125	479.42999267578125	462.8800048828125	464.9200134277344	464.9200134277344	6213200
2024-09-06	463.82000732421875	468.1700134277344	458.54998779296875	459.4200134277344	459.4200134277344	4400300
2024-09-09	463.9700012207031	466.0	459.260009765625	459.6099853515625	459.6099853515625	4571000
2024-09-10	461.82000732421875	464.32000732421875	456.2099914550781	458.9200134277344	458.9200134277344	3544100
2024-09-11	457.6199951171875	457.6199951171875	445.25	453.1000061035156	453.1000061035156	5772700
2024-09-12	454.8399963378906	455.0	449.2699890136719	450.8699951171875	450.8699951171875	3855700
2024-09-13	451.5799865722656	452.42999267578125	447.2099914550781	447.6099853515625	447.6099853515625	3882600
2024-09-16	448.79998779296875	452.989990234375	448.3399963378906	451.7799987792969	451.7799987792969	3264400
2024-09-17	453.5	461.1000061035156	453.2900085449219	456.67999267578125	456.67999267578125	3824300
2024-09-18	458.0799865722656	459.8399963378906	454.8800048828125	456.6000061035156	456.6000061035156	3065200
2024-09-19	462.0	462.19000244140625	457.25	459.7099914550781	459.7099914550781	3891300
2024-09-20	457.760009765625	457.95001220703125	454.04998779296875	455.30999755859375	455.30999755859375	8468800
2024-09-23	457.30999755859375	459.6499938964844	453.4200134277344	454.9800109863281	454.9800109863281	3485100
2024-09-24	454.3299865722656	455.6000061035156	451.7699890136719	454.55999755859375	454.55999755859375	3009900
2024-09-25	454.8999938964844	455.80999755859375	451.2099914550781	452.3599853515625	452.3599853515625	2843300
2024-09-26	452.739990234375	457.0	451.3399963378906	454.17999267578125	454.17999267578125	3262000
2024-09-27	456.0400085449219	458.2699890136719	455.0400085449219	457.4700012207031	457.4700012207031	2728000
2024-09-30	458.3999938964844	460.6300048828125	454.54998779296875	460.260009765625	460.260009765625	3631100
2024-10-01	459.1099853515625	459.7900085449219	454.82000732421875	457.4100036621094	457.4100036621094	3043700
2024-10-02	458.70001220703125	458.70001220703125	454.19000244140625	456.6700134277344	456.6700134277344	2803400
2024-10-03	455.4700012207031	455.9700012207031	450.9200134277344	452.9599914550781	452.9599914550781	2564700
2024-10-04	455.010009765625	462.17999267578125	453.80999755859375	461.9700012207031	461.9700012207031	3090200
2024-10-07	462.3399963378906	462.3399963378906	452.4100036621094	453.5	453.5	3222100
2024-10-08	455.9599914550781	457.55999755859375	452.8500061035156	453.79998779296875	453.79998779296875	2234100
2024-10-09	452.75	457.8800048828125	452.3599853515625	455.8999938964844	455.8999938964844	2206100
2024-10-10	457.5	457.510009765625	452.7200012207031	454.92999267578125	454.92999267578125	2375800
2024-10-11	455.8999938964844	463.45001220703125	455.8999938964844	460.2099914550781	460.2099914550781	3242000
2024-10-14	461.9200134277344	462.0	458.1000061035156	459.9800109863281	459.9800109863281	2969800
2024-10-15	460.989990234375	466.6600036621094	460.510009765625	462.67999267578125	462.67999267578125	3929900
2024-10-16	463.25	466.0	462.20001220703125	465.69000244140625	465.69000244140625	3166300
2024-10-17	466.1000061035156	467.8399963378906	464.2699890136719	465.8500061035156	465.8500061035156	2520900
2024-10-18	467.0	467.0	463.25	464.79998779296875	464.79998779296875	5635500
2024-10-21	464.5299987792969	465.7900085449219	461.67999267578125	464.1600036621094	464.1600036621094	3131500
2024-10-22	464.1099853515625	465.1499938964844	457.6000061035156	461.45001220703125	461.45001220703125	3315200
2024-10-23	460.1499938964844	463.260009765625	458.75	460.6099853515625	460.6099853515625	3655200
2024-10-24	460.8999938964844	461.04998779296875	453.9599914550781	457.7699890136719	457.7699890136719	3793500
2024-10-25	458.6000061035156	459.45001220703125	453.0299987792969	454.010009765625	454.010009765625	2838900
2024-10-28	455.5899963378906	459.239990234375	455.0	458.489990234375	458.489990234375	4103400
2024-10-29	458.6000061035156	458.9200134277344	454.3900146484375	454.6199951171875	454.6199951171875	3985200
2024-10-30	454.6700134277344	457.6700134277344	453.82000732421875	454.9599914550781	454.9599914550781	2692100
2024-10-31	455.19000244140625	456.8399963378906	450.57000732421875	450.9200134277344	450.9200134277344	3660300
2024-11-01	451.489990234375	455.1199951171875	450.70001220703125	452.1400146484375	452.1400146484375	2971300
2024-11-04	450.3699951171875	450.70001220703125	437.8999938964844	442.2900085449219	442.2900085449219	5733200
2024-11-05	442.2900085449219	445.2300109863281	441.1000061035156	445.05999755859375	445.05999755859375	3154400
2024-11-06	461.0	469.260009765625	459.4800109863281	468.8999938964844	468.8999938964844	6906800
2024-11-07	468.2699890136719	468.4599914550781	460.1000061035156	460.1300048828125	460.1300048828125	4238000
2024-11-08	461.9800109863281	466.3500061035156	459.5	463.4100036621094	463.4100036621094	3541300
2024-11-11	466.010009765625	470.510009765625	464.0	467.3599853515625	467.3599853515625	4119100
2024-11-12	467.69000244140625	468.4200134277344	465.1499938964844	466.2900085449219	466.2900085449219	4400500
2024-11-13	466.4100036621094	468.3999938964844	464.0	468.1000061035156	468.1000061035156	2861700
2024-11-14	468.80999755859375	469.45001220703125	466.0	467.70001220703125	467.70001220703125	3777300
2024-11-15	466.739990234375	472.260009765625	465.19000244140625	470.2799987792969	470.2799987792969	5817700
2024-11-18	470.9800109863281	472.6700134277344	468.3599853515625	472.20001220703125	472.20001220703125	3358400
2024-11-19	470.7699890136719	470.7699890136719	465.010009765625	468.8599853515625	468.8599853515625	3656200
2024-11-20	470.0	470.6099853515625	466.1099853515625	468.8299865722656	468.8299865722656	3019500
2024-11-21	469.45001220703125	474.6600036621094	467.0	472.05999755859375	472.05999755859375	4116800
2024-11-22	472.2699890136719	477.44000244140625	471.6099853515625	476.57000732421875	476.57000732421875	3885200
2024-11-25	479.1300048828125	482.5	476.7900085449219	477.42999267578125	477.42999267578125	5246600
2024-11-26	478.20001220703125	479.3999938964844	472.8500061035156	478.55999755859375	478.55999755859375	3332000
2024-11-27	481.0	491.6700134277344	480.8699951171875	483.0799865722656	483.0799865722656	5359300
2024-11-29	485.3699951171875	486.010009765625	482.04998779296875	483.0199890136719	483.0199890136719	2969700
2024-12-02	484.79998779296875	485.0899963378906	474.75	477.3299865722656	477.3299865722656	5031500
2024-12-03	478.1600036621094	478.29998779296875	468.80999755859375	470.19000244140625	470.19000244140625	4931600
2024-12-04	471.0899963378906	471.3399963378906	466.5	468.32000732421875	468.32000732421875	3941100
2024-12-05	468.7799987792969	472.739990234375	468.7200012207031	470.57000732421875	470.57000732421875	3320200
2024-12-06	470.5799865722656	472.0799865722656	467.82000732421875	470.5	470.5	3270900
2024-12-09	470.6000061035156	471.70001220703125	463.4200134277344	463.8699951171875	463.8699951171875	3748200
2024-12-10	464.4200134277344	464.989990234375	459.5	462.489990234375	462.489990234375	3648500
2024-12-11	463.3299865722656	465.4800109863281	458.7699890136719	461.3900146484375	461.3900146484375	3876900
2024-12-12	462.1600036621094	463.57000732421875	458.0799865722656	458.6300048828125	458.6300048828125	2571300
2024-12-13	460.510009765625	460.510009765625	457.010009765625	457.8999938964844	457.8999938964844	3474300
2024-12-16	459.1700134277344	460.4200134277344	454.5799865722656	455.20001220703125	455.20001220703125	4514000
2024-12-17	454.70001220703125	456.6199951171875	452.05999755859375	455.6600036621094	455.6600036621094	5057500
2024-12-18	457.05999755859375	458.7300109863281	446.0899963378906	446.5899963378906	446.5899963378906	4361900
2024-12-19	451.7300109863281	453.79998779296875	448.8900146484375	449.3399963378906	449.3399963378906	4645200
2024-12-20	449.1099853515625	458.6499938964844	447.19000244140625	453.20001220703125	453.20001220703125	12943900
2024-12-23	453.19000244140625	454.54998779296875	449.82000732421875	454.3500061035156	454.3500061035156	3836000
2024-12-24	455.4100036621094	458.989990234375	454.07000732421875	458.6600036621094	458.6600036621094	1761200
2024-12-26	457.2699890136719	459.4800109863281	455.79998779296875	459.0799865722656	459.0799865722656	2159600
2024-12-27	457.29998779296875	461.1300048828125	454.4800109863281	456.510009765625	456.510009765625	3237700
2024-12-30	454.25	454.69000244140625	449.17999267578125	452.1600036621094	452.1600036621094	2831400
2024-12-31	452.2099914550781	454.3299865722656	451.1099853515625	453.2799987792969	453.2799987792969	3380700
2025-01-02	455.9599914550781	456.8900146484375	450.0299987792969	451.1000061035156	451.1000061035156	3746400
2025-01-03	452.5299987792969	454.5299987792969	450.1199951171875	453.55999755859375	453.55999755859375	2884600
2025-01-06	453.8500061035156	456.239990234375	450.57000732421875	451.4100036621094	451.4100036621094	4072900
2025-01-07	452.79998779296875	456.5199890136719	451.1000061035156	452.9200134277344	452.9200134277344	3507200
2025-01-08	453.6300048828125	454.0	449.6300048828125	451.8399963378906	451.8399963378906	3933300
2025-01-10	452.6600036621094	453.0	440.1000061035156	442.6600036621094	442.6600036621094	5471900
2025-01-13	442.0400085449219	445.0	441.1499938964844	443.9100036621094	443.9100036621094	3639200
2025-01-14	445.5	450.29998779296875	443.9200134277344	450.0299987792969	450.0299987792969	4055600
2025-01-15	455.54998779296875	459.0899963378906	453.2699890136719	458.510009765625	458.510009765625	4719400
2025-01-16	458.92999267578125	462.9599914550781	458.29998779296875	462.80999755859375	462.80999755859375	3475700
2025-01-17	464.7099914550781	470.17999267578125	462.45001220703125	467.95001220703125	467.95001220703125	6435000
