Date	Open	High	Low	Close	Adj Close	Volume
2022-01-21	63.9900016784668	64.44999694824219	62.75	63.27000045776367	56.05267333984375	28637900
2022-01-24	61.5099983215332	62.79999923706055	60.029998779296875	62.70000076293945	55.54768753051758	38601700
2022-01-25	61.970001220703125	64.45999908447266	61.130001068115234	64.11000061035156	56.796852111816406	34371100
2022-01-26	64.69999694824219	65.77999877929688	63.869998931884766	64.75	57.36384582519531	31803400
2022-01-27	65.22000122070312	65.8499984741211	63.900001525878906	64.1500015258789	56.83229064941406	24674000
2022-01-28	63.619998931884766	64.70999908447266	62.83000183105469	64.69000244140625	57.31068801879883	20953500
2022-01-31	64.01000213623047	65.25	63.599998474121094	65.12000274658203	57.691646575927734	23067400
2022-02-01	65.44000244140625	66.69000244140625	65.04000091552734	66.55999755859375	58.96738052368164	26868400
2022-02-02	66.3499984741211	66.80000305175781	65.58000183105469	66.2300033569336	58.67502975463867	18194200
2022-02-03	66.26000213623047	66.37999725341797	65.02999877929688	65.26000213623047	57.815670013427734	18219100
2022-02-04	65.04000091552734	66.66000366210938	64.83999633789062	66.08000183105469	59.003238677978516	23267900
2022-02-07	66.08999633789062	66.79000091552734	65.5	66.36000061035156	59.25325393676758	20081600
2022-02-08	67.05999755859375	67.97000122070312	66.5999984741211	67.12000274658203	59.931861877441406	23191000
2022-02-09	67.41000366210938	68.19000244140625	67.13999938964844	67.83999633789062	60.57474899291992	20902700
2022-02-10	67.94999694824219	68.55000305175781	67.22000122070312	67.5	60.271156311035156	22522300
2022-02-11	67.25	69.11000061035156	66.5999984741211	67.1500015258789	59.958656311035156	27226700
2022-02-14	66.87000274658203	67.22000122070312	65.81999969482422	66.45999908447266	59.34253692626953	24544000
2022-02-15	67.16000366210938	67.4800033569336	66.52999877929688	67.0	59.824710845947266	15487600
2022-02-16	66.54000091552734	67.43000030517578	66.43000030517578	66.94999694824219	59.780059814453125	13067400
2022-02-17	66.33000183105469	66.63999938964844	64.20999908447266	64.70999908447266	57.77995300292969	23150000
2022-02-18	64.11000061035156	64.97000122070312	63.70000076293945	64.13999938964844	57.270999908447266	18114800
2022-02-22	63.06999969482422	64.36000061035156	63.06999969482422	63.88999938964844	57.04777526855469	19057000
2022-02-23	64.41999816894531	64.76000213623047	63.040000915527344	63.220001220703125	56.449527740478516	17563500
2022-02-24	60.4900016784668	61.060001373291016	58.369998931884766	60.66999816894531	54.17261505126953	46453500
2022-02-25	61.310001373291016	62.88999938964844	61.0099983215332	61.97999954223633	55.34231948852539	30518900
2022-02-28	59.93000030517578	60.41999816894531	58.400001525878906	59.22999954223633	52.88682556152344	48212900
2022-03-01	58.38999938964844	59.31999969482422	57.91999816894531	58.59000015258789	52.31536865234375	51389000
2022-03-02	56.970001220703125	59.86000061035156	55.93000030517578	59.560001373291016	53.18149185180664	60206500
2022-03-03	58.75	58.9900016784668	56.9900016784668	57.619998931884766	51.449249267578125	54027300
2022-03-04	55.90999984741211	56.65999984741211	55.189998626708984	56.59000015258789	50.52956008911133	54263000
2022-03-07	55.029998779296875	56.27000045776367	54.06999969482422	55.54999923706055	49.60093307495117	49710700
2022-03-08	56.560001373291016	57.290000915527344	54.7599983215332	54.869998931884766	48.99375534057617	43858100
2022-03-09	56.900001525878906	57.279998779296875	55.810001373291016	55.95000076293945	49.958099365234375	32757100
2022-03-10	55.02000045776367	55.369998931884766	53.95000076293945	54.880001068115234	49.002689361572266	31942500
2022-03-11	55.369998931884766	55.689998626708984	54.06999969482422	54.15999984741211	48.35979080200195	20550900
2022-03-14	54.70000076293945	55.27000045776367	53.83000183105469	54.22999954223633	48.422298431396484	25046000
2022-03-15	54.459999084472656	55.619998931884766	54.349998474121094	55.11000061035156	49.20805740356445	20747100
2022-03-16	56.02000045776367	57.540000915527344	55.970001220703125	56.79999923706055	50.71706771850586	31659800
2022-03-17	55.709999084472656	57.29999923706055	55.029998779296875	57.290000915527344	51.154598236083984	21432300
2022-03-18	56.939998626708984	57.630001068115234	56.72999954223633	57.349998474121094	51.208160400390625	30900500
2022-03-21	57.83000183105469	57.83000183105469	56.75	56.97999954223633	50.87779235839844	21661200
2022-03-22	57.81999969482422	58.25	57.310001373291016	57.5	51.342105865478516	23407400
2022-03-23	57.119998931884766	57.5	56.0	56.349998474121094	50.31525802612305	23070200
2022-03-24	56.61000061035156	56.63999938964844	56.20000076293945	56.41999816894531	50.37776565551758	16770200
2022-03-25	56.529998779296875	57.22999954223633	56.439998626708984	56.7400016784668	50.66349411010742	21206300
2022-03-28	56.20000076293945	56.279998779296875	54.72999954223633	55.91999816894531	49.93130874633789	25546300
2022-03-29	57.279998779296875	57.400001525878906	56.130001068115234	56.470001220703125	50.42241668701172	21463500
2022-03-30	56.0099983215332	56.45000076293945	54.54999923706055	54.970001220703125	49.08305358886719	32222400
2022-03-31	54.5099983215332	54.86000061035156	53.36000061035156	53.400001525878906	47.681190490722656	29202400
2022-04-01	53.470001220703125	53.7400016784668	51.77000045776367	52.33000183105469	46.72577667236328	40073100
2022-04-04	52.25	53.0	51.65999984741211	52.79999923706055	47.145442962646484	29296200
2022-04-05	52.060001373291016	52.47999954223633	51.41999816894531	51.58000183105469	46.05609893798828	23065500
2022-04-06	51.0099983215332	51.09000015258789	50.400001525878906	50.529998779296875	45.118553161621094	25196600
2022-04-07	50.560001373291016	50.61000061035156	49.040000915527344	50.029998779296875	44.672088623046875	28689900
2022-04-08	49.84000015258789	51.29999923706055	49.83000183105469	50.880001068115234	45.431068420410156	26853300
2022-04-11	50.790000915527344	52.25	50.380001068115234	50.54999923706055	45.13639831542969	20895700
2022-04-12	50.599998474121094	51.119998931884766	50.04999923706055	50.34000015258789	44.94890213012695	18755500
2022-04-13	49.279998779296875	50.18000030517578	49.20000076293945	50.150001525878906	44.779239654541016	21194200
2022-04-14	50.65999984741211	51.900001525878906	50.279998779296875	50.93000030517578	45.475711822509766	34043100
2022-04-18	50.84000015258789	53.209999084472656	50.779998779296875	52.310001373291016	46.707916259765625	28396300
2022-04-19	52.72999954223633	53.18000030517578	52.5	52.91999816894531	47.25259780883789	19996800
2022-04-20	53.400001525878906	53.97999954223633	52.88999938964844	53.099998474121094	47.41331481933594	20532800
2022-04-21	53.540000915527344	53.77000045776367	52.52000045776367	52.630001068115234	46.993656158447266	15952900
2022-04-22	52.439998626708984	52.599998474121094	51.16999816894531	51.22999954223633	45.74357604980469	23073900
2022-04-25	50.779998779296875	51.2400016784668	49.68000030517578	51.130001068115234	45.654293060302734	22079300
2022-04-26	50.529998779296875	51.599998474121094	50.220001220703125	50.22999954223633	44.85066604614258	18335800
2022-04-27	49.7599983215332	50.619998931884766	49.540000915527344	49.599998474121094	44.28813934326172	24707500
2022-04-28	49.90999984741211	50.029998779296875	49.0099983215332	50.02000045776367	44.66316604614258	20112100
2022-04-29	49.65999984741211	49.90999984741211	48.04999923706055	48.209999084472656	43.49042510986328	21844900
2022-05-02	48.459999084472656	48.86000061035156	47.779998779296875	48.709999084472656	43.94147872924805	25904000
2022-05-03	49.33000183105469	50.810001373291016	49.08000183105469	50.099998474121094	45.195404052734375	25374500
2022-05-04	50.16999816894531	52.400001525878906	50.040000915527344	52.22999954223633	47.11688995361328	26643600
2022-05-05	51.439998626708984	52.130001068115234	50.689998626708984	51.310001373291016	46.286956787109375	25756000
2022-05-06	51.2400016784668	52.0	50.58000183105469	51.619998931884766	46.56660079956055	25912900
2022-05-09	50.9900016784668	51.220001220703125	49.59000015258789	49.88999938964844	45.00596237182617	28888400
2022-05-10	50.540000915527344	50.689998626708984	47.65999984741211	48.75	43.97756576538086	31054700
2022-05-11	48.95000076293945	49.939998626708984	47.560001373291016	47.65999984741211	42.9942741394043	30179000
2022-05-12	47.2599983215332	47.400001525878906	45.400001525878906	46.560001373291016	42.001956939697266	36301500
2022-05-13	46.810001373291016	47.849998474121094	46.810001373291016	47.63999938964844	42.976234436035156	21739400
2022-05-16	47.59000015258789	48.06999969482422	47.0	47.459999084472656	42.813846588134766	16919100
2022-05-17	49.84000015258789	51.61000061035156	49.70000076293945	51.04999923706055	46.052398681640625	46643400
2022-05-18	50.72999954223633	51.060001373291016	49.0099983215332	49.31999969482422	44.49176788330078	32181600
2022-05-19	48.65999984741211	50.29999923706055	48.59000015258789	49.779998779296875	44.906734466552734	27279400
2022-05-20	50.2599983215332	50.72999954223633	48.5099983215332	49.75	44.87967300415039	29025500
2022-05-23	51.349998474121094	53.599998474121094	51.150001525878906	52.77000045776367	47.604026794433594	35166800
2022-05-24	52.470001220703125	53.0099983215332	51.4900016784668	52.68000030517578	47.52283477783203	24344800
2022-05-25	52.560001373291016	53.119998931884766	52.02000045776367	52.70000076293945	47.54087448120117	23507900
2022-05-26	53.459999084472656	54.25	53.16999816894531	54.09000015258789	48.7947998046875	19140700
2022-05-27	54.0	54.0	53.040000915527344	53.619998931884766	48.37080764770508	19509300
2022-05-31	53.029998779296875	53.86000061035156	52.439998626708984	53.40999984741211	48.18136978149414	25805400
2022-06-01	53.5	53.7400016784668	51.72999954223633	52.38999938964844	47.261226654052734	23902000
2022-06-02	52.400001525878906	52.5	51.599998474121094	52.43000030517578	47.297306060791016	17473600
2022-06-03	52.06999969482422	52.33000183105469	51.220001220703125	51.33000183105469	46.304996490478516	16550000
2022-06-06	51.79999923706055	52.56999969482422	51.369998931884766	51.400001525878906	46.368141174316406	18473200
2022-06-07	51.029998779296875	52.22999954223633	50.83000183105469	52.099998474121094	46.99960708618164	15528800
2022-06-08	51.70000076293945	52.11000061035156	51.060001373291016	51.40999984741211	46.377159118652344	13207700
2022-06-09	51.540000915527344	51.599998474121094	49.959999084472656	49.970001220703125	45.07813262939453	14272900
2022-06-10	48.720001220703125	49.150001525878906	47.369998931884766	47.709999084472656	43.03937530517578	28910800
2022-06-13	46.65999984741211	47.0099983215332	45.400001525878906	45.689998626708984	41.21712875366211	30308400
2022-06-14	46.189998626708984	46.72999954223633	45.54999923706055	45.959999084472656	41.460693359375	25223600
2022-06-15	46.470001220703125	48.18000030517578	46.45000076293945	47.58000183105469	42.92210388183594	30001500
2022-06-16	46.79999923706055	47.189998626708984	45.959999084472656	46.88999938964844	42.299652099609375	24744900
2022-06-17	47.119998931884766	47.290000915527344	45.9900016784668	46.52000045776367	41.96586990356445	35111400
2022-06-21	47.959999084472656	48.34000015258789	47.52000045776367	47.959999084472656	43.264896392822266	20289700
2022-06-22	47.33000183105469	47.9900016784668	46.939998626708984	47.20000076293945	42.57930374145508	19752800
2022-06-23	46.869998931884766	46.90999984741211	45.59000015258789	46.349998474121094	41.8125114440918	24137200
2022-06-24	45.560001373291016	48.2599983215332	45.529998779296875	47.86000061035156	43.174686431884766	27322600
2022-06-27	48.060001373291016	48.400001525878906	47.25	47.83000183105469	43.14762878417969	21198200
2022-06-28	48.400001525878906	49.11000061035156	46.939998626708984	47.209999084472656	42.58831787109375	21643600
2022-06-29	47.2599983215332	47.79999923706055	46.630001068115234	47.099998474121094	42.48909378051758	20981000
2022-06-30	46.220001220703125	46.709999084472656	45.2599983215332	45.9900016784668	41.48776626586914	21207900
2022-07-01	45.7400016784668	47.040000915527344	45.34000015258789	46.869998931884766	42.28160858154297	16539600
2022-07-05	45.689998626708984	46.650001525878906	44.93000030517578	46.61000061035156	42.04705810546875	19156800
2022-07-06	46.29999923706055	46.68000030517578	45.459999084472656	46.150001525878906	41.63209915161133	14952800
2022-07-07	46.90999984741211	47.29999923706055	46.61000061035156	46.93000030517578	42.33573532104492	15598900
2022-07-08	47.2599983215332	47.560001373291016	46.58000183105469	46.81999969482422	42.23650360107422	11789900
2022-07-11	46.41999816894531	46.79999923706055	46.09000015258789	46.189998626708984	41.668182373046875	12778200
2022-07-12	45.58000183105469	46.93000030517578	45.5	46.130001068115234	41.61405563354492	16966700
2022-07-13	45.70000076293945	45.779998779296875	44.65999984741211	45.5	41.04572677612305	21793600
2022-07-14	44.47999954223633	44.47999954223633	43.439998626708984	44.13999938964844	39.81886672973633	27337600
2022-07-15	47.0	50.619998931884766	46.189998626708984	49.97999954223633	45.08715057373047	86566200
2022-07-18	50.65999984741211	51.5	49.72999954223633	50.06999969482422	45.1683464050293	26042500
2022-07-19	50.880001068115234	52.40999984741211	50.83000183105469	52.130001068115234	47.026676177978516	28113600
2022-07-20	51.5	52.45000076293945	51.45000076293945	52.45000076293945	47.315345764160156	24546500
2022-07-21	52.11000061035156	52.630001068115234	51.790000915527344	52.59000015258789	47.441646575927734	18261900
2022-07-22	52.52000045776367	53.02000045776367	51.4900016784668	51.90999984741211	46.82821273803711	14903400
2022-07-25	52.43000030517578	53.150001525878906	52.06999969482422	52.15999984741211	47.053741455078125	16794700
2022-07-26	51.77000045776367	52.79999923706055	51.2400016784668	51.400001525878906	46.368141174316406	18960800
2022-07-27	51.70000076293945	52.709999084472656	51.31999969482422	52.349998474121094	47.22513198852539	17087300
2022-07-28	52.09000015258789	52.720001220703125	51.310001373291016	52.22999954223633	47.11688995361328	12729200
2022-07-29	51.720001220703125	52.25	51.5	51.900001525878906	47.28086853027344	16783500
2022-08-01	51.4900016784668	52.209999084472656	51.13999938964844	51.91999816894531	47.2990837097168	13051800
2022-08-02	51.7599983215332	52.099998474121094	50.72999954223633	50.75	46.23321533203125	17378500
2022-08-03	51.2400016784668	51.779998779296875	50.83000183105469	51.61000061035156	47.01667404174805	13570600
2022-08-04	51.560001373291016	51.75	51.06999969482422	51.2599983215332	46.69782638549805	10152200
2022-08-05	51.119998931884766	52.34000015258789	50.90999984741211	51.65999984741211	47.06222152709961	13868800
2022-08-08	51.970001220703125	52.15999984741211	51.40999984741211	51.470001220703125	46.889137268066406	11594400
2022-08-09	51.63999938964844	52.11000061035156	51.41999816894531	52.09000015258789	47.45396041870117	9739300
2022-08-10	52.810001373291016	54.400001525878906	52.7400016784668	53.189998626708984	48.4560546875	32416200
2022-08-11	53.900001525878906	54.470001220703125	53.75	54.0	49.19396209716797	13450300
2022-08-12	54.18000030517578	54.400001525878906	53.630001068115234	54.380001068115234	49.54014205932617	15493600
2022-08-15	53.75	54.189998626708984	53.470001220703125	54.06999969482422	49.25773239135742	11595200
2022-08-16	53.810001373291016	54.560001373291016	53.7400016784668	54.18000030517578	49.35794448852539	14708000
2022-08-17	53.41999816894531	54.02000045776367	53.29999923706055	53.7599983215332	48.97532272338867	13370800
2022-08-18	53.599998474121094	53.720001220703125	53.040000915527344	53.54999923706055	48.78401184082031	10573300
2022-08-19	53.150001525878906	53.40999984741211	52.369998931884766	52.61000061035156	47.927669525146484	14798800
2022-08-22	51.560001373291016	51.77000045776367	50.9900016784668	51.25	46.688720703125	16749600
2022-08-23	51.2599983215332	51.68000030517578	50.86000061035156	50.95000076293945	46.4154167175293	11126100
2022-08-24	50.93000030517578	51.290000915527344	50.630001068115234	51.0099983215332	46.47007751464844	11159300
2022-08-25	51.209999084472656	52.25	51.06999969482422	52.060001373291016	47.4266242980957	12569000
2022-08-26	52.279998779296875	52.34000015258789	49.75	49.779998779296875	45.34954833984375	20049700
2022-08-29	49.66999816894531	49.720001220703125	49.029998779296875	49.369998931884766	44.97603225708008	15103100
2022-08-30	49.84000015258789	49.84000015258789	48.70000076293945	49.08000183105469	44.711849212646484	16735500
2022-08-31	49.279998779296875	49.54999923706055	48.66999816894531	48.810001373291016	44.465877532958984	16582100
2022-09-01	48.77000045776367	48.77000045776367	47.810001373291016	48.75	44.411216735839844	14470900
2022-09-02	49.310001373291016	50.150001525878906	48.619998931884766	48.84000015258789	44.49320983886719	15568100
2022-09-06	48.970001220703125	49.099998474121094	47.619998931884766	48.220001220703125	43.92839050292969	15544500
2022-09-07	47.7400016784668	48.7400016784668	47.599998474121094	48.630001068115234	44.30189514160156	15413900
2022-09-08	48.400001525878906	49.95000076293945	48.119998931884766	49.900001525878906	45.4588623046875	18088800
2022-09-09	50.310001373291016	51.0099983215332	50.25	50.66999816894531	46.16033935546875	18711800
2022-09-12	51.2599983215332	51.63999938964844	50.70000076293945	50.869998931884766	46.3425407409668	13506500
2022-09-13	49.900001525878906	50.20000076293945	48.56999969482422	49.0	44.63896560668945	22148200
2022-09-14	49.130001068115234	49.5099983215332	47.70000076293945	48.43000030517578	44.11970520019531	25701700
2022-09-15	48.36000061035156	49.25	48.279998779296875	48.439998626708984	44.128814697265625	16556900
2022-09-16	47.9900016784668	48.2400016784668	47.470001220703125	48.11000061035156	43.82817840576172	19995600
2022-09-19	47.4900016784668	48.47999954223633	47.439998626708984	48.2400016784668	43.946617126464844	14716100
2022-09-20	47.81999969482422	47.970001220703125	46.86000061035156	47.25	43.044715881347656	16650200
2022-09-21	47.25	47.72999954223633	46.310001373291016	46.33000183105469	42.20660400390625	18641800
2022-09-22	46.61000061035156	46.869998931884766	45.4900016784668	45.58000183105469	41.52334976196289	18443100
2022-09-23	44.97999954223633	45.11000061035156	43.29999923706055	44.2599983215332	40.32082748413086	30918000
2022-09-26	43.689998626708984	44.18000030517578	42.58000183105469	42.9900016784668	39.16386795043945	23684400
2022-09-27	43.22999954223633	43.38999938964844	42.08000183105469	42.59000015258789	38.79946517944336	21255500
2022-09-28	42.59000015258789	43.619998931884766	42.45000076293945	43.400001525878906	39.537376403808594	19818100
2022-09-29	42.900001525878906	43.08000183105469	42.0099983215332	42.38999938964844	38.61726379394531	20982200
2022-09-30	42.38999938964844	42.970001220703125	41.61000061035156	41.66999816894531	37.961341857910156	22266400
2022-10-03	41.54999923706055	42.91999816894531	41.060001373291016	42.560001373291016	38.77212905883789	22001000
2022-10-04	43.56999969482422	44.75	43.470001220703125	44.40999984741211	40.45747375488281	20660000
2022-10-05	43.7599983215332	44.0	43.11000061035156	43.84000015258789	39.93821716308594	15458500
2022-10-06	43.41999816894531	43.79999923706055	42.790000915527344	43.060001373291016	39.22763442993164	17738400
2022-10-07	42.70000076293945	42.790000915527344	41.939998626708984	42.189998626708984	38.43506622314453	18101300
2022-10-10	42.4900016784668	42.61000061035156	41.529998779296875	41.599998474121094	37.89756774902344	13768800
2022-10-11	41.27000045776367	41.560001373291016	40.41999816894531	40.45000076293945	36.84992218017578	20176100
2022-10-12	40.38999938964844	41.36000061035156	40.04999923706055	40.84000015258789	37.20521926879883	20862200
2022-10-13	40.20000076293945	43.18000030517578	40.0099983215332	42.95000076293945	39.12742233276367	27964900
2022-10-14	43.09000015258789	44.41999816894531	42.79999923706055	43.22999954223633	39.38249969482422	28885100
2022-10-17	44.310001373291016	44.43000030517578	43.189998626708984	43.59000015258789	39.7104606628418	20835400
2022-10-18	44.65999984741211	44.95000076293945	43.650001525878906	44.150001525878906	40.220619201660156	21302100
2022-10-19	43.83000183105469	44.099998474121094	42.88999938964844	43.34000015258789	39.48271560668945	15142800
2022-10-20	43.38999938964844	43.939998626708984	42.720001220703125	42.91999816894531	39.1000862121582	15421600
2022-10-21	42.939998626708984	44.31999969482422	42.68000030517578	44.2599983215332	40.32082748413086	18783600
2022-10-24	44.31999969482422	44.66999816894531	43.970001220703125	44.40999984741211	40.45747375488281	14392300
2022-10-25	44.04999923706055	45.59000015258789	43.90999984741211	45.31999969482422	41.28649139404297	20085700
2022-10-26	45.5	45.97999954223633	45.220001220703125	45.40999984741211	41.36847686767578	16516200
2022-10-27	45.869998931884766	46.13999938964844	45.349998474121094	45.439998626708984	41.395809173583984	15687900
2022-10-28	45.560001373291016	46.279998779296875	45.029998779296875	46.130001068115234	42.0244026184082	13457900
2022-10-31	45.709999084472656	46.220001220703125	45.56999969482422	45.86000061035156	41.7784309387207	15600400
2022-11-01	46.29999923706055	46.47999954223633	46.0	46.220001220703125	42.10639190673828	15505200
2022-11-02	46.130001068115234	47.0099983215332	45.540000915527344	45.54999923706055	41.49601364135742	20306800
2022-11-03	45.15999984741211	45.40999984741211	44.5099983215332	44.58000183105469	40.61235427856445	16025800
2022-11-04	44.61000061035156	45.45000076293945	44.27000045776367	45.130001068115234	41.58917999267578	15204100
2022-11-07	45.47999954223633	45.86000061035156	45.209999084472656	45.72999954223633	42.14210891723633	11792300
2022-11-08	45.79999923706055	46.529998779296875	45.630001068115234	46.119998931884766	42.50151443481445	16737100
2022-11-09	45.72999954223633	45.86000061035156	45.150001525878906	45.36000061035156	41.80113220214844	13299000
2022-11-10	46.709999084472656	48.7599983215332	46.560001373291016	48.41999816894531	44.62105941772461	27915500
2022-11-11	48.5	50.56999969482422	48.439998626708984	50.189998626708984	46.2521858215332	26009200
2022-11-14	49.939998626708984	49.97999954223633	49.02000045776367	49.02000045776367	45.173980712890625	19631600
2022-11-15	49.83000183105469	50.41999816894531	48.4900016784668	49.029998779296875	45.183197021484375	19839400
2022-11-16	48.880001068115234	48.959999084472656	48.13999938964844	48.369998931884766	44.574981689453125	18052100
2022-11-17	47.68000030517578	48.2599983215332	47.400001525878906	48.25	44.46439743041992	11962700
2022-11-18	48.72999954223633	49.06999969482422	48.15999984741211	48.65999984741211	44.84222412109375	12884300
2022-11-21	48.65999984741211	49.040000915527344	48.279998779296875	48.880001068115234	45.04496765136719	9884100
2022-11-22	49.13999938964844	49.68000030517578	49.130001068115234	49.33000183105469	45.45966339111328	13132000
2022-11-23	49.34000015258789	49.470001220703125	47.849998474121094	48.2400016784668	44.45518493652344	22863300
2022-11-25	48.20000076293945	48.529998779296875	48.130001068115234	48.290000915527344	44.50126266479492	6823600
2022-11-28	47.90999984741211	48.189998626708984	46.83000183105469	47.22999954223633	43.52442169189453	18987100
2022-11-29	47.22999954223633	47.900001525878906	47.209999084472656	47.56999969482422	43.837745666503906	12224700
2022-11-30	47.08000183105469	48.43000030517578	46.189998626708984	48.40999984741211	44.61184310913086	23993100
2022-12-01	48.279998779296875	48.66999816894531	47.349998474121094	47.779998779296875	44.03126525878906	19797600
2022-12-02	47.279998779296875	47.45000076293945	46.810001373291016	47.2400016784668	43.53364181518555	12745400
2022-12-05	46.939998626708984	47.119998931884766	45.380001068115234	45.63999938964844	42.059173583984375	20397500
2022-12-06	45.650001525878906	45.88999938964844	44.20000076293945	44.97999954223633	41.45095443725586	22160800
2022-12-07	44.63999938964844	45.45000076293945	44.310001373291016	44.66999816894531	41.16527557373047	20233400
2022-12-08	44.849998474121094	45.369998931884766	44.2599983215332	44.689998626708984	41.18370056152344	15622200
2022-12-09	44.599998474121094	45.189998626708984	44.54999923706055	44.86000061035156	41.34036636352539	14030600
2022-12-12	44.650001525878906	45.79999923706055	44.36000061035156	45.77000045776367	42.17897415161133	19045100
2022-12-13	46.84000015258789	47.849998474121094	46.2400016784668	46.59000015258789	42.93463897705078	25655400
2022-12-14	46.5099983215332	47.040000915527344	45.720001220703125	45.97999954223633	42.37249755859375	16587500
2022-12-15	45.09000015258789	45.2599983215332	44.130001068115234	44.619998931884766	41.119197845458984	20201900
2022-12-16	44.20000076293945	44.65999984741211	43.810001373291016	44.349998474121094	40.87038040161133	26955400
2022-12-19	44.36000061035156	44.47999954223633	43.47999954223633	43.93000030517578	40.48333740234375	18019100
2022-12-20	44.150001525878906	44.54999923706055	43.79999923706055	43.810001373291016	40.37274932861328	14412700
2022-12-21	44.209999084472656	44.88999938964844	44.16999816894531	44.810001373291016	41.29429626464844	22492300
2022-12-22	44.439998626708984	44.439998626708984	42.90999984741211	43.9900016784668	40.538631439208984	24476100
2022-12-23	44.0	44.36000061035156	43.880001068115234	44.2599983215332	40.78744125366211	15143800
2022-12-27	44.279998779296875	44.540000915527344	43.970001220703125	44.38999938964844	40.90724182128906	14777800
2022-12-28	44.43000030517578	44.869998931884766	44.189998626708984	44.619998931884766	41.119197845458984	12882200
2022-12-29	44.84000015258789	45.2400016784668	44.650001525878906	45.15999984741211	41.61682891845703	14124100
2022-12-30	44.93000030517578	45.279998779296875	44.7599983215332	45.22999954223633	41.681339263916016	11802800
2023-01-03	45.75	46.75	45.540000915527344	45.779998779296875	42.18818283081055	19564000
2023-01-04	46.540000915527344	47.540000915527344	46.34000015258789	46.959999084472656	43.27560043334961	21507200
2023-01-05	46.70000076293945	46.959999084472656	45.970001220703125	46.75	43.08208084106445	12314900
2023-01-06	47.060001373291016	47.689998626708984	46.61000061035156	47.310001373291016	43.59814453125	16736300
2023-01-09	47.88999938964844	48.31999969482422	47.470001220703125	47.540000915527344	43.81010437011719	16745500
2023-01-10	47.560001373291016	48.209999084472656	47.20000076293945	48.189998626708984	44.40909957885742	12429900
2023-01-11	48.209999084472656	48.7400016784668	47.86000061035156	48.709999084472656	44.888301849365234	17143700
2023-01-12	49.060001373291016	49.47999954223633	48.54999923706055	49.09000015258789	45.238494873046875	16287800
2023-01-13	48.5099983215332	50.22999954223633	47.7400016784668	49.91999816894531	46.00336456298828	28037000
2023-01-17	49.86000061035156	50.7400016784668	49.7400016784668	50.310001373291016	46.362770080566406	28193500
2023-01-18	50.2400016784668	50.47999954223633	49.2400016784668	49.43000030517578	45.551815032958984	18952000
2023-01-19	48.650001525878906	49.599998474121094	48.470001220703125	49.369998931884766	45.496517181396484	14869100
2023-01-20	49.68000030517578	51.11000061035156	49.2599983215332	51.09000015258789	47.081573486328125	19957300
2023-01-23	51.04999923706055	52.290000915527344	50.880001068115234	51.97999954223633	47.90174102783203	18531200
2023-01-24	51.41999816894531	51.95000076293945	50.41999816894531	51.41999816894531	47.38568115234375	13303200
2023-01-25	50.849998474121094	51.939998626708984	50.849998474121094	51.900001525878906	47.828025817871094	20719000
2023-01-26	52.08000183105469	52.2599983215332	51.5099983215332	52.189998626708984	48.095272064208984	22393300
2023-01-27	51.959999084472656	52.189998626708984	51.65999984741211	51.86000061035156	47.791160583496094	18294000
2023-01-30	51.439998626708984	52.040000915527344	51.34000015258789	51.75	47.689788818359375	11126200
2023-01-31	51.86000061035156	52.220001220703125	51.630001068115234	52.220001220703125	48.122920989990234	34823400
2023-02-01	51.540000915527344	52.7400016784668	51.40999984741211	52.150001525878906	48.05841064453125	22111900
2023-02-02	52.58000183105469	53.22999954223633	51.72999954223633	52.220001220703125	48.122920989990234	22331700
2023-02-03	51.02000045776367	51.540000915527344	50.529998779296875	50.95000076293945	47.4156379699707	20050600
2023-02-06	50.400001525878906	50.9900016784668	49.90999984741211	50.86000061035156	47.331878662109375	16152000
2023-02-07	50.75	51.7599983215332	50.59000015258789	51.130001068115234	47.583152770996094	14361000
2023-02-08	50.77000045776367	51.5099983215332	50.599998474121094	51.150001525878906	47.60176467895508	13242300
2023-02-09	51.349998474121094	51.459999084472656	49.86000061035156	49.97999954223633	46.5129280090332	16794900
2023-02-10	49.81999969482422	50.189998626708984	49.150001525878906	50.11000061035156	46.633907318115234	16519900
2023-02-13	49.9900016784668	51.08000183105469	49.91999816894531	51.0	47.4621696472168	11626900
2023-02-14	50.93000030517578	51.75	50.4900016784668	51.61000061035156	48.02985382080078	16283300
2023-02-15	50.84000015258789	51.880001068115234	50.810001373291016	51.81999969482422	48.22528839111328	9216600
2023-02-16	51.349998474121094	51.83000183105469	51.099998474121094	51.459999084472656	47.8902587890625	9398000
2023-02-17	51.2599983215332	51.59000015258789	50.91999816894531	51.41999816894531	47.853031158447266	12297700
2023-02-21	50.7400016784668	50.90999984741211	49.43000030517578	49.84000015258789	46.38264465332031	22899200
2023-02-22	49.88999938964844	50.47999954223633	49.369998931884766	50.040000915527344	46.56876754760742	14431500
2023-02-23	50.34000015258789	50.619998931884766	49.70000076293945	50.380001068115234	46.88517379760742	12550700
2023-02-24	50.0	50.34000015258789	49.650001525878906	50.18000030517578	46.69905471801758	14547300
2023-02-27	50.5	51.189998626708984	50.38999938964844	50.470001220703125	46.96894073486328	14190200
2023-02-28	50.47999954223633	50.869998931884766	50.25	50.689998626708984	47.173675537109375	12932400
2023-03-01	50.459999084472656	51.540000915527344	50.29999923706055	51.5	47.927486419677734	15966000
2023-03-02	51.18000030517578	51.45000076293945	50.459999084472656	51.400001525878906	47.83442306518555	18104500
2023-03-03	51.47999954223633	52.38999938964844	51.47999954223633	52.349998474121094	48.71852111816406	15879900
2023-03-06	52.36000061035156	52.45000076293945	52.0099983215332	52.18000030517578	48.56031036376953	12693300
2023-03-07	51.79999923706055	52.130001068115234	50.72999954223633	51.08000183105469	47.53662109375	30953800
2023-03-08	51.060001373291016	51.27000045776367	50.29999923706055	50.68000030517578	47.16436767578125	12847700
2023-03-09	50.58000183105469	50.83000183105469	48.40999984741211	48.599998474121094	45.22865676879883	29460100
2023-03-10	48.08000183105469	49.380001068115234	47.130001068115234	48.34000015258789	44.98670196533203	29770800
2023-03-13	47.0	47.2400016784668	44.599998474121094	44.7400016784668	41.63642120361328	50709200
2023-03-14	47.209999084472656	47.9900016784668	46.560001373291016	47.400001525878906	44.111900329589844	42165900
2023-03-15	45.439998626708984	45.5	44.099998474121094	44.81999969482422	41.710872650146484	41832800
2023-03-16	44.65999984741211	46.09000015258789	43.70000076293945	45.619998931884766	42.455379486083984	28877300
2023-03-17	44.97999954223633	44.97999954223633	43.81999969482422	44.25	41.18041229248047	37130200
2023-03-20	44.709999084472656	45.7400016784668	43.90999984741211	44.09000015258789	41.03150939941406	31899900
2023-03-21	45.56999969482422	46.02000045776367	44.95000076293945	45.06999969482422	41.94353103637695	29835600
2023-03-22	45.18000030517578	45.310001373291016	43.68000030517578	43.709999084472656	40.6778678894043	21672000
2023-03-23	44.310001373291016	44.849998474121094	43.11000061035156	43.45000076293945	40.435909271240234	24112600
2023-03-24	42.84000015258789	43.119998931884766	42.0099983215332	43.11000061035156	40.11949157714844	25453900
2023-03-27	44.060001373291016	45.0	43.880001068115234	44.779998779296875	41.67364501953125	29335200
2023-03-28	44.720001220703125	45.22999954223633	44.4900016784668	45.220001220703125	42.083126068115234	16206000
2023-03-29	45.59000015258789	46.0099983215332	45.459999084472656	45.95000076293945	42.76248550415039	15047000
2023-03-30	46.47999954223633	46.63999938964844	45.7400016784668	46.06999969482422	42.87416076660156	14226400
2023-03-31	46.599998474121094	46.970001220703125	46.33000183105469	46.88999938964844	43.63727951049805	16009200
2023-04-03	47.13999938964844	47.4900016784668	46.43000030517578	46.709999084472656	43.46976089477539	16633100
2023-04-04	46.900001525878906	47.02000045776367	45.650001525878906	46.09000015258789	42.89277267456055	15542400
2023-04-05	45.470001220703125	46.189998626708984	45.310001373291016	45.77000045776367	42.594970703125	11739100
2023-04-06	45.79999923706055	46.209999084472656	45.52000045776367	45.86000061035156	42.67872619628906	11918100
2023-04-10	45.790000915527344	46.7599983215332	45.77000045776367	46.52000045776367	43.29294204711914	11777100
2023-04-11	46.66999816894531	47.369998931884766	46.59000015258789	47.20000076293945	43.92577362060547	14177300
2023-04-12	47.47999954223633	47.63999938964844	46.52000045776367	46.91999816894531	43.665199279785156	14330900
2023-04-13	46.900001525878906	47.59000015258789	46.58000183105469	47.29999923706055	44.01883316040039	15578900
2023-04-14	48.16999816894531	49.88999938964844	48.02000045776367	49.560001373291016	46.1220588684082	33064500
2023-04-17	49.7599983215332	49.810001373291016	49.09000015258789	49.689998626708984	46.243038177490234	19590400
2023-04-18	49.93000030517578	50.29999923706055	49.45000076293945	50.08000183105469	46.605987548828125	16616200
2023-04-19	49.72999954223633	50.45000076293945	49.380001068115234	50.400001525878906	46.9037971496582	14894000
2023-04-20	49.810001373291016	50.04999923706055	49.099998474121094	49.400001525878906	45.97315979003906	20410200
2023-04-21	48.959999084472656	49.220001220703125	48.31999969482422	49.029998779296875	45.62882995605469	14377300
2023-04-24	49.029998779296875	49.310001373291016	48.75	49.029998779296875	45.62882995605469	11208800
2023-04-25	48.5	48.650001525878906	47.720001220703125	47.900001525878906	44.57721710205078	15374000
2023-04-26	47.79999923706055	47.86000061035156	46.38999938964844	46.86000061035156	43.6093635559082	16984600
2023-04-27	47.040000915527344	47.349998474121094	46.439998626708984	47.029998779296875	43.7675666809082	16541400
2023-04-28	46.189998626708984	47.33000183105469	46.040000915527344	47.06999969482422	44.28502655029297	15216400
2023-05-01	47.880001068115234	48.380001068115234	47.16999816894531	47.25	44.45438003540039	18314800
2023-05-02	46.81999969482422	47.060001373291016	45.560001373291016	46.0	43.27833557128906	19450100
2023-05-03	46.130001068115234	46.599998474121094	45.630001068115234	45.66999816894531	42.96786117553711	14533500
2023-05-04	45.040000915527344	45.400001525878906	44.08000183105469	44.900001525878906	42.2434196472168	20601800
2023-05-05	45.79999923706055	46.5	45.66999816894531	46.31999969482422	43.579402923583984	13380500
2023-05-08	46.880001068115234	47.150001525878906	46.27000045776367	46.36000061035156	43.617034912109375	8760900
2023-05-09	45.90999984741211	46.7599983215332	45.790000915527344	46.52000045776367	43.76757049560547	10188800
2023-05-10	47.150001525878906	47.189998626708984	45.59000015258789	46.369998931884766	43.62643814086914	11840000
2023-05-11	45.7400016784668	46.130001068115234	45.43000030517578	46.029998779296875	43.306556701660156	11222800
2023-05-12	46.33000183105469	46.380001068115234	45.06999969482422	45.45000076293945	42.7608757019043	12810300
2023-05-15	45.689998626708984	46.310001373291016	45.630001068115234	46.04999923706055	43.325374603271484	11911300
2023-05-16	45.93000030517578	46.15999984741211	45.2599983215332	45.279998779296875	42.60093307495117	9201200
2023-05-17	45.779998779296875	47.11000061035156	45.779998779296875	47.08000183105469	44.29443359375	16359100
2023-05-18	46.97999954223633	46.97999954223633	45.86000061035156	46.38999938964844	43.645263671875	17618000
2023-05-19	46.459999084472656	46.72999954223633	45.619998931884766	45.709999084472656	43.005489349365234	15406400
2023-05-22	45.970001220703125	46.099998474121094	45.45000076293945	45.790000915527344	43.08076095581055	14471000
2023-05-23	45.84000015258789	46.81999969482422	45.79999923706055	45.90999984741211	43.19365692138672	13797100
2023-05-24	45.15999984741211	45.2400016784668	44.209999084472656	44.4900016784668	41.8576774597168	23744900
2023-05-25	44.29999923706055	44.79999923706055	43.880001068115234	44.22999954223633	41.61305618286133	18109400
2023-05-26	44.459999084472656	44.650001525878906	43.9900016784668	44.599998474121094	41.96116638183594	11962600
2023-05-30	44.72999954223633	44.88999938964844	44.25	44.70000076293945	42.05525207519531	12431100
2023-05-31	44.20000076293945	44.40999984741211	43.709999084472656	44.31999969482422	41.697731018066406	18154100
2023-06-01	44.68000030517578	45.349998474121094	44.310001373291016	44.84000015258789	42.18696975708008	15757100
2023-06-02	45.470001220703125	46.68000030517578	45.36000061035156	46.31999969482422	43.579402923583984	19443600
2023-06-05	46.36000061035156	46.47999954223633	45.810001373291016	46.2400016784668	43.5041389465332	11004700
2023-06-06	46.189998626708984	47.5099983215332	46.150001525878906	47.220001220703125	44.42615509033203	14189200
2023-06-07	47.470001220703125	48.18000030517578	47.15999984741211	48.0099983215332	45.16940689086914	15457400
2023-06-08	47.72999954223633	48.25	47.529998779296875	48.099998474121094	45.25408172607422	12058600
2023-06-09	48.099998474121094	48.56999969482422	47.90999984741211	48.29999923706055	45.44224548339844	11744000
2023-06-12	48.27000045776367	48.5	47.970001220703125	48.45000076293945	45.583377838134766	13801000
2023-06-13	48.45000076293945	49.41999816894531	48.45000076293945	48.689998626708984	45.809173583984375	14062700
2023-06-14	48.83000183105469	49.27000045776367	47.560001373291016	48.2400016784668	45.38580322265625	22053000
2023-06-15	48.130001068115234	48.59000015258789	47.58000183105469	48.560001373291016	45.686866760253906	14926100
2023-06-16	48.84000015258789	48.84000015258789	48.15999984741211	48.189998626708984	45.33876037597656	18221600
2023-06-20	47.90999984741211	47.90999984741211	47.08000183105469	47.61000061035156	44.79307556152344	12777700
2023-06-21	47.5	47.849998474121094	47.22999954223633	47.40999984741211	44.60490798950195	10550700
2023-06-22	47.220001220703125	47.2599983215332	46.43000030517578	46.630001068115234	43.87105941772461	11841900
2023-06-23	46.099998474121094	46.25	45.84000015258789	46.02000045776367	43.29715347290039	13249100
2023-06-26	46.119998931884766	46.689998626708984	46.0099983215332	46.2400016784668	43.5041389465332	13253900
2023-06-27	46.20000076293945	46.61000061035156	45.900001525878906	46.400001525878906	43.65467071533203	11863300
2023-06-28	46.369998931884766	46.38999938964844	45.81999969482422	46.22999954223633	43.49472427368164	13394900
2023-06-29	46.16999816894531	46.790000915527344	46.0099983215332	46.290000915527344	43.551177978515625	18840800
2023-06-30	46.779998779296875	46.79999923706055	46.029998779296875	46.040000915527344	43.31596755981445	15211800
2023-07-03	46.08000183105469	47.290000915527344	46.02000045776367	46.7400016784668	43.97455596923828	10159900
2023-07-05	46.709999084472656	47.04999923706055	46.40999984741211	46.79999923706055	44.03099822998047	11852900
2023-07-06	46.5	46.5	45.11000061035156	45.380001068115234	42.69501876831055	17431400
2023-07-07	45.22999954223633	46.349998474121094	45.209999084472656	45.7400016784668	43.033721923828125	13158000
2023-07-10	45.599998474121094	46.38999938964844	45.540000915527344	45.66999816894531	42.96786117553711	14307600
2023-07-11	45.79999923706055	46.61000061035156	45.630001068115234	46.529998779296875	43.77696990966797	14132400
2023-07-12	47.2599983215332	48.27000045776367	47.220001220703125	47.380001068115234	44.576683044433594	17960500
2023-07-13	47.560001373291016	47.849998474121094	47.13999938964844	47.68000030517578	44.85893249511719	26210700
2023-07-14	48.47999954223633	48.54999923706055	45.689998626708984	45.75	43.04312515258789	38601700
2023-07-17	45.810001373291016	46.619998931884766	45.720001220703125	46.2599983215332	43.52294921875	18521400
2023-07-18	46.75	47.65999984741211	46.68000030517578	47.02000045776367	44.23798370361328	24685000
2023-07-19	47.08000183105469	47.84000015258789	46.619998931884766	47.52000045776367	44.708404541015625	15789100
2023-07-20	47.38999938964844	47.880001068115234	47.22999954223633	47.40999984741211	44.60490798950195	17647200
2023-07-21	47.540000915527344	47.599998474121094	46.81999969482422	47.04999923706055	44.26620864868164	18247400
2023-07-24	46.97999954223633	47.84000015258789	46.97999954223633	47.65999984741211	44.84011459350586	19006200
2023-07-25	47.4900016784668	47.779998779296875	47.060001373291016	47.09000015258789	44.3038444519043	14729900
2023-07-26	47.38999938964844	47.75	47.02000045776367	47.4900016784668	44.680179595947266	12267900
2023-07-27	47.599998474121094	49.119998931884766	47.439998626708984	47.880001068115234	45.04710006713867	25162700
2023-07-28	48.31999969482422	48.36000061035156	47.09000015258789	47.40999984741211	44.60490798950195	20871700
2023-07-31	47.59000015258789	48.04999923706055	47.36000061035156	47.65999984741211	44.84011459350586	14377200
2023-08-01	47.33000183105469	47.470001220703125	46.810001373291016	47.06999969482422	44.28502655029297	15219100
2023-08-02	46.41999816894531	46.68000030517578	45.95000076293945	46.310001373291016	43.56998825073242	13101100
2023-08-03	45.970001220703125	46.470001220703125	45.709999084472656	46.209999084472656	43.47591018676758	13467100
2023-08-04	45.72999954223633	46.689998626708984	45.560001373291016	45.709999084472656	43.504459381103516	18320300
2023-08-07	45.95000076293945	46.2400016784668	45.630001068115234	45.83000183105469	43.618675231933594	16972000
2023-08-08	45.02000045776367	45.22999954223633	44.13999938964844	45.15999984741211	42.98099899291992	18524500
2023-08-09	45.02000045776367	45.189998626708984	44.40999984741211	44.439998626708984	42.295738220214844	13957100
2023-08-10	44.709999084472656	44.9900016784668	44.25	44.34000015258789	42.20056915283203	12112300
2023-08-11	44.040000915527344	44.619998931884766	43.97999954223633	44.56999969482422	42.419464111328125	11971200
2023-08-14	44.08000183105469	44.40999984741211	43.97999954223633	44.099998474121094	41.97214126586914	14280300
2023-08-15	43.650001525878906	43.650001525878906	43.18000030517578	43.209999084472656	41.12508773803711	17125100
2023-08-16	43.02000045776367	43.15999984741211	42.56999969482422	42.63999938964844	40.58259201049805	13963600
2023-08-17	42.84000015258789	43.08000183105469	42.09000015258789	42.459999084472656	40.41127014160156	16123600
2023-08-18	42.150001525878906	42.79999923706055	42.09000015258789	42.25	40.21140670776367	12902900
2023-08-21	42.619998931884766	42.7599983215332	41.66999816894531	42.06999969482422	40.04009246826172	14486300
2023-08-22	42.310001373291016	42.380001068115234	40.970001220703125	41.02000045776367	39.0407600402832	20525300
2023-08-23	41.060001373291016	41.22999954223633	40.77000045776367	41.08000183105469	39.097862243652344	16214500
2023-08-24	41.02000045776367	41.66999816894531	40.720001220703125	41.08000183105469	39.097862243652344	15579600
2023-08-25	41.2599983215332	41.65999984741211	40.779998779296875	41.2400016784668	39.250144958496094	16881900
2023-08-28	41.47999954223633	41.86000061035156	41.150001525878906	41.31999969482422	39.3262825012207	14125900
2023-08-29	41.29999923706055	41.77000045776367	41.2599983215332	41.720001220703125	39.70698547363281	13199700
2023-08-30	41.689998626708984	41.84000015258789	41.34000015258789	41.369998931884766	39.373870849609375	18211400
2023-08-31	41.5099983215332	41.68000030517578	41.0099983215332	41.290000915527344	39.297733306884766	17795700
2023-09-01	41.59000015258789	41.81999969482422	41.380001068115234	41.59000015258789	39.583255767822266	12408300
2023-09-05	41.529998779296875	41.93000030517578	41.189998626708984	41.36000061035156	39.364349365234375	15843400
2023-09-06	41.02000045776367	41.4900016784668	40.90999984741211	41.369998931884766	39.373870849609375	13675200
2023-09-07	41.06999969482422	41.369998931884766	40.70000076293945	40.72999954223633	38.764747619628906	12406100
2023-09-08	40.61000061035156	40.689998626708984	40.279998779296875	40.59000015258789	38.631507873535156	15055400
2023-09-11	40.810001373291016	41.369998931884766	40.529998779296875	40.59000015258789	38.631507873535156	11404200
2023-09-12	40.56999969482422	42.060001373291016	40.560001373291016	41.68000030517578	39.668907165527344	24774700
2023-09-13	41.939998626708984	42.900001525878906	41.68000030517578	42.369998931884766	40.32561492919922	31031900
2023-09-14	42.790000915527344	43.439998626708984	42.72999954223633	43.13999938964844	41.058467864990234	19422800
2023-09-15	42.75	43.2400016784668	42.65999984741211	42.709999084472656	40.64921188354492	22975500
2023-09-18	42.599998474121094	42.779998779296875	42.400001525878906	42.63999938964844	40.58259201049805	10467400
2023-09-19	42.790000915527344	42.86000061035156	42.470001220703125	42.68000030517578	40.62065887451172	11031700
2023-09-20	42.95000076293945	43.130001068115234	42.27000045776367	42.29999923706055	40.25899124145508	11240700
2023-09-21	42.060001373291016	42.36000061035156	41.689998626708984	41.709999084472656	39.69746017456055	12260100
2023-09-22	41.75	41.86000061035156	40.86000061035156	40.91999816894531	38.94557571411133	15438200
2023-09-25	40.75	41.09000015258789	40.58000183105469	41.02000045776367	39.0407600402832	10866800
2023-09-26	40.66999816894531	41.040000915527344	40.060001373291016	40.220001220703125	38.27935791015625	21786500
2023-09-27	40.290000915527344	40.630001068115234	39.939998626708984	40.459999084472656	38.507774353027344	15083400
2023-09-28	40.47999954223633	41.349998474121094	40.40999984741211	41.20000076293945	39.212074279785156	14409800
2023-09-29	41.45000076293945	41.88999938964844	40.91999816894531	41.130001068115234	39.14544677734375	16905600
2023-10-02	40.9900016784668	41.04999923706055	40.290000915527344	40.5	38.54584884643555	16178900
2023-10-03	40.20000076293945	40.540000915527344	39.59000015258789	39.86000061035156	37.936729431152344	19283400
2023-10-04	39.689998626708984	39.93000030517578	39.13999938964844	39.810001373291016	37.889137268066406	23342000
2023-10-05	39.619998931884766	39.880001068115234	39.189998626708984	39.880001068115234	37.95576095581055	18734100
2023-10-06	39.68000030517578	40.849998474121094	39.5099983215332	40.56999969482422	38.61246871948242	17072400
2023-10-09	40.18000030517578	41.0099983215332	39.95000076293945	40.7400016784668	38.774269104003906	14859700
2023-10-10	41.13999938964844	41.7599983215332	41.13999938964844	41.439998626708984	39.44049072265625	18902100
2023-10-11	41.63999938964844	42.0	41.36000061035156	41.529998779296875	39.526145935058594	12763900
2023-10-12	41.400001525878906	41.790000915527344	41.119998931884766	41.529998779296875	39.526145935058594	18112500
2023-10-13	42.959999084472656	43.31999969482422	41.349998474121094	41.43000030517578	39.430973052978516	32082900
2023-10-16	41.95000076293945	42.0	40.529998779296875	40.95000076293945	38.97412872314453	25044200
2023-10-17	40.650001525878906	41.66999816894531	40.599998474121094	41.20000076293945	39.212074279785156	20258100
2023-10-18	40.939998626708984	40.939998626708984	40.16999816894531	40.470001220703125	38.517295837402344	23232600
2023-10-19	40.2599983215332	40.75	40.029998779296875	40.060001373291016	38.127071380615234	17483300
2023-10-20	39.970001220703125	40.2400016784668	39.560001373291016	39.68000030517578	37.76541519165039	21387700
2023-10-23	39.58000183105469	39.619998931884766	38.790000915527344	38.88999938964844	37.01353073120117	21333500
2023-10-24	38.91999816894531	39.29999923706055	38.7400016784668	38.93000030517578	37.051597595214844	17181000
2023-10-25	38.70000076293945	38.849998474121094	38.2599983215332	38.61000061035156	36.747039794921875	15570100
2023-10-26	38.5	39.75	38.470001220703125	39.34000015258789	37.44181823730469	25109600
2023-10-27	39.33000183105469	39.369998931884766	38.16999816894531	38.2400016784668	36.394893646240234	20654700
2023-10-30	38.54999923706055	38.970001220703125	38.40999984741211	38.93000030517578	37.051597595214844	21777500
2023-10-31	39.040000915527344	39.529998779296875	38.91999816894531	39.4900016784668	37.5845832824707	16373100
2023-11-01	39.540000915527344	39.84000015258789	39.279998779296875	39.599998474121094	37.68927001953125	16011000
2023-11-02	39.9900016784668	41.369998931884766	39.93000030517578	41.349998474121094	39.35483169555664	23283600
2023-11-03	41.560001373291016	42.470001220703125	41.540000915527344	42.2599983215332	40.743141174316406	20282100
2023-11-06	42.369998931884766	42.369998931884766	41.7599983215332	42.040000915527344	40.531044006347656	20843900
2023-11-07	41.70000076293945	42.15999984741211	41.650001525878906	41.959999084472656	40.453914642333984	11463200
2023-11-08	41.849998474121094	42.15999984741211	41.529998779296875	41.81999969482422	40.318939208984375	14761600
2023-11-09	42.08000183105469	42.279998779296875	41.290000915527344	41.5	40.01042556762695	19128400
2023-11-10	41.70000076293945	42.150001525878906	41.470001220703125	42.08000183105469	40.56960678100586	11912500
2023-11-13	41.959999084472656	42.90999984741211	41.93000030517578	42.70000076293945	41.167354583740234	16332100
2023-11-14	43.11000061035156	44.77000045776367	43.099998474121094	44.36000061035156	42.76776885986328	26218500
2023-11-15	44.47999954223633	45.220001220703125	44.47999954223633	44.880001068115234	43.269107818603516	18894900
2023-11-16	44.7599983215332	45.099998474121094	44.31999969482422	44.66999816894531	43.0666389465332	14744800
2023-11-17	44.939998626708984	45.38999938964844	44.650001525878906	45.36000061035156	43.73188018798828	15573100
2023-11-20	45.279998779296875	45.7400016784668	45.209999084472656	45.2599983215332	43.635459899902344	19670300
2023-11-21	45.119998931884766	45.33000183105469	44.70000076293945	45.09000015258789	43.4715690612793	14466700
2023-11-22	45.310001373291016	45.31999969482422	44.84000015258789	45.02000045776367	43.40407943725586	9441200
2023-11-24	44.88999938964844	45.52000045776367	44.84000015258789	45.22999954223633	43.60654067993164	5941000
2023-11-27	44.959999084472656	45.189998626708984	44.86000061035156	45.08000183105469	43.46192932128906	14679700
2023-11-28	45.029998779296875	45.040000915527344	44.560001373291016	44.86000061035156	43.24982452392578	14064700
2023-11-29	45.22999954223633	46.029998779296875	45.15999984741211	45.75	44.107879638671875	14027600
2023-11-30	45.790000915527344	46.16999816894531	45.58000183105469	46.099998474121094	44.4453125	16249000
2023-12-01	46.0	47.2599983215332	45.88999938964844	47.22999954223633	45.53475570678711	20050200
2023-12-04	46.790000915527344	47.47999954223633	46.70000076293945	47.369998931884766	45.66973114013672	19351000
2023-12-05	47.0099983215332	47.380001068115234	46.40999984741211	46.70000076293945	45.023780822753906	14813100
2023-12-06	47.79999923706055	49.119998931884766	47.779998779296875	47.86000061035156	46.14214324951172	33903400
2023-12-07	47.939998626708984	48.7599983215332	47.779998779296875	48.5	46.75917434692383	14896800
2023-12-08	48.5099983215332	49.16999816894531	48.41999816894531	48.88999938964844	47.13517761230469	17578800
2023-12-11	48.75	48.95000076293945	48.119998931884766	48.150001525878906	46.42173385620117	17666000
2023-12-12	48.0099983215332	48.11000061035156	47.709999084472656	48.060001373291016	46.334964752197266	14735600
2023-12-13	48.0	49.529998779296875	47.86000061035156	49.34000015258789	47.56902313232422	22212500
2023-12-14	50.0099983215332	51.54999923706055	50.0099983215332	50.2400016784668	48.43672180175781	51664900
2023-12-15	49.689998626708984	50.099998474121094	49.20000076293945	49.83000183105469	48.04143524169922	35151100
2023-12-18	50.15999984741211	50.560001373291016	49.54999923706055	49.65999984741211	47.877532958984375	17871400
2023-12-19	49.41999816894531	51.310001373291016	49.16999816894531	50.93000030517578	49.101951599121094	23161500
2023-12-20	50.70000076293945	51.09000015258789	49.869998931884766	50.06999969482422	48.2728157043457	17452100
2023-12-21	50.40999984741211	50.66999816894531	49.970001220703125	50.599998474121094	48.783790588378906	13089000
2023-12-22	50.72999954223633	51.2599983215332	50.689998626708984	50.86000061035156	49.034461975097656	14433000
2023-12-26	50.880001068115234	51.529998779296875	50.790000915527344	51.34000015258789	49.49723434448242	11501500
2023-12-27	51.13999938964844	51.58000183105469	50.93000030517578	51.459999084472656	49.6129264831543	9901300
2023-12-28	51.400001525878906	51.79999923706055	51.400001525878906	51.52000045776367	49.670772552490234	10218500
2023-12-29	51.560001373291016	51.61000061035156	51.220001220703125	51.439998626708984	49.59364318847656	13147900
2024-01-02	51.29999923706055	53.150001525878906	51.189998626708984	53.040000915527344	51.13621520996094	24784900
2024-01-03	53.25	54.369998931884766	52.22999954223633	53.63999938964844	51.714683532714844	30897600
2024-01-04	53.91999816894531	54.75	53.65999984741211	53.77000045776367	51.84001159667969	23714300
2024-01-05	54.029998779296875	54.66999816894531	53.88999938964844	54.33000183105469	52.37991714477539	17776500
2024-01-08	53.9900016784668	54.09000015258789	53.02000045776367	54.0099983215332	52.07139205932617	17359500
2024-01-09	53.849998474121094	53.90999984741211	53.27000045776367	53.47999954223633	51.560420989990234	17237400
2024-01-10	53.04999923706055	53.220001220703125	52.61000061035156	53.02000045776367	51.1169319152832	16532700
2024-01-11	51.84000015258789	52.13999938964844	51.2599983215332	52.08000183105469	50.21067428588867	25444400
2024-01-12	52.29999923706055	53.849998474121094	51.27000045776367	52.619998931884766	50.73128890991211	37900600
2024-01-16	51.779998779296875	52.220001220703125	50.869998931884766	51.869998931884766	50.008209228515625	21209400
2024-01-17	51.11000061035156	51.689998626708984	51.0	51.36000061035156	49.516517639160156	17393500
2024-01-18	51.45000076293945	51.58000183105469	50.5099983215332	51.11000061035156	49.27548599243164	15788100
2024-01-19	51.119998931884766	51.68000030517578	50.619998931884766	51.52000045776367	49.670772552490234	18200500
2024-01-22	51.9900016784668	53.099998474121094	51.95000076293945	52.84000015258789	50.943389892578125	21573200
2024-01-23	52.90999984741211	53.40999984741211	52.59000015258789	53.29999923706055	51.386878967285156	12962500
2024-01-24	53.540000915527344	53.650001525878906	52.9900016784668	53.2599983215332	51.34831619262695	14402200
2024-01-25	53.400001525878906	53.77000045776367	53.040000915527344	53.72999954223633	51.801448822021484	15634000
2024-01-26	53.86000061035156	53.9900016784668	53.61000061035156	53.66999816894531	51.74360275268555	14041200
2024-01-29	53.470001220703125	54.22999954223633	53.439998626708984	54.11000061035156	52.167808532714844	12158300
2024-01-30	55.040000915527344	57.20000076293945	55.0099983215332	57.09000015258789	55.04084777832031	40086100
2024-01-31	56.7400016784668	57.95000076293945	56.13999938964844	56.16999816894531	54.153865814208984	28967800
2024-02-01	56.02000045776367	56.59000015258789	54.849998474121094	56.060001373291016	54.047821044921875	21178700
2024-02-02	55.599998474121094	55.97999954223633	54.9900016784668	55.540000915527344	54.05754852294922	19269000
2024-02-05	54.939998626708984	55.13999938964844	54.11000061035156	54.5	53.045310974121094	14040600
2024-02-06	54.380001068115234	54.970001220703125	54.11000061035156	54.349998474121094	52.89931106567383	14832700
2024-02-07	54.5	54.70000076293945	53.77000045776367	54.540000915527344	53.0842399597168	13383300
2024-02-08	54.18000030517578	54.4900016784668	53.59000015258789	54.290000915527344	52.84091567993164	15822200
2024-02-09	54.290000915527344	54.439998626708984	53.529998779296875	53.9900016784668	52.54892349243164	13843300
2024-02-12	53.56999969482422	54.540000915527344	53.0	53.91999816894531	52.48078536987305	17162300
2024-02-13	53.290000915527344	53.459999084472656	52.2400016784668	52.7599983215332	51.351749420166016	17672100
2024-02-14	53.63999938964844	54.099998474121094	53.59000015258789	53.97999954223633	52.539188385009766	14891900
2024-02-15	54.220001220703125	55.47999954223633	54.13999938964844	55.209999084472656	53.73635482788086	16865000
2024-02-16	54.959999084472656	55.20000076293945	54.54999923706055	54.849998474121094	53.38596725463867	11513000
2024-02-20	54.58000183105469	55.65999984741211	54.36000061035156	55.41999816894531	53.94075012207031	16537900
2024-02-21	55.2599983215332	55.459999084472656	54.97999954223633	55.33000183105469	53.853153228759766	9321800
2024-02-22	55.439998626708984	56.470001220703125	55.40999984741211	55.900001525878906	54.40793991088867	12904800
2024-02-23	55.9900016784668	56.34000015258789	55.75	55.93000030517578	54.437137603759766	11668900
2024-02-26	55.959999084472656	56.5099983215332	55.34000015258789	55.36000061035156	53.88235092163086	12307100
2024-02-27	55.68000030517578	55.91999816894531	55.220001220703125	55.709999084472656	54.2230110168457	11039300
2024-02-28	55.52000045776367	56.18000030517578	54.9900016784668	55.04999923706055	53.580631256103516	13448100
2024-02-29	55.5	55.650001525878906	54.63999938964844	55.4900016784668	54.00888442993164	23744600
2024-03-01	55.47999954223633	55.95000076293945	55.06999969482422	55.599998474121094	54.115943908691406	12431100
2024-03-04	55.40999984741211	56.56999969482422	55.290000915527344	56.13999938964844	54.641536712646484	14314700
2024-03-05	55.75	57.560001373291016	55.75	56.2599983215332	54.758331298828125	19653900
2024-03-06	57.06999969482422	57.54999923706055	56.0099983215332	57.290000915527344	55.760841369628906	17845000
2024-03-07	57.540000915527344	58.119998931884766	57.029998779296875	57.720001220703125	56.179359436035156	14720300
2024-03-08	58.040000915527344	58.38999938964844	57.2599983215332	57.5099983215332	55.9749641418457	13026300
2024-03-11	57.150001525878906	57.540000915527344	56.630001068115234	57.40999984741211	55.87763595581055	9176900
2024-03-12	57.5099983215332	57.93000030517578	57.08000183105469	57.45000076293945	55.916568756103516	10954000
2024-03-13	57.5	58.369998931884766	57.459999084472656	57.7599983215332	56.218292236328125	12982800
2024-03-14	58.33000183105469	58.66999816894531	56.63999938964844	57.09000015258789	55.56617736816406	18833600
2024-03-15	56.45000076293945	57.75	56.45000076293945	57.61000061035156	56.072296142578125	26160800
2024-03-18	57.849998474121094	58.65999984741211	57.560001373291016	58.630001068115234	57.06507110595703	13994600
2024-03-19	58.59000015258789	59.31999969482422	58.540000915527344	58.86000061035156	57.28893280029297	13455300
2024-03-20	58.4900016784668	60.34000015258789	58.459999084472656	60.130001068115234	58.5250358581543	20269900
2024-03-21	60.310001373291016	61.54999923706055	60.310001373291016	61.33000183105469	59.6930046081543	17892100
2024-03-22	61.040000915527344	61.66999816894531	60.58000183105469	60.81999969482422	59.196617126464844	16204600
2024-03-25	60.88999938964844	61.52000045776367	60.58000183105469	60.95000076293945	59.32314682006836	12040300
2024-03-26	61.150001525878906	61.95000076293945	61.0	61.65999984741211	60.014198303222656	17947400
2024-03-27	62.029998779296875	62.7599983215332	61.720001220703125	62.75	61.075103759765625	16684400
2024-03-28	62.72999954223633	63.369998931884766	62.58000183105469	63.2400016784668	61.552024841308594	19012000
2024-04-01	63.599998474121094	63.900001525878906	63.02000045776367	63.459999084472656	61.766151428222656	14223900
2024-04-02	62.650001525878906	63.59000015258789	62.650001525878906	62.84000015258789	61.16270065307617	16062000
2024-04-03	62.86000061035156	63.38999938964844	61.52000045776367	61.689998626708984	60.043392181396484	18079900
2024-04-04	62.150001525878906	62.7400016784668	60.75	60.90999984741211	59.284217834472656	13401100
2024-04-05	60.81999969482422	62.040000915527344	60.41999816894531	61.599998474121094	59.9557991027832	12680600
2024-04-08	61.66999816894531	62.31999969482422	61.65999984741211	61.72999954223633	60.08232498168945	10708300
2024-04-09	61.75	62.09000015258789	60.90999984741211	61.65999984741211	60.014198303222656	10303000
2024-04-10	60.52000045776367	61.310001373291016	59.970001220703125	60.18000030517578	58.57370376586914	18088000
2024-04-11	60.349998474121094	60.88999938964844	59.5	60.709999084472656	59.08955001831055	18181900
2024-04-12	62.290000915527344	62.599998474121094	58.75	59.68000030517578	58.0870475769043	28556400
2024-04-15	60.18000030517578	60.90999984741211	58.189998626708984	58.560001373291016	56.996944427490234	19242300
2024-04-16	58.18000030517578	58.54999923706055	56.7400016784668	57.02000045776367	55.498043060302734	23211400
2024-04-17	57.4900016784668	58.88999938964844	57.36000061035156	58.16999816894531	56.617347717285156	15971600
2024-04-18	58.4900016784668	58.970001220703125	57.93000030517578	58.31999969482422	56.76334762573242	12272500
2024-04-19	58.22999954223633	59.439998626708984	58.22999954223633	59.13999938964844	57.561458587646484	13367600
2024-04-22	59.439998626708984	61.060001373291016	59.20000076293945	60.95000076293945	59.32314682006836	14513100
2024-04-23	61.08000183105469	62.77000045776367	61.02000045776367	62.66999816894531	60.99723815917969	17427800
2024-04-24	62.130001068115234	62.72999954223633	61.84000015258789	62.470001220703125	60.802574157714844	10123000
2024-04-25	61.84000015258789	62.43000030517578	61.099998474121094	61.790000915527344	60.140724182128906	13339100
2024-04-26	61.5099983215332	63.22999954223633	61.5099983215332	62.65999984741211	60.98750686645508	16364100
2024-04-29	62.7400016784668	63.36000061035156	61.959999084472656	62.2599983215332	60.598182678222656	10857100
2024-04-30	61.90999984741211	62.34000015258789	61.290000915527344	61.33000183105469	59.6930046081543	11163400
2024-05-01	61.47999954223633	62.27000045776367	60.880001068115234	61.349998474121094	59.71247100830078	14086600
2024-05-02	62.189998626708984	62.189998626708984	60.97999954223633	61.540000915527344	59.897403717041016	11292500
2024-05-03	61.5099983215332	62.150001525878906	61.40999984741211	61.52000045776367	60.39809799194336	11048900
2024-05-06	62.060001373291016	62.939998626708984	61.720001220703125	62.810001373291016	61.664573669433594	13386700
2024-05-07	62.81999969482422	63.15999984741211	61.970001220703125	62.0	60.869346618652344	10158200
2024-05-08	61.63999938964844	62.95000076293945	61.5099983215332	62.75	61.60566711425781	9755200
2024-05-09	62.380001068115234	63.43000030517578	62.290000915527344	63.31999969482422	62.1652717590332	11563000
2024-05-10	63.58000183105469	63.91999816894531	63.119998931884766	63.529998779296875	62.37144088745117	9548700
2024-05-13	63.619998931884766	63.95000076293945	63.369998931884766	63.400001525878906	62.24381637573242	6617900
2024-05-14	63.5099983215332	63.970001220703125	63.22999954223633	63.59000015258789	62.43034744262695	8322500
2024-05-15	63.630001068115234	64.38999938964844	63.599998474121094	64.23999786376953	63.0684928894043	9461300
2024-05-16	64.0999984741211	64.47000122070312	63.43000030517578	64.13999938964844	62.97031784057617	11682200
2024-05-17	64.37999725341797	64.55000305175781	63.900001525878906	64.06999969482422	62.90159606933594	8418400
2024-05-20	64.06999969482422	64.25	62.91999816894531	63.15999984741211	62.00819396972656	11792100
2024-05-21	63.2599983215332	64.87999725341797	63.20000076293945	64.73999786376953	63.55937957763672	11197200
2024-05-22	64.29000091552734	64.9800033569336	63.63999938964844	63.81999969482422	62.65615463256836	8855300
2024-05-23	63.79999923706055	64.02999877929688	62.5	63.02000045776367	61.87074279785156	11535000
2024-05-24	63.33000183105469	63.970001220703125	63.27000045776367	63.58000183105469	62.4205322265625	9424600
2024-05-28	63.22999954223633	63.56999969482422	62.349998474121094	62.45000076293945	61.31113815307617	8404400
2024-05-29	61.560001373291016	62.18000030517578	61.20000076293945	62.0099983215332	60.8791618347168	7224200
2024-05-30	62.099998474121094	62.47999954223633	61.61000061035156	61.93000030517578	60.80062484741211	10072800
2024-05-31	62.0	62.38999938964844	61.439998626708984	62.310001373291016	61.17369079589844	17351600
2024-06-03	62.91999816894531	63.0	61.31999969482422	61.91999816894531	60.79079818725586	11373900
2024-06-04	61.02000045776367	62.029998779296875	60.7599983215332	61.029998779296875	59.91703414916992	10424200
2024-06-05	61.279998779296875	61.86000061035156	60.93000030517578	61.77000045776367	60.64353942871094	8780700
2024-06-06	61.79999923706055	62.04999923706055	61.25	61.939998626708984	60.81044006347656	8537900
2024-06-07	61.599998474121094	62.59000015258789	61.58000183105469	61.779998779296875	60.65335464477539	8260800
2024-06-10	61.25	61.65999984741211	60.7400016784668	61.43000030517578	60.30974197387695	9302300
2024-06-11	60.77000045776367	60.790000915527344	58.900001525878906	59.13999938964844	58.061500549316406	16966800
2024-06-12	60.90999984741211	61.209999084472656	59.900001525878906	60.0099983215332	58.91563415527344	15398500
2024-06-13	59.75	60.369998931884766	59.150001525878906	60.22999954223633	59.131622314453125	9358200
2024-06-14	59.439998626708984	59.83000183105469	58.65999984741211	59.33000183105469	58.2480354309082	10511000
2024-06-17	59.220001220703125	60.529998779296875	58.849998474121094	60.060001373291016	58.9647216796875	15527500
2024-06-18	60.369998931884766	61.630001068115234	60.09000015258789	60.779998779296875	59.671592712402344	15768100
2024-06-20	60.41999816894531	61.02000045776367	60.349998474121094	60.619998931884766	59.51450729370117	9519200
2024-06-21	60.20000076293945	60.2599983215332	59.34000015258789	59.9900016784668	58.895999908447266	18976900
2024-06-24	60.099998474121094	61.779998779296875	59.84000015258789	61.34000015258789	60.22138214111328	13290500
2024-06-25	61.20000076293945	61.83000183105469	60.86000061035156	61.58000183105469	60.45700454711914	11729100
2024-06-26	61.22999954223633	61.40999984741211	60.560001373291016	61.25	60.13302230834961	12409300
2024-06-27	61.5	61.93000030517578	60.959999084472656	61.54999923706055	60.42755126953125	11285100
2024-06-28	62.029998779296875	63.58000183105469	61.810001373291016	63.459999084472656	62.30271911621094	20053200
2024-07-01	63.650001525878906	64.30000305175781	62.9900016784668	63.43000030517578	62.27326583862305	15334400
2024-07-02	63.290000915527344	64.70999908447266	63.279998779296875	64.68000030517578	63.50047302246094	10965600
2024-07-03	64.68000030517578	65.22000122070312	64.41000366210938	64.45999908447266	63.28448486328125	6574100
2024-07-05	64.5	64.55999755859375	63.75	64.02999877929688	62.86232376098633	7226200
2024-07-08	64.30000305175781	64.87000274658203	64.22000122070312	64.73999786376953	63.55937957763672	10349000
2024-07-09	64.80000305175781	66.76000213623047	64.73999786376953	66.55000305175781	65.33637237548828	16904300
2024-07-10	66.26000213623047	66.98999786376953	66.22000122070312	66.9800033569336	65.75853729248047	9817100
2024-07-11	66.19000244140625	66.5	65.30999755859375	65.70999908447266	64.51168823242188	20112300
2024-07-12	66.61000061035156	66.69000244140625	63.349998474121094	64.5199966430664	63.343387603759766	30125400
2024-07-15	64.68000030517578	65.55000305175781	63.880001068115234	65.13999938964844	63.952083587646484	16656600
2024-07-16	65.0	67.5199966430664	64.69999694824219	67.2699966430664	66.0432357788086	21170200
2024-07-17	66.83999633789062	67.80999755859375	66.62000274658203	67.61000061035156	66.37704467773438	17215300
2024-07-18	67.55000305175781	67.75	64.83999633789062	64.88999938964844	63.70663833618164	15796200
2024-07-19	64.93000030517578	65.9800033569336	64.55000305175781	65.13999938964844	63.952083587646484	8583100
2024-07-22	65.13999938964844	65.6500015258789	64.1500015258789	64.5	63.323753356933594	9925100
2024-07-23	64.51000213623047	65.04000091552734	64.27999877929688	64.66000366210938	63.48084259033203	6961200
2024-07-24	64.4000015258789	64.66999816894531	63.560001373291016	63.65999984741211	62.49906921386719	11591100
2024-07-25	63.810001373291016	65.6500015258789	63.34000015258789	64.37000274658203	63.196128845214844	12819700
2024-07-26	64.55000305175781	65.6500015258789	64.44000244140625	65.18000030517578	63.99135208129883	9661300
2024-07-29	65.30000305175781	65.33999633789062	64.13999938964844	64.30000305175781	63.127403259277344	7901900
2024-07-30	65.01000213623047	66.2300033569336	65.01000213623047	65.87000274658203	64.66876983642578	13554300
2024-07-31	65.91000366210938	66.02999877929688	64.83000183105469	64.87999725341797	63.69682312011719	15046500
2024-08-01	65.08000183105469	65.22000122070312	61.95000076293945	63.279998779296875	62.12600326538086	18052700
2024-08-02	59.66999816894531	60.599998474121094	58.400001525878906	58.7599983215332	57.68842697143555	30289300
2024-08-05	54.08000183105469	56.900001525878906	53.5099983215332	56.209999084472656	55.71592330932617	27977300
2024-08-06	56.38999938964844	57.65999984741211	56.09000015258789	56.560001373291016	56.06284713745117	16643100
2024-08-07	58.16999816894531	58.45000076293945	55.869998931884766	56.11000061035156	55.61680221557617	19221200
2024-08-08	56.849998474121094	58.36000061035156	56.810001373291016	58.0	57.49018859863281	17933300
2024-08-09	58.029998779296875	58.459999084472656	57.45000076293945	57.84000015258789	57.33159637451172	11421000
2024-08-12	58.29999923706055	58.68000030517578	57.72999954223633	57.84000015258789	57.33159637451172	15123500
2024-08-13	58.22999954223633	58.290000915527344	57.77000045776367	58.150001525878906	57.63887405395508	7478500
2024-08-14	58.369998931884766	59.529998779296875	58.279998779296875	59.279998779296875	58.75893783569336	12419500
2024-08-15	60.34000015258789	61.0099983215332	60.099998474121094	60.52000045776367	59.988040924072266	14159000
2024-08-16	60.33000183105469	61.52000045776367	60.33000183105469	61.400001525878906	60.86030578613281	9939700
2024-08-19	61.5	62.04999923706055	61.349998474121094	62.029998779296875	61.484764099121094	8882500
2024-08-20	61.59000015258789	61.70000076293945	61.09000015258789	61.310001373291016	60.771095275878906	8661300
2024-08-21	61.400001525878906	61.45000076293945	59.880001068115234	60.529998779296875	59.99795150756836	14414900
2024-08-22	60.75	60.75	60.11000061035156	60.41999816894531	59.888916015625	7848500
2024-08-23	60.869998931884766	62.459999084472656	60.7400016784668	62.13999938964844	61.59379959106445	13299700
2024-08-26	62.36000061035156	62.599998474121094	61.56999969482422	61.790000915527344	61.24687576293945	9384200
2024-08-27	61.90999984741211	62.18000030517578	61.459999084472656	61.68000030517578	61.13784408569336	7294800
2024-08-28	61.349998474121094	61.9900016784668	61.150001525878906	61.58000183105469	61.03872299194336	7692900
2024-08-29	62.0099983215332	62.220001220703125	61.16999816894531	61.880001068115234	61.33608627319336	8368000
2024-08-30	61.95000076293945	62.70000076293945	61.65999984741211	62.63999938964844	62.08940505981445	10806500
2024-09-03	62.040000915527344	62.38999938964844	60.970001220703125	61.459999084472656	60.919776916503906	11055200
2024-09-04	61.56999969482422	62.06999969482422	60.40999984741211	60.959999084472656	60.424171447753906	11436800
2024-09-05	61.61000061035156	61.790000915527344	60.34000015258789	60.630001068115234	60.09707260131836	10243900
2024-09-06	60.70000076293945	61.08000183105469	58.79999923706055	59.09000015258789	58.57061004638672	14094000
2024-09-09	59.90999984741211	60.66999816894531	58.16999816894531	59.540000915527344	59.01665496826172	19811700
2024-09-10	59.88999938964844	59.88999938964844	56.689998626708984	57.95000076293945	57.44062805175781	22482300
2024-09-11	57.59000015258789	57.59000015258789	56.18000030517578	57.29999923706055	56.79634094238281	16569400
2024-09-12	57.369998931884766	57.86000061035156	56.83000183105469	57.33000183105469	56.826080322265625	12944600
2024-09-13	57.709999084472656	58.279998779296875	57.43000030517578	57.66999816894531	57.163089752197266	10379400
2024-09-16	57.93000030517578	58.790000915527344	57.93000030517578	58.38999938964844	57.87676239013672	9912700
2024-09-17	58.86000061035156	59.40999984741211	58.7599983215332	59.290000915527344	58.76885223388672	10630400
2024-09-18	59.75	60.880001068115234	59.290000915527344	59.900001525878906	59.37348937988281	13638700
2024-09-19	60.91999816894531	63.16999816894531	60.599998474121094	63.02000045776367	62.466064453125	21860600
2024-09-20	62.52000045776367	62.650001525878906	61.68000030517578	62.13999938964844	61.59379959106445	18331800
2024-09-23	62.220001220703125	62.869998931884766	62.16999816894531	62.58000183105469	62.02993392944336	11508200
2024-09-24	62.68000030517578	62.900001525878906	61.119998931884766	61.369998931884766	60.83056640625	12046200
2024-09-25	61.119998931884766	61.290000915527344	60.11000061035156	60.380001068115234	59.84926986694336	12763800
2024-09-26	61.04999923706055	62.0	60.86000061035156	61.709999084472656	61.167579650878906	12844500
2024-09-27	62.0099983215332	62.61000061035156	61.790000915527344	61.869998931884766	61.326171875	8144600
2024-09-30	61.68000030517578	62.63999938964844	61.2400016784668	62.599998474121094	62.04975509643555	11316400
2024-10-01	62.220001220703125	62.349998474121094	61.0099983215332	61.810001373291016	61.266700744628906	13550100
2024-10-02	61.70000076293945	62.529998779296875	61.310001373291016	62.029998779296875	61.484764099121094	7380800
2024-10-03	61.5	61.65999984741211	60.93000030517578	61.310001373291016	60.771095275878906	7939800
2024-10-04	62.470001220703125	62.93000030517578	61.810001373291016	62.63999938964844	62.08940505981445	10097900
2024-10-07	62.4900016784668	63.029998779296875	62.06999969482422	62.599998474121094	62.04975509643555	6954300
2024-10-08	62.900001525878906	63.36000061035156	62.4900016784668	63.2400016784668	62.68413162231445	8245700
2024-10-09	63.16999816894531	64.25	63.040000915527344	64.12000274658203	63.556396484375	8636400
2024-10-10	64.0	64.11000061035156	63.11000061035156	63.47999954223633	62.922019958496094	8708600
2024-10-11	64.12000274658203	66.0999984741211	64.0999984741211	65.73999786376953	65.16215515136719	15512400
2024-10-14	65.80999755859375	66.43000030517578	65.6500015258789	66.01000213623047	65.4297866821289	14682900
2024-10-15	66.75	67.16000366210938	62.529998779296875	62.63999938964844	62.08940505981445	35348100
2024-10-16	63.439998626708984	64.44000244140625	63.400001525878906	64.25	63.68525314331055	20208800
2024-10-17	64.7300033569336	65.16999816894531	63.77000045776367	63.970001220703125	63.40771484375	13439600
2024-10-18	64.12000274658203	64.12000274658203	62.72999954223633	62.849998474121094	62.29755783081055	13841200
2024-10-21	62.790000915527344	62.90999984741211	61.72999954223633	61.83000183105469	61.28652572631836	12188500
2024-10-22	61.59000015258789	63.689998626708984	61.29999923706055	63.560001373291016	63.001319885253906	14347300
2024-10-23	63.18000030517578	63.630001068115234	62.619998931884766	63.099998474121094	62.54536056518555	8720500
2024-10-24	63.0099983215332	63.29999923706055	62.38999938964844	63.0	62.44623947143555	11420300
2024-10-25	63.650001525878906	63.7400016784668	61.689998626708984	61.7599983215332	61.21713638305664	9697800
2024-10-28	62.349998474121094	64.3499984741211	62.220001220703125	64.16000366210938	63.596046447753906	14637700
2024-10-29	64.06999969482422	64.93000030517578	63.83000183105469	64.69000244140625	64.12139129638672	13134100
2024-10-30	64.19999694824219	65.2300033569336	64.13999938964844	64.5	63.93305587768555	11717600
2024-10-31	64.55999755859375	65.0199966430664	64.08999633789062	64.16999816894531	63.605953216552734	10042800
2024-11-01	64.33000183105469	64.80999755859375	63.689998626708984	63.709999084472656	63.14999771118164	11557700
2024-11-04	62.9900016784668	63.630001068115234	62.22999954223633	62.349998474121094	62.349998474121094	9419600
2024-11-05	63.0	63.7400016784668	62.72999954223633	63.66999816894531	63.66999816894531	12649800
2024-11-06	68.4000015258789	70.08999633789062	68.29000091552734	69.02999877929688	69.02999877929688	41957700
2024-11-07	68.19999694824219	68.94999694824219	67.76000213623047	68.11000061035156	68.11000061035156	18582000
2024-11-08	68.72000122070312	69.12999725341797	68.08999633789062	68.62999725341797	68.62999725341797	14973300
2024-11-11	69.5	70.19999694824219	69.19999694824219	69.80000305175781	69.80000305175781	19173100
2024-11-12	69.52999877929688	69.98999786376953	68.87000274658203	69.0199966430664	69.0199966430664	15766500
2024-11-13	69.06999969482422	69.79000091552734	68.80999755859375	68.88999938964844	68.88999938964844	10525300
2024-11-14	69.30000305175781	69.30000305175781	67.47000122070312	68.1500015258789	68.1500015258789	15043500
2024-11-15	68.0	68.95999908447266	67.88999938964844	68.76000213623047	68.76000213623047	15372900
2024-11-18	68.68000030517578	69.27999877929688	68.37000274658203	69.0	69.0	11519700
2024-11-19	68.0	68.88999938964844	67.69999694824219	68.5999984741211	68.5999984741211	14428200
2024-11-20	69.13999938964844	69.48999786376953	68.0	68.27999877929688	68.27999877929688	10495600
2024-11-21	68.80000305175781	69.47000122070312	68.41000366210938	68.94999694824219	68.94999694824219	11390300
2024-11-22	68.91000366210938	70.19999694824219	68.44999694824219	69.83999633789062	69.83999633789062	16671600
2024-11-25	70.44000244140625	71.19000244140625	70.02999877929688	70.75	70.75	19558100
2024-11-26	70.36000061035156	70.4800033569336	69.33000183105469	69.75	69.75	11605200
2024-11-27	69.7699966430664	70.4000015258789	69.66000366210938	70.16000366210938	70.16000366210938	9736100
2024-11-29	70.2699966430664	71.08999633789062	70.22000122070312	70.87000274658203	70.87000274658203	8606500
2024-12-02	71.26000213623047	71.6500015258789	70.87999725341797	71.38999938964844	71.38999938964844	11932600
2024-12-03	72.19000244140625	72.80000305175781	71.2699966430664	71.41999816894531	71.41999816894531	17544200
2024-12-04	71.5	71.72000122070312	70.5	71.5	71.5	12331900
2024-12-05	71.83000183105469	72.8499984741211	71.63999938964844	72.2300033569336	72.2300033569336	14307600
2024-12-06	72.30999755859375	72.5999984741211	71.70999908447266	72.1500015258789	72.1500015258789	8781100
2024-12-09	72.30000305175781	72.80000305175781	71.83999633789062	71.86000061035156	71.86000061035156	11957500
2024-12-10	72.0	73.37999725341797	71.58000183105469	72.5	72.5	16833400
2024-12-11	73.0	73.26000213623047	71.2699966430664	71.95999908447266	71.95999908447266	22533600
2024-12-12	71.86000061035156	72.33000183105469	71.41000366210938	71.43000030517578	71.43000030517578	8893000
2024-12-13	71.70999908447266	71.91000366210938	70.76000213623047	71.01000213623047	71.01000213623047	9819900
2024-12-16	71.2699966430664	71.7699966430664	70.83000183105469	71.48999786376953	71.48999786376953	11833800
2024-12-17	70.9000015258789	71.3499984741211	70.80000305175781	71.12000274658203	71.12000274658203	12639000
2024-12-18	71.18000030517578	71.47000122070312	67.91999816894531	68.12000274658203	68.12000274658203	18028000
2024-12-19	69.20999908447266	69.83999633789062	68.31999969482422	68.41999816894531	68.41999816894531	13464300
2024-12-20	68.29000091552734	70.26000213623047	68.02999877929688	69.19000244140625	69.19000244140625	27720100
2024-12-23	69.36000061035156	69.87999725341797	68.87000274658203	69.7699966430664	69.7699966430664	8248000
2024-12-24	70.0999984741211	71.20999908447266	69.94000244140625	71.0	71.0	6544900
2024-12-26	70.54000091552734	71.47000122070312	70.51000213623047	71.3499984741211	71.3499984741211	6341700
2024-12-27	70.86000061035156	71.52999877929688	70.54000091552734	71.0	71.0	7743100
2024-12-30	70.18000030517578	70.83000183105469	69.79000091552734	70.38999938964844	70.38999938964844	6664400
2024-12-31	70.55000305175781	70.95999908447266	70.1500015258789	70.38999938964844	70.38999938964844	6393000
2025-01-02	70.94000244140625	71.16000366210938	69.6500015258789	69.94000244140625	69.94000244140625	9827400
2025-01-03	70.87999725341797	71.08999633789062	69.8499984741211	71.0	71.0	11342900
2025-01-06	72.2300033569336	73.98999786376953	71.87999725341797	72.73999786376953	72.73999786376953	19199700
2025-01-07	73.9000015258789	74.29000091552734	72.73999786376953	73.68000030517578	73.68000030517578	18309400
2025-01-08	73.44999694824219	73.47000122070312	72.69000244140625	73.26000213623047	73.26000213623047	13742800
2025-01-10	72.45999908447266	72.45999908447266	71.0199966430664	71.4000015258789	71.4000015258789	13217700
2025-01-13	70.9800033569336	73.0	70.9800033569336	72.7699966430664	72.7699966430664	16720600
2025-01-14	73.31999969482422	73.98999786376953	73.13999938964844	73.5	73.5	19576000
2025-01-15	76.19999694824219	79.25	75.86000061035156	78.2699966430664	78.2699966430664	44903000
2025-01-16	77.83000183105469	78.76000213623047	77.76000213623047	78.51000213623047	78.51000213623047	21463100
2025-01-17	78.55000305175781	80.44999694824219	78.16000366210938	79.98999786376953	79.98999786376953	22071100
