Date	Open	High	Low	Close	Adj Close	Volume
2022-01-21	14.40999984741211	14.680000305175781	14.279999732971191	14.390000343322754	8.786225318908691	1740400
2022-01-24	14.079999923706055	14.279999732971191	13.960000038146973	14.140000343322754	8.633580207824707	1438100
2022-01-25	14.079999923706055	14.699999809265137	13.989999771118164	14.670000076293945	8.957186698913574	1384500
2022-01-26	14.859999656677246	15.0	14.640000343322754	14.720000267028809	8.987715721130371	1027700
2022-01-27	14.859999656677246	14.960000038146973	14.510000228881836	14.609999656677246	8.920552253723145	644200
2022-01-28	14.569999694824219	14.770000457763672	14.399999618530273	14.649999618530273	8.944974899291992	929200
2022-01-31	14.600000381469727	14.829999923706055	14.479999542236328	14.739999771118164	8.999927520751953	807300
2022-02-01	14.710000038146973	14.880000114440918	14.609999656677246	14.720000267028809	8.987715721130371	1072200
2022-02-02	14.640000343322754	14.8100004196167	14.579999923706055	14.699999809265137	8.975503921508789	446900
2022-02-03	14.710000038146973	14.710000038146973	14.229999542236328	14.399999618530273	8.792330741882324	1171400
2022-02-04	14.59000015258789	14.880000114440918	14.399999618530273	14.729999542236328	8.993821144104004	987300
2022-02-07	14.720000267028809	14.880000114440918	14.569999694824219	14.829999923706055	9.054879188537598	781500
2022-02-08	14.729999542236328	14.850000381469727	14.600000381469727	14.680000305175781	8.963292121887207	893500
2022-02-09	14.800000190734863	14.859999656677246	14.649999618530273	14.6899995803833	8.96939754486084	516700
2022-02-10	14.59000015258789	15.050000190734863	14.550000190734863	14.579999923706055	8.902234077453613	1501900
2022-02-11	14.649999618530273	15.15999984741211	14.619999885559082	15.119999885559082	9.23194694519043	1760100
2022-02-14	15.100000381469727	15.109999656677246	14.75	14.899999618530273	9.097620010375977	911500
2022-02-15	14.65999984741211	14.8100004196167	14.550000190734863	14.789999961853027	9.030455589294434	1801400
2022-02-16	14.890000343322754	15.449999809265137	14.819999694824219	15.319999694824219	9.3540620803833	2851100
2022-02-17	15.359999656677246	15.40999984741211	15.130000114440918	15.329999923706055	9.36016845703125	769300
2022-02-18	15.270000457763672	15.369999885559082	15.15999984741211	15.15999984741211	9.256370544433594	737500
2022-02-22	15.520000457763672	15.680000305175781	15.270000457763672	15.40999984741211	9.409014701843262	2027400
2022-02-23	15.510000228881836	15.739999771118164	15.359999656677246	15.600000381469727	9.525025367736816	985400
2022-02-24	15.699999809265137	15.899999618530273	15.34000015258789	15.569999694824219	9.506706237792969	1441200
2022-02-25	15.569999694824219	15.770000457763672	15.420000076293945	15.630000114440918	9.543341636657715	991000
2022-02-28	15.479999542236328	16.190000534057617	15.479999542236328	16.170000076293945	9.873054504394531	1560700
2022-03-01	16.450000762939453	17.139999389648438	16.350000381469727	16.56999969482422	10.11728572845459	1554000
2022-03-02	16.670000076293945	17.209999084472656	16.3700008392334	16.639999389648438	10.160025596618652	1526900
2022-03-03	16.549999237060547	17.15999984741211	16.450000762939453	17.110000610351562	10.446998596191406	1012900
2022-03-04	17.149999618530273	17.540000915527344	17.040000915527344	17.520000457763672	10.697335243225098	1708500
2022-03-07	17.56999969482422	17.899999618530273	17.489999771118164	17.889999389648438	10.923249244689941	2392200
2022-03-08	18.239999771118164	18.399999618530273	17.43000030517578	18.020000457763672	11.00262451171875	2456000
2022-03-09	17.510000228881836	17.850000381469727	17.280000686645508	17.559999465942383	10.721757888793945	1428400
2022-03-10	17.6299991607666	17.90999984741211	17.530000686645508	17.65999984741211	10.782815933227539	2253000
2022-03-11	17.479999542236328	17.989999771118164	17.43000030517578	17.81999969482422	10.880509376525879	1687500
2022-03-14	17.65999984741211	17.719999313354492	16.790000915527344	16.889999389648438	10.312670707702637	2205000
2022-03-15	16.34000015258789	16.719999313354492	15.949999809265137	16.670000076293945	10.178342819213867	1600600
2022-03-16	16.75	16.989999771118164	16.3799991607666	16.65999984741211	10.172237396240234	1219000
2022-03-17	16.989999771118164	17.520000457763672	16.950000762939453	17.510000228881836	10.691229820251465	1484500
2022-03-18	17.440000534057617	17.450000762939453	17.040000915527344	17.170000076293945	10.483633041381836	1319100
2022-03-21	17.440000534057617	18.09000015258789	17.440000534057617	17.979999542236328	10.978200912475586	1204100
2022-03-22	18.049999237060547	18.049999237060547	17.649999618530273	17.850000381469727	10.89882755279541	791900
2022-03-23	18.209999084472656	19.1299991607666	18.1200008392334	18.65999984741211	11.39339542388916	2529800
2022-03-24	18.65999984741211	18.760000228881836	18.34000015258789	18.75	11.448347091674805	1136900
2022-03-25	18.68000030517578	19.100000381469727	18.6299991607666	19.010000228881836	11.607096672058105	1047500
2022-03-28	18.68000030517578	18.81999969482422	18.350000381469727	18.530000686645508	11.314020156860352	1160800
2022-03-29	18.190000534057617	18.639999389648438	18.1299991607666	18.610000610351562	11.362866401672363	1419000
2022-03-30	18.68000030517578	18.969999313354492	18.6299991607666	18.81999969482422	11.491087913513184	827900
2022-03-31	18.530000686645508	18.75	18.420000076293945	18.600000381469727	11.356761932373047	1278100
2022-04-01	18.790000915527344	19.079999923706055	18.6200008392334	18.93000030517578	11.558252334594727	1456900
2022-04-04	18.959999084472656	19.350000381469727	18.860000610351562	19.010000228881836	11.607096672058105	737600
2022-04-05	19.1200008392334	19.489999771118164	19.1200008392334	19.309999465942383	11.790270805358887	1144500
2022-04-06	19.469999313354492	19.59000015258789	18.93000030517578	18.950000762939453	11.570463180541992	1044500
2022-04-07	18.93000030517578	19.200000762939453	18.729999542236328	19.18000030517578	11.710896492004395	778800
2022-04-08	19.270000457763672	19.350000381469727	19.040000915527344	19.1299991607666	11.680366516113281	1027900
2022-04-11	19.1299991607666	19.139999389648438	18.780000686645508	18.81999969482422	11.491087913513184	886400
2022-04-12	19.190000534057617	19.520000457763672	19.010000228881836	19.09000015258789	11.655942916870117	840300
2022-04-13	19.260000228881836	19.459999084472656	18.950000762939453	19.280000686645508	11.771953582763672	1185100
2022-04-14	19.309999465942383	19.670000076293945	19.079999923706055	19.649999618530273	11.997867584228516	1006900
2022-04-18	19.739999771118164	19.809999465942383	19.149999618530273	19.34000015258789	11.808588027954102	1318700
2022-04-19	17.899999618530273	17.979999542236328	17.56999969482422	17.860000610351562	11.815865516662598	1225600
2022-04-20	17.920000076293945	18.059999465942383	17.719999313354492	18.040000915527344	11.934951782226562	860400
2022-04-21	18.06999969482422	18.209999084472656	17.389999389648438	17.469999313354492	11.55784797668457	1164900
2022-04-22	17.350000381469727	17.5	17.229999542236328	17.299999237060547	11.445379257202148	1002900
2022-04-25	16.84000015258789	16.84000015258789	16.219999313354492	16.68000030517578	11.035198211669922	1593700
2022-04-26	16.829999923706055	16.850000381469727	16.459999084472656	16.479999542236328	10.90288257598877	955500
2022-04-27	16.530000686645508	16.760000228881836	16.200000762939453	16.719999313354492	11.061661720275879	1280800
2022-04-28	16.760000228881836	16.760000228881836	16.25	16.68000030517578	11.035198211669922	803300
2022-04-29	16.760000228881836	16.8700008392334	16.1299991607666	16.229999542236328	10.737486839294434	945300
2022-05-02	16.049999237060547	16.239999771118164	15.880000114440918	16.15999984741211	10.69117546081543	1208400
2022-05-03	16.209999084472656	16.549999237060547	16.06999969482422	16.479999542236328	10.90288257598877	1545600
2022-05-04	16.850000381469727	17.100000381469727	16.360000610351562	17.049999237060547	11.279984474182129	2511700
2022-05-05	17.200000762939453	17.200000762939453	16.209999084472656	16.34000015258789	10.810258865356445	1145200
2022-05-06	16.43000030517578	16.43000030517578	16.040000915527344	16.25	10.750717163085938	771800
2022-05-09	16.0	16.040000915527344	15.079999923706055	15.100000381469727	9.989897727966309	1378700
2022-05-10	15.319999694824219	15.550000190734863	14.8100004196167	15.15999984741211	10.029592514038086	1015800
2022-05-11	15.59000015258789	15.59000015258789	15.010000228881836	15.119999885559082	10.003129005432129	1025700
2022-05-12	15.079999923706055	15.180000305175781	14.699999809265137	14.920000076293945	9.87081241607666	959200
2022-05-13	15.069999694824219	15.260000228881836	14.989999771118164	15.149999618530273	10.022976875305176	994400
2022-05-16	15.100000381469727	15.520000457763672	15.100000381469727	15.350000381469727	10.155293464660645	1311700
2022-05-17	15.579999923706055	15.579999923706055	15.329999923706055	15.390000343322754	10.181756019592285	1313800
2022-05-18	15.399999618530273	15.449999809265137	14.100000381469727	14.170000076293945	9.374625205993652	2084200
2022-05-19	14.0	14.489999771118164	13.890000343322754	13.890000343322754	9.18938159942627	2048400
2022-05-20	14.109999656677246	14.369999885559082	13.8100004196167	14.180000305175781	9.381240844726562	1341600
2022-05-23	14.329999923706055	14.699999809265137	14.15999984741211	14.630000114440918	9.678954124450684	1157400
2022-05-24	14.520000457763672	14.630000114440918	14.279999732971191	14.59000015258789	9.652490615844727	1075600
2022-05-25	14.600000381469727	14.9399995803833	14.600000381469727	14.930000305175781	9.87742805480957	1383200
2022-05-26	14.949999809265137	15.279999732971191	14.949999809265137	15.09000015258789	9.983281135559082	1464300
2022-05-27	15.069999694824219	15.319999694824219	14.899999618530273	15.3100004196167	10.128829002380371	1409500
2022-05-31	16.780000686645508	17.559999465942383	16.56999969482422	16.899999618530273	11.180746078491211	3414500
2022-06-01	17.1299991607666	17.399999618530273	17.020000457763672	17.31999969482422	11.458609580993652	1483900
2022-06-02	17.309999465942383	17.309999465942383	17.020000457763672	17.219999313354492	11.392452239990234	900900
2022-06-03	17.149999618530273	17.549999237060547	17.100000381469727	17.469999313354492	11.55784797668457	1096000
2022-06-06	17.520000457763672	17.549999237060547	17.190000534057617	17.209999084472656	11.385836601257324	1142900
2022-06-07	17.149999618530273	17.440000534057617	17.1299991607666	17.43000030517578	11.531384468078613	862500
2022-06-08	17.56999969482422	17.600000381469727	17.049999237060547	17.079999923706055	11.299830436706543	1577600
2022-06-09	16.940000534057617	16.979999542236328	16.43000030517578	16.459999084472656	10.8896484375	980000
2022-06-10	16.170000076293945	16.219999313354492	15.779999732971191	15.930000305175781	10.53901195526123	1086500
2022-06-13	15.720000267028809	15.930000305175781	14.84000015258789	15.09000015258789	9.983281135559082	1367000
2022-06-14	15.279999732971191	15.489999771118164	14.720000267028809	14.920000076293945	9.87081241607666	1366000
2022-06-15	14.960000038146973	15.0600004196167	14.59000015258789	14.850000381469727	9.824501991271973	1075700
2022-06-16	14.479999542236328	14.579999923706055	14.15999984741211	14.380000114440918	9.513558387756348	1454100
2022-06-17	14.119999885559082	14.380000114440918	13.59000015258789	13.680000305175781	9.050450325012207	5979500
2022-06-21	12.449999809265137	12.75	11.75	12.180000305175781	8.058075904846191	4664500
2022-06-22	11.75	11.760000228881836	11.449999809265137	11.539999961853027	7.6346635818481445	3120900
2022-06-23	11.529999732971191	11.699999809265137	10.800000190734863	10.819999694824219	7.158323764801025	3305900
2022-06-24	10.930000305175781	11.239999771118164	10.779999732971191	11.029999732971191	7.297255992889404	1875400
2022-06-27	11.300000190734863	11.970000267028809	11.260000228881836	11.770000457763672	7.78682804107666	2901300
2022-06-28	11.09000015258789	11.539999961853027	11.010000228881836	11.479999542236328	8.194406509399414	3058800
2022-06-29	11.59000015258789	11.6899995803833	11.050000190734863	11.069999694824219	7.901748180389404	2567000
2022-06-30	11.0	11.140000343322754	10.670000076293945	10.859999656677246	7.751850128173828	1655500
2022-07-01	10.829999923706055	11.079999923706055	10.539999961853027	11.079999923706055	7.908886909484863	1286800
2022-07-05	10.859999656677246	10.989999771118164	9.930000305175781	10.1899995803833	7.273606300354004	1721100
2022-07-06	10.109999656677246	10.119999885559082	9.59000015258789	9.890000343322754	7.05946683883667	1346600
2022-07-07	10.130000114440918	10.420000076293945	10.130000114440918	10.300000190734863	7.352123737335205	1094800
2022-07-08	10.369999885559082	10.5	10.130000114440918	10.380000114440918	7.4092278480529785	1009100
2022-07-11	10.149999618530273	10.180000305175781	9.90999984741211	10.0600004196167	7.180812835693359	1275000
2022-07-12	9.84000015258789	10.119999885559082	9.75	9.960000038146973	7.109432697296143	1666800
2022-07-13	9.8100004196167	10.15999984741211	9.800000190734863	10.050000190734863	7.173674583435059	891600
2022-07-14	9.729999542236328	9.75	9.34000015258789	9.520000457763672	6.79536247253418	1891600
2022-07-15	9.670000076293945	9.789999961853027	9.489999771118164	9.579999923706055	6.838189125061035	1886000
2022-07-18	9.800000190734863	9.989999771118164	9.710000038146973	9.800000190734863	6.995224952697754	1882500
2022-07-19	9.850000381469727	10.229999542236328	9.850000381469727	10.199999809265137	7.280744552612305	1836500
2022-07-20	10.15999984741211	10.25	9.9399995803833	10.180000305175781	7.266467571258545	1032800
2022-07-21	9.930000305175781	9.960000038146973	9.529999732971191	9.699999809265137	6.923844814300537	1376900
2022-07-22	9.649999618530273	9.720000267028809	9.3100004196167	9.329999923706055	6.659739017486572	1314800
2022-07-25	9.420000076293945	9.770000457763672	9.359999656677246	9.739999771118164	6.952397346496582	2003300
2022-07-26	9.970000267028809	10.149999618530273	9.819999694824219	9.920000076293945	7.080880165100098	1670900
2022-07-27	9.970000267028809	10.1899995803833	9.710000038146973	10.180000305175781	7.266467571258545	1977100
2022-07-28	10.34000015258789	10.430000305175781	10.020000457763672	10.390000343322754	7.416365623474121	1693500
2022-07-29	10.579999923706055	10.960000038146973	10.579999923706055	10.739999771118164	7.666195392608643	1695500
2022-08-01	10.630000114440918	10.720000267028809	10.390000343322754	10.520000457763672	7.509159088134766	1219000
2022-08-02	10.59000015258789	10.770000457763672	10.510000228881836	10.600000381469727	7.5662641525268555	1892700
2022-08-03	10.600000381469727	10.640000343322754	10.329999923706055	10.579999923706055	7.551987171173096	1635900
2022-08-04	10.710000038146973	10.779999732971191	10.09000015258789	10.15999984741211	7.252192497253418	1942100
2022-08-05	10.15999984741211	10.319999694824219	10.100000381469727	10.3100004196167	7.359261989593506	1185300
2022-08-08	10.380000114440918	10.829999923706055	10.380000114440918	10.699999809265137	7.637643337249756	1535200
2022-08-09	10.850000381469727	11.0	10.739999771118164	10.779999732971191	7.694746971130371	1118900
2022-08-10	10.90999984741211	10.920000076293945	10.699999809265137	10.800000190734863	7.7090229988098145	1136800
2022-08-11	11.0	11.140000343322754	10.930000305175781	10.989999771118164	7.844645023345947	999600
2022-08-12	10.890000343322754	11.239999771118164	10.880000114440918	11.220000267028809	8.008818626403809	869500
2022-08-15	10.789999961853027	10.819999694824219	10.460000038146973	10.779999732971191	7.694746971130371	990900
2022-08-16	10.850000381469727	10.949999809265137	10.609999656677246	10.609999656677246	7.573400497436523	1501800
2022-08-17	10.550000190734863	10.65999984741211	10.369999885559082	10.4399995803833	7.45205545425415	1105100
2022-08-18	10.59000015258789	10.600000381469727	10.399999618530273	10.59000015258789	7.559126377105713	1365800
2022-08-19	10.470000267028809	10.569999694824219	10.359999656677246	10.399999618530273	7.423503398895264	999000
2022-08-22	10.289999961853027	10.520000457763672	10.170000076293945	10.510000228881836	7.502021312713623	1003700
2022-08-23	10.600000381469727	11.140000343322754	10.529999732971191	11.130000114440918	7.944576263427734	1902900
2022-08-24	11.149999618530273	11.359999656677246	11.020000457763672	11.210000038146973	8.001680374145508	883000
2022-08-25	11.1899995803833	11.239999771118164	10.899999618530273	11.199999809265137	7.994542121887207	892200
2022-08-26	11.119999885559082	11.279999732971191	10.869999885559082	10.970000267028809	7.8303680419921875	836900
2022-08-29	10.960000038146973	11.369999885559082	10.920000076293945	11.3100004196167	8.073060035705566	1056000
2022-08-30	11.100000381469727	11.149999618530273	10.630000114440918	10.729999542236328	7.659057140350342	1217000
2022-08-31	10.520000457763672	10.680000305175781	10.270000457763672	10.3100004196167	7.359261989593506	1631800
2022-09-01	10.25	10.25	9.779999732971191	9.859999656677246	7.038053035736084	1385100
2022-09-02	10.09000015258789	10.350000381469727	9.989999771118164	10.350000381469727	7.387814044952393	1125400
2022-09-06	10.550000190734863	10.609999656677246	10.359999656677246	10.390000343322754	7.416365623474121	1286000
2022-09-07	10.25	10.40999984741211	10.039999961853027	10.380000114440918	7.4092278480529785	1031200
2022-09-08	10.34000015258789	10.510000228881836	10.130000114440918	10.239999771118164	7.309295177459717	932100
2022-09-09	10.4399995803833	10.829999923706055	10.3100004196167	10.770000457763672	7.6876091957092285	1031100
2022-09-12	10.960000038146973	11.260000228881836	10.9399995803833	11.029999732971191	7.873196125030518	906800
2022-09-13	10.770000457763672	10.970000267028809	10.729999542236328	10.8100004196167	7.716162204742432	1258100
2022-09-14	10.890000343322754	11.1899995803833	10.859999656677246	11.020000457763672	7.866059303283691	944300
2022-09-15	10.800000190734863	10.829999923706055	10.369999885559082	10.420000076293945	7.437780380249023	1267200
2022-09-16	10.300000190734863	10.329999923706055	9.989999771118164	10.25	7.316434383392334	1774900
2022-09-19	9.989999771118164	10.399999618530273	9.920000076293945	10.399999618530273	7.423503398895264	998900
2022-09-20	10.300000190734863	10.319999694824219	10.029999732971191	10.050000190734863	7.173674583435059	949700
2022-09-21	10.039999961853027	10.210000038146973	9.829999923706055	9.869999885559082	7.045190811157227	1026200
2022-09-22	10.039999961853027	10.270000457763672	9.970000267028809	10.069999694824219	7.1879496574401855	1074400
2022-09-23	9.789999961853027	9.789999961853027	9.119999885559082	9.1899995803833	6.559807300567627	2243700
2022-09-26	9.100000381469727	9.260000228881836	8.59000015258789	8.640000343322754	6.167219161987305	1711800
2022-09-27	8.8100004196167	9.199999809265137	8.75	8.850000381469727	6.317116737365723	1421400
2022-09-28	8.90999984741211	9.180000305175781	8.829999923706055	9.15999984741211	6.538393497467041	1415000
2022-09-29	9.050000190734863	9.199999809265137	8.760000228881836	9.180000305175781	6.552669525146484	939000
2022-09-30	9.149999618530273	9.180000305175781	8.90999984741211	8.930000305175781	6.37421989440918	1239300
2022-10-03	9.380000114440918	9.640000343322754	9.34000015258789	9.630000114440918	6.873879432678223	1696100
2022-10-04	9.84000015258789	10.260000228881836	9.789999961853027	10.239999771118164	7.309295177459717	1641100
2022-10-05	10.199999809265137	10.260000228881836	9.890000343322754	10.1899995803833	7.273606300354004	1566000
2022-10-06	10.109999656677246	10.3100004196167	10.010000228881836	10.279999732971191	7.337847709655762	1082500
2022-10-07	10.300000190734863	10.449999809265137	10.119999885559082	10.199999809265137	7.280744552612305	1062700
2022-10-10	10.220000267028809	10.260000228881836	9.710000038146973	9.770000457763672	6.973811149597168	1166400
2022-10-11	9.609999656677246	9.770000457763672	9.390000343322754	9.5	6.7810845375061035	1368500
2022-10-12	9.420000076293945	9.510000228881836	9.279999732971191	9.359999656677246	6.681152820587158	1380300
2022-10-13	9.260000228881836	9.819999694824219	9.199999809265137	9.710000038146973	6.930983066558838	1640000
2022-10-14	9.699999809265137	9.699999809265137	9.149999618530273	9.15999984741211	6.538393497467041	999800
2022-10-17	9.289999961853027	9.569999694824219	9.149999618530273	9.399999618530273	6.709704399108887	861900
2022-10-18	9.479999542236328	9.5	9.199999809265137	9.399999618530273	6.709704399108887	1487200
2022-10-19	9.430000305175781	9.760000228881836	9.399999618530273	9.59000015258789	6.845327377319336	1808000
2022-10-20	9.720000267028809	9.829999923706055	9.380000114440918	9.390000343322754	6.702568054199219	1680400
2022-10-21	9.380000114440918	9.630000114440918	9.319999694824219	9.569999694824219	6.831049919128418	3345900
2022-10-24	9.520000457763672	9.550000190734863	9.229999542236328	9.319999694824219	6.6526007652282715	2261300
2022-10-25	9.260000228881836	9.420000076293945	9.170000076293945	9.220000267028809	6.581222057342529	1611900
2022-10-26	9.229999542236328	9.600000381469727	9.199999809265137	9.369999885559082	6.688291549682617	1899000
2022-10-27	9.569999694824219	9.779999732971191	9.550000190734863	9.619999885559082	6.8667402267456055	1207300
2022-10-28	9.739999771118164	10.020000457763672	9.729999542236328	9.869999885559082	7.045190811157227	2547100
2022-10-31	9.699999809265137	10.069999694824219	9.649999618530273	9.859999656677246	7.038053035736084	1419600
2022-11-01	10.210000038146973	10.380000114440918	10.119999885559082	10.1899995803833	7.273606300354004	1788300
2022-11-02	10.140000343322754	10.270000457763672	9.869999885559082	9.930000305175781	7.088018417358398	1376200
2022-11-03	9.890000343322754	9.899999618530273	9.609999656677246	9.720000267028809	6.938120365142822	1037000
2022-11-04	9.970000267028809	10.140000343322754	9.779999732971191	9.970000267028809	7.116570949554443	1853900
2022-11-07	10.069999694824219	10.220000267028809	9.970000267028809	10.210000038146973	7.2878828048706055	1093700
2022-11-08	10.130000114440918	10.279999732971191	9.970000267028809	10.210000038146973	7.2878828048706055	1483600
2022-11-09	10.489999771118164	10.630000114440918	9.779999732971191	9.829999923706055	7.01663875579834	1472700
2022-11-10	10.050000190734863	10.380000114440918	9.760000228881836	10.34000015258789	7.38067626953125	2224000
2022-11-11	9.729999542236328	10.050000190734863	9.430000305175781	9.949999809265137	7.102293968200684	5996200
2022-11-14	10.0	10.630000114440918	10.0	10.380000114440918	7.4092278480529785	2315600
2022-11-15	10.59000015258789	10.59000015258789	10.180000305175781	10.359999656677246	7.394951820373535	2617600
2022-11-16	10.25	10.3100004196167	9.90999984741211	9.930000305175781	7.088018417358398	2147500
2022-11-17	9.729999542236328	10.109999656677246	9.630000114440918	10.079999923706055	7.1950883865356445	2082500
2022-11-18	10.0	10.0	9.8100004196167	9.890000343322754	7.05946683883667	1254500
2022-11-21	9.829999923706055	9.84000015258789	9.300000190734863	9.649999618530273	6.88815450668335	2906300
2022-11-22	9.800000190734863	10.25	9.720000267028809	10.25	7.316434383392334	1632400
2022-11-23	10.100000381469727	10.350000381469727	10.050000190734863	10.25	7.316434383392334	1144300
2022-11-25	10.300000190734863	10.5	10.229999542236328	10.430000305175781	7.444918155670166	1306200
2022-11-28	10.15999984741211	10.15999984741211	9.920000076293945	9.960000038146973	7.109432697296143	1886400
2022-11-29	10.119999885559082	10.369999885559082	10.0600004196167	10.359999656677246	7.394951820373535	2273100
2022-11-30	10.359999656677246	10.489999771118164	9.65999984741211	9.869999885559082	7.045190811157227	11628800
2022-12-01	9.75	9.75	9.399999618530273	9.649999618530273	6.88815450668335	6779300
2022-12-02	9.6899995803833	9.850000381469727	9.579999923706055	9.65999984741211	6.895293235778809	2247900
2022-12-05	9.789999961853027	9.800000190734863	9.100000381469727	9.180000305175781	6.552669525146484	3143200
2022-12-06	9.130000114440918	9.329999923706055	9.100000381469727	9.270000457763672	6.6169114112854	3424500
2022-12-07	9.25	9.5	9.229999542236328	9.279999732971191	6.624048709869385	2219900
2022-12-08	9.5	9.630000114440918	9.239999771118164	9.279999732971191	6.624048709869385	2247100
2022-12-09	9.289999961853027	9.350000381469727	9.069999694824219	9.09000015258789	6.488428115844727	2085000
2022-12-12	9.09000015258789	9.180000305175781	8.979999542236328	9.130000114440918	6.516980171203613	1552000
2022-12-13	9.319999694824219	9.539999961853027	9.3100004196167	9.399999618530273	6.709704399108887	2617800
2022-12-14	9.369999885559082	9.460000038146973	9.149999618530273	9.170000076293945	6.545531272888184	2577100
2022-12-15	9.239999771118164	9.300000190734863	8.960000038146973	9.050000190734863	6.45987606048584	1617200
2022-12-16	9.0	9.020000457763672	8.8100004196167	8.9399995803833	6.381357669830322	2081800
2022-12-19	9.0600004196167	9.279999732971191	8.890000343322754	9.180000305175781	6.552669525146484	3106400
2022-12-20	9.329999923706055	9.479999542236328	9.229999542236328	9.420000076293945	6.723980903625488	3317800
2022-12-21	9.59000015258789	9.760000228881836	9.489999771118164	9.630000114440918	6.873879432678223	4432100
2022-12-22	9.65999984741211	9.65999984741211	9.260000228881836	9.569999694824219	6.831049919128418	2088600
2022-12-23	9.760000228881836	10.050000190734863	9.699999809265137	10.029999732971191	7.159398078918457	4794000
2022-12-27	10.130000114440918	10.220000267028809	9.989999771118164	10.199999809265137	7.280744552612305	2868900
2022-12-28	10.210000038146973	10.25	9.899999618530273	9.949999809265137	7.102293968200684	2259900
2022-12-29	9.90999984741211	10.109999656677246	9.890000343322754	10.020000457763672	7.152259826660156	1360000
2022-12-30	9.970000267028809	10.640000343322754	9.960000038146973	10.470000267028809	7.473468780517578	2934400
2023-01-03	10.470000267028809	10.470000267028809	9.739999771118164	9.899999618530273	7.066604137420654	3148500
2023-01-04	9.800000190734863	10.039999961853027	9.5	9.819999694824219	7.009500980377197	2790500
2023-01-05	9.869999885559082	10.220000267028809	9.710000038146973	10.210000038146973	7.2878828048706055	2465900
2023-01-06	10.3100004196167	11.0	10.3100004196167	10.960000038146973	7.823230266571045	3369900
2023-01-09	11.140000343322754	11.329999923706055	10.880000114440918	11.119999885559082	7.937438011169434	2304300
2023-01-10	11.180000305175781	11.220000267028809	10.739999771118164	11.220000267028809	8.008818626403809	2082100
2023-01-11	11.359999656677246	11.449999809265137	11.130000114440918	11.369999885559082	8.115888595581055	1729300
2023-01-12	11.350000381469727	11.680000305175781	11.319999694824219	11.550000190734863	8.244372367858887	3795200
2023-01-13	11.569999694824219	11.729999542236328	11.430000305175781	11.619999885559082	8.29433822631836	1814600
2023-01-17	11.710000038146973	11.739999771118164	11.479999542236328	11.5	8.2086820602417	1279600
2023-01-18	11.619999885559082	12.220000267028809	11.619999885559082	11.960000038146973	8.537029266357422	3434600
2023-01-19	11.869999885559082	12.039999961853027	11.8100004196167	11.920000076293945	8.508478164672852	1204700
2023-01-20	11.949999809265137	12.100000381469727	11.829999923706055	12.09000015258789	8.629822731018066	1137500
2023-01-23	12.199999809265137	12.350000381469727	12.0	12.050000190734863	8.601271629333496	2067900
2023-01-24	12.1899995803833	12.1899995803833	11.819999694824219	11.84000015258789	8.451374053955078	1274400
2023-01-25	11.770000457763672	11.8100004196167	11.600000381469727	11.779999732971191	8.408546447753906	1419100
2023-01-26	11.930000305175781	12.039999961853027	11.75	11.960000038146973	8.537029266357422	1177400
2023-01-27	11.600000381469727	11.6899995803833	11.1899995803833	11.279999732971191	8.05164623260498	3050400
2023-01-30	11.239999771118164	11.270000457763672	11.0	11.119999885559082	7.937438011169434	1996300
2023-01-31	11.100000381469727	11.420000076293945	11.039999961853027	11.390000343322754	8.13016414642334	1330000
2023-02-01	11.390000343322754	11.470000267028809	11.029999732971191	11.199999809265137	7.994542121887207	2159500
2023-02-02	11.180000305175781	11.25	10.75	10.819999694824219	7.723299026489258	2437700
2023-02-03	10.890000343322754	11.0	10.680000305175781	10.720000267028809	7.651919364929199	2053300
2023-02-06	10.720000267028809	10.859999656677246	10.359999656677246	10.819999694824219	7.723299026489258	2625600
2023-02-07	10.920000076293945	10.970000267028809	10.619999885559082	10.970000267028809	7.8303680419921875	2242700
2023-02-08	11.0	11.180000305175781	10.75	10.869999885559082	7.758989334106445	1919500
2023-02-09	10.779999732971191	10.819999694824219	10.449999809265137	10.5	7.494884014129639	2932200
2023-02-10	10.550000190734863	10.979999542236328	10.539999961853027	10.949999809265137	7.816092014312744	2189600
2023-02-13	10.8100004196167	10.949999809265137	10.75	10.869999885559082	7.758989334106445	1487800
2023-02-14	10.880000114440918	11.020000457763672	10.729999542236328	10.739999771118164	7.666195392608643	1395300
2023-02-15	10.649999618530273	10.649999618530273	10.369999885559082	10.550000190734863	7.53057336807251	1590000
2023-02-16	10.550000190734863	10.890000343322754	10.470000267028809	10.670000076293945	7.616229057312012	1777500
2023-02-17	10.510000228881836	10.510000228881836	10.270000457763672	10.329999923706055	7.373537540435791	2133400
2023-02-21	10.300000190734863	10.510000228881836	10.300000190734863	10.399999618530273	7.423503398895264	1782700
2023-02-22	10.380000114440918	10.5	10.279999732971191	10.34000015258789	7.38067626953125	1330100
2023-02-23	10.510000228881836	10.899999618530273	10.510000228881836	10.710000038146973	7.644781112670898	2708000
2023-02-24	10.630000114440918	10.880000114440918	10.449999809265137	10.779999732971191	7.694746971130371	2282200
2023-02-27	10.84000015258789	11.359999656677246	10.770000457763672	11.289999961853027	8.058784484863281	3258400
2023-02-28	11.420000076293945	11.460000038146973	11.079999923706055	11.09000015258789	7.9160261154174805	3867000
2023-03-01	11.520000457763672	11.640000343322754	11.020000457763672	11.390000343322754	8.13016414642334	6727400
2023-03-02	11.390000343322754	11.529999732971191	11.130000114440918	11.15999984741211	7.965991020202637	3190600
2023-03-03	11.149999618530273	11.470000267028809	11.09000015258789	11.430000305175781	8.158717155456543	2256000
2023-03-06	11.579999923706055	11.720000267028809	11.5	11.649999618530273	8.315751075744629	2051800
2023-03-07	11.59000015258789	11.649999618530273	11.199999809265137	11.260000228881836	8.037370681762695	1945700
2023-03-08	11.289999961853027	11.479999542236328	11.1899995803833	11.319999694824219	8.080199241638184	1377300
2023-03-09	11.40999984741211	11.550000190734863	11.0	11.010000228881836	7.858921051025391	2387700
2023-03-10	11.010000228881836	11.1899995803833	10.789999961853027	10.869999885559082	7.758989334106445	2846000
2023-03-13	10.5600004196167	10.789999961853027	10.279999732971191	10.380000114440918	7.4092278480529785	3134200
2023-03-14	10.489999771118164	10.800000190734863	10.399999618530273	10.510000228881836	7.502021312713623	2187600
2023-03-15	10.149999618530273	10.15999984741211	9.699999809265137	10.010000228881836	7.145122528076172	5343600
2023-03-16	9.84000015258789	10.149999618530273	9.710000038146973	10.079999923706055	7.1950883865356445	2710200
2023-03-17	10.0	10.0600004196167	9.649999618530273	9.890000343322754	7.05946683883667	2302300
2023-03-20	9.9399995803833	9.989999771118164	9.609999656677246	9.84000015258789	7.023776531219482	1947100
2023-03-21	10.069999694824219	10.229999542236328	9.979999542236328	10.220000267028809	7.295019626617432	1685800
2023-03-22	10.3100004196167	10.319999694824219	10.020000457763672	10.029999732971191	7.159398078918457	1526800
2023-03-23	10.149999618530273	10.210000038146973	9.600000381469727	9.670000076293945	6.902431011199951	1971200
2023-03-24	9.520000457763672	9.729999542236328	9.399999618530273	9.609999656677246	6.859602928161621	2037500
2023-03-27	9.710000038146973	10.039999961853027	9.670000076293945	9.989999771118164	7.1308465003967285	2227500
2023-03-28	10.050000190734863	10.430000305175781	9.989999771118164	10.270000457763672	7.330710411071777	1401500
2023-03-29	10.390000343322754	10.40999984741211	10.279999732971191	10.34000015258789	7.38067626953125	1159800
2023-03-30	10.430000305175781	10.479999542236328	10.3100004196167	10.390000343322754	7.416365623474121	1485200
2023-03-31	10.5	10.6899995803833	10.5	10.5600004196167	7.537712097167969	1740000
2023-04-03	11.050000190734863	11.270000457763672	10.899999618530273	11.140000343322754	7.951714038848877	3006500
2023-04-04	11.319999694824219	11.369999885559082	10.90999984741211	11.039999961853027	7.880335330963135	2663700
2023-04-05	11.069999694824219	11.149999618530273	10.84000015258789	11.140000343322754	7.951714038848877	1216000
2023-04-06	11.109999656677246	11.149999618530273	10.850000381469727	10.90999984741211	7.787540435791016	1078800
2023-04-10	10.930000305175781	11.130000114440918	10.930000305175781	11.079999923706055	7.908886909484863	1389500
2023-04-11	11.109999656677246	11.5	11.109999656677246	11.5	8.2086820602417	1598400
2023-04-12	11.600000381469727	11.649999618530273	11.4399995803833	11.5600004196167	8.251509666442871	1901400
2023-04-13	11.609999656677246	11.760000228881836	11.600000381469727	11.65999984741211	8.322890281677246	1702900
2023-04-14	11.649999618530273	11.710000038146973	11.489999771118164	11.640000343322754	8.308612823486328	1485900
2023-04-17	11.729999542236328	11.84000015258789	11.489999771118164	11.5600004196167	8.251509666442871	2063700
2023-04-18	11.550000190734863	11.609999656677246	11.369999885559082	11.390000343322754	8.13016414642334	1840000
2023-04-19	11.279999732971191	11.329999923706055	11.100000381469727	11.229999542236328	8.01595687866211	2133500
2023-04-20	11.100000381469727	11.25	11.029999732971191	11.119999885559082	7.937438011169434	2284700
2023-04-21	11.220000267028809	11.260000228881836	11.039999961853027	11.100000381469727	7.923162937164307	1722900
2023-04-24	11.199999809265137	11.680000305175781	11.109999656677246	11.609999656677246	8.287199974060059	4887300
2023-04-25	10.6899995803833	10.760000228881836	9.6899995803833	9.819999694824219	7.547791957855225	7361200
2023-04-26	9.850000381469727	9.869999885559082	9.40999984741211	9.479999542236328	7.286463737487793	5427000
2023-04-27	9.420000076293945	9.479999542236328	9.220000267028809	9.319999694824219	7.163485050201416	3624000
2023-04-28	9.319999694824219	9.770000457763672	9.279999732971191	9.720000267028809	7.470931529998779	2526600
2023-05-01	9.630000114440918	9.729999542236328	9.40999984741211	9.550000190734863	7.340266704559326	1402100
2023-05-02	9.289999961853027	9.34000015258789	8.760000228881836	8.800000190734863	6.7638068199157715	4600500
2023-05-03	8.6899995803833	8.960000038146973	8.640000343322754	8.760000228881836	6.733061790466309	3260700
2023-05-04	8.8100004196167	8.899999618530273	8.59000015258789	8.65999984741211	6.656200408935547	2638600
2023-05-05	8.979999542236328	9.3100004196167	8.979999542236328	9.199999809265137	7.071252346038818	2467600
2023-05-08	9.399999618530273	9.479999542236328	9.069999694824219	9.069999694824219	6.9713311195373535	1708200
2023-05-09	9.0	9.180000305175781	8.880000114440918	9.109999656677246	7.002076148986816	2432000
2023-05-10	9.149999618530273	9.220000267028809	9.050000190734863	9.109999656677246	7.002076148986816	1680700
2023-05-11	8.930000305175781	9.149999618530273	8.899999618530273	9.130000114440918	7.017449378967285	1965900
2023-05-12	9.180000305175781	9.34000015258789	9.170000076293945	9.3100004196167	7.155799865722656	1883100
2023-05-15	9.359999656677246	9.380000114440918	9.229999542236328	9.229999542236328	7.094310283660889	1623300
2023-05-16	9.260000228881836	9.369999885559082	9.109999656677246	9.15999984741211	7.040507793426514	2194100
2023-05-17	9.3100004196167	9.489999771118164	9.1899995803833	9.449999809265137	7.263405799865723	1550700
2023-05-18	9.40999984741211	9.430000305175781	9.15999984741211	9.319999694824219	7.163485050201416	1407200
2023-05-19	9.399999618530273	9.489999771118164	9.34000015258789	9.390000343322754	7.217289447784424	1435000
2023-05-22	9.390000343322754	9.579999923706055	9.369999885559082	9.420000076293945	7.240347862243652	1161700
2023-05-23	9.510000228881836	9.699999809265137	9.399999618530273	9.5	7.3018364906311035	1635000
2023-05-24	9.600000381469727	9.630000114440918	9.420000076293945	9.529999732971191	7.324894905090332	1038700
2023-05-25	9.319999694824219	9.399999618530273	9.15999984741211	9.229999542236328	7.094310283660889	1064300
2023-05-26	9.350000381469727	9.399999618530273	9.149999618530273	9.34000015258789	7.178858280181885	1804000
2023-05-30	9.1899995803833	9.220000267028809	9.010000228881836	9.199999809265137	7.071252346038818	1708600
2023-05-31	9.050000190734863	9.109999656677246	8.930000305175781	9.079999923706055	6.979018211364746	1838500
2023-06-01	9.1899995803833	9.569999694824219	9.170000076293945	9.430000305175781	7.24803352355957	1595600
2023-06-02	9.6899995803833	9.779999732971191	9.569999694824219	9.760000228881836	7.501676559448242	1933600
2023-06-05	9.949999809265137	9.949999809265137	9.579999923706055	9.739999771118164	7.486303806304932	1277900
2023-06-06	9.600000381469727	10.15999984741211	9.569999694824219	10.079999923706055	7.74763298034668	2317900
2023-06-07	10.180000305175781	10.4399995803833	10.180000305175781	10.3100004196167	7.92441463470459	2303700
2023-06-08	10.289999961853027	10.449999809265137	10.180000305175781	10.40999984741211	8.001275062561035	1462600
2023-06-09	10.399999618530273	10.520000457763672	10.3100004196167	10.399999618530273	7.993588447570801	1093700
2023-06-12	10.199999809265137	10.279999732971191	10.069999694824219	10.170000076293945	7.816807746887207	1733200
2023-06-13	10.350000381469727	10.479999542236328	10.199999809265137	10.210000038146973	7.847553253173828	1277900
2023-06-14	10.34000015258789	10.430000305175781	10.149999618530273	10.260000228881836	7.885983943939209	1151100
2023-06-15	10.279999732971191	10.569999694824219	10.279999732971191	10.430000305175781	8.016648292541504	1312300
2023-06-16	10.420000076293945	10.489999771118164	10.34000015258789	10.449999809265137	8.032020568847656	1365600
2023-06-20	10.390000343322754	10.430000305175781	10.180000305175781	10.319999694824219	7.93209981918335	1232900
2023-06-21	10.279999732971191	10.699999809265137	10.270000457763672	10.579999923706055	8.131939888000488	1587100
2023-06-22	10.4399995803833	10.59000015258789	10.420000076293945	10.479999542236328	8.055078506469727	1303800
2023-06-23	10.350000381469727	10.420000076293945	10.25	10.260000228881836	7.885983943939209	1307600
2023-06-26	10.319999694824219	10.510000228881836	10.229999542236328	10.449999809265137	8.032020568847656	1061700
2023-06-27	10.489999771118164	10.5	10.25	10.25	7.878297328948975	1316600
2023-06-28	10.25	10.380000114440918	10.15999984741211	10.329999923706055	7.939786434173584	988700
2023-06-29	10.369999885559082	10.369999885559082	10.130000114440918	10.300000190734863	7.9167280197143555	1659200
2023-06-30	10.3100004196167	10.329999923706055	10.199999809265137	10.25	7.878297328948975	1002900
2023-07-03	10.300000190734863	10.59000015258789	10.300000190734863	10.449999809265137	8.032020568847656	788600
2023-07-05	10.510000228881836	10.550000190734863	10.359999656677246	10.380000114440918	7.978217124938965	1058000
2023-07-06	10.270000457763672	10.300000190734863	9.920000076293945	10.09000015258789	7.755319118499756	1986200
2023-07-07	10.050000190734863	10.399999618530273	10.050000190734863	10.350000381469727	7.955159664154053	1602600
2023-07-10	10.390000343322754	10.510000228881836	10.3100004196167	10.399999618530273	7.993588447570801	1075100
2023-07-11	10.479999542236328	10.600000381469727	10.420000076293945	10.59000015258789	8.139625549316406	1117500
2023-07-12	10.779999732971191	10.890000343322754	10.739999771118164	10.770000457763672	8.277976989746094	1495100
2023-07-13	10.850000381469727	11.130000114440918	10.819999694824219	10.9399995803833	8.408641815185547	1635200
2023-07-14	11.0	11.050000190734863	10.640000343322754	10.649999618530273	8.185742378234863	1378400
2023-07-17	10.579999923706055	10.800000190734863	10.5	10.75	8.262603759765625	1171300
2023-07-18	10.75	11.020000457763672	10.75	10.90999984741211	8.38558292388916	978500
2023-07-19	10.970000267028809	11.100000381469727	10.920000076293945	10.970000267028809	8.431699752807617	1111300
2023-07-20	11.010000228881836	11.09000015258789	10.899999618530273	11.020000457763672	8.470130920410156	819800
2023-07-21	11.140000343322754	11.140000343322754	10.960000038146973	11.079999923706055	8.516247749328613	1306800
2023-07-24	11.170000076293945	11.380000114440918	11.119999885559082	11.25	8.64691162109375	1455500
2023-07-25	11.25	11.319999694824219	11.079999923706055	11.3100004196167	8.693029403686523	1438900
2023-07-26	11.270000457763672	11.380000114440918	11.170000076293945	11.300000190734863	8.685342788696289	1103700
2023-07-27	11.34000015258789	11.350000381469727	11.079999923706055	11.09000015258789	8.523932456970215	1206500
2023-07-28	11.180000305175781	11.319999694824219	11.100000381469727	11.289999961853027	8.677656173706055	849200
2023-07-31	11.390000343322754	11.75	11.359999656677246	11.720000267028809	9.008159637451172	1540000
2023-08-01	11.569999694824219	11.59000015258789	11.380000114440918	11.449999809265137	8.800634384155273	1204300
2023-08-02	11.449999809265137	11.460000038146973	11.029999732971191	11.180000305175781	8.593110084533691	1754500
2023-08-03	11.199999809265137	11.300000190734863	11.100000381469727	11.25	8.64691162109375	1574800
2023-08-04	11.399999618530273	11.569999694824219	11.239999771118164	11.420000076293945	8.777575492858887	1537700
2023-08-07	11.449999809265137	11.520000457763672	11.319999694824219	11.479999542236328	8.823692321777344	1195000
2023-08-08	11.270000457763672	11.600000381469727	11.149999618530273	11.579999923706055	8.900553703308105	1621500
2023-08-09	11.449999809265137	11.479999542236328	10.989999771118164	11.260000228881836	8.654598236083984	3091600
2023-08-10	11.369999885559082	11.619999885559082	11.34000015258789	11.449999809265137	8.800634384155273	1494100
2023-08-11	11.430000305175781	11.59000015258789	11.430000305175781	11.5600004196167	8.885181427001953	1218100
2023-08-14	11.5	11.510000228881836	11.1899995803833	11.25	8.64691162109375	1561100
2023-08-15	11.149999618530273	11.229999542236328	11.069999694824219	11.100000381469727	8.531620025634766	1340900
2023-08-16	11.100000381469727	11.170000076293945	10.979999542236328	11.119999885559082	8.546991348266602	1697300
2023-08-17	11.149999618530273	11.350000381469727	11.149999618530273	11.180000305175781	8.593110084533691	1129600
2023-08-18	11.0600004196167	11.270000457763672	11.0	11.260000228881836	8.654598236083984	1047300
2023-08-21	11.329999923706055	11.359999656677246	11.15999984741211	11.229999542236328	8.631538391113281	915000
2023-08-22	11.3100004196167	11.34000015258789	11.229999542236328	11.25	8.64691162109375	850100
2023-08-23	11.149999618530273	11.4399995803833	11.010000228881836	11.34000015258789	8.716087341308594	1495600
2023-08-24	11.3100004196167	11.460000038146973	11.239999771118164	11.239999771118164	8.639225006103516	803300
2023-08-25	11.350000381469727	11.359999656677246	11.149999618530273	11.210000038146973	8.616167068481445	1348200
2023-08-28	11.289999961853027	11.470000267028809	11.25	11.420000076293945	8.777575492858887	1411200
2023-08-29	11.420000076293945	11.699999809265137	11.300000190734863	11.699999809265137	8.99278736114502	1564500
2023-08-30	11.699999809265137	12.0600004196167	11.699999809265137	11.960000038146973	9.192627906799316	2466800
2023-08-31	12.010000228881836	12.039999961853027	11.65999984741211	11.680000305175781	8.977416038513184	2102100
2023-09-01	11.880000114440918	11.899999618530273	11.739999771118164	11.789999961853027	9.061963081359863	1413900
2023-09-05	11.789999961853027	12.0	11.770000457763672	11.850000381469727	9.108080863952637	1663300
2023-09-06	11.899999618530273	12.079999923706055	11.850000381469727	11.930000305175781	9.169569969177246	1445700
2023-09-07	11.930000305175781	12.020000457763672	11.859999656677246	11.890000343322754	9.138824462890625	1060800
2023-09-08	11.989999771118164	12.140000343322754	11.920000076293945	12.029999732971191	9.246431350708008	1418200
2023-09-11	12.220000267028809	12.25	11.989999771118164	12.0	9.223372459411621	2096500
2023-09-12	12.079999923706055	12.40999984741211	12.029999732971191	12.319999694824219	9.469327926635742	1778900
2023-09-13	12.170000076293945	12.319999694824219	12.100000381469727	12.210000038146973	9.384781837463379	1916300
2023-09-14	12.34000015258789	12.5600004196167	12.25	12.550000190734863	9.646110534667969	1913300
2023-09-15	12.600000381469727	12.640000343322754	12.460000038146973	12.539999961853027	9.638423919677734	3510800
2023-09-18	12.569999694824219	12.579999923706055	12.420000076293945	12.489999771118164	9.599992752075195	2888800
2023-09-19	12.609999656677246	12.729999542236328	12.479999542236328	12.670000076293945	9.738344192504883	3320200
2023-09-20	12.65999984741211	13.079999923706055	12.640000343322754	12.899999618530273	9.915124893188477	4069500
2023-09-21	12.760000228881836	12.920000076293945	12.5	12.550000190734863	9.646110534667969	4339400
2023-09-22	12.6899995803833	12.720000267028809	12.539999961853027	12.569999694824219	9.661481857299805	3812100
2023-09-25	12.649999618530273	12.739999771118164	12.539999961853027	12.670000076293945	9.738344192504883	4622700
2023-09-26	11.619999885559082	11.6899995803833	11.109999656677246	11.369999885559082	9.350192070007324	6267000
2023-09-27	11.5600004196167	11.619999885559082	11.329999923706055	11.550000190734863	9.49821662902832	3594900
2023-09-28	11.479999542236328	11.65999984741211	11.4399995803833	11.609999656677246	9.547557830810547	2770700
2023-09-29	11.6899995803833	11.699999809265137	11.520000457763672	11.579999923706055	9.522886276245117	3885600
2023-10-02	11.550000190734863	11.59000015258789	11.109999656677246	11.199999809265137	9.210391998291016	3509300
2023-10-03	11.1899995803833	11.4399995803833	11.109999656677246	11.229999542236328	9.235061645507812	2546500
2023-10-04	11.079999923706055	11.109999656677246	10.75	10.850000381469727	8.922566413879395	4224800
2023-10-05	10.65999984741211	10.850000381469727	10.600000381469727	10.710000038146973	8.807437896728516	2014300
2023-10-06	10.699999809265137	11.0	10.5	10.90999984741211	8.971908569335938	2139700
2023-10-09	11.350000381469727	11.550000190734863	11.229999542236328	11.5	9.457098007202148	2466500
2023-10-10	11.609999656677246	11.770000457763672	11.510000228881836	11.760000228881836	9.67091178894043	1397200
2023-10-11	11.729999542236328	11.899999618530273	11.670000076293945	11.859999656677246	9.753146171569824	2155300
2023-10-12	11.9399995803833	11.970000267028809	11.800000190734863	11.899999618530273	9.786040306091309	2554100
2023-10-13	12.100000381469727	12.319999694824219	12.100000381469727	12.210000038146973	10.040970802307129	1985300
2023-10-16	12.300000190734863	12.390000343322754	12.170000076293945	12.350000381469727	10.156102180480957	2059100
2023-10-17	12.260000228881836	12.5600004196167	12.239999771118164	12.470000267028809	10.25478458404541	2023400
2023-10-18	12.510000228881836	12.550000190734863	12.319999694824219	12.420000076293945	10.213665962219238	1723200
2023-10-19	12.34000015258789	12.539999961853027	12.119999885559082	12.3100004196167	10.123207092285156	1811100
2023-10-20	12.3100004196167	12.390000343322754	12.109999656677246	12.25	10.07386589050293	1551900
2023-10-23	12.09000015258789	12.199999809265137	11.850000381469727	12.020000457763672	9.884723663330078	2673600
2023-10-24	12.130000114440918	12.220000267028809	11.989999771118164	12.050000190734863	9.909394264221191	1447700
2023-10-25	12.010000228881836	12.199999809265137	12.0	12.15999984741211	9.999853134155273	1498300
2023-10-26	12.069999694824219	12.119999885559082	11.920000076293945	12.050000190734863	9.909394264221191	1188900
2023-10-27	12.029999732971191	12.140000343322754	11.90999984741211	11.949999809265137	9.82715892791748	1598800
2023-10-30	12.029999732971191	12.149999618530273	11.680000305175781	11.850000381469727	9.744922637939453	1307900
2023-10-31	11.850000381469727	11.949999809265137	11.649999618530273	11.8100004196167	9.712029457092285	1168400
2023-11-01	11.920000076293945	12.149999618530273	11.739999771118164	12.09000015258789	9.942288398742676	2120500
2023-11-02	12.199999809265137	12.479999542236328	12.170000076293945	12.460000038146973	10.246560096740723	1424500
2023-11-03	12.470000267028809	12.569999694824219	12.239999771118164	12.359999656677246	10.164324760437012	1722500
2023-11-06	12.449999809265137	12.489999771118164	12.069999694824219	12.149999618530273	9.991630554199219	1116300
2023-11-07	11.960000038146973	11.989999771118164	11.6899995803833	11.699999809265137	9.62156867980957	2461400
2023-11-08	11.699999809265137	11.829999923706055	11.380000114440918	11.4399995803833	9.407757759094238	2912000
2023-11-09	11.630000114440918	11.970000267028809	11.600000381469727	11.640000343322754	9.572229385375977	2459900
2023-11-10	11.800000190734863	11.800000190734863	11.550000190734863	11.720000267028809	9.638016700744629	1025200
2023-11-13	11.800000190734863	11.930000305175781	11.720000267028809	11.890000343322754	9.777817726135254	1116800
2023-11-14	12.0	12.100000381469727	11.90999984741211	12.039999961853027	9.901169776916504	1611700
2023-11-15	12.029999732971191	12.119999885559082	11.859999656677246	11.920000076293945	9.80248737335205	1875600
2023-11-16	11.819999694824219	11.869999885559082	11.619999885559082	11.800000190734863	9.703804969787598	2583400
2023-11-17	11.989999771118164	12.369999885559082	11.84000015258789	12.270000457763672	10.090312957763672	3682100
2023-11-20	12.449999809265137	12.6899995803833	12.34000015258789	12.470000267028809	10.25478458404541	2839600
2023-11-21	12.420000076293945	12.5600004196167	12.350000381469727	12.479999542236328	10.263007164001465	1280800
2023-11-22	12.25	12.420000076293945	12.109999656677246	12.399999618530273	10.197218894958496	2017000
2023-11-24	12.470000267028809	12.8100004196167	12.470000267028809	12.75	10.4850435256958	1962900
2023-11-27	12.699999809265137	12.8100004196167	12.640000343322754	12.760000228881836	10.493268013000488	2079900
2023-11-28	12.8100004196167	12.930000305175781	12.739999771118164	12.869999885559082	10.583725929260254	1591800
2023-11-29	12.90999984741211	12.949999809265137	12.6899995803833	12.710000038146973	10.452150344848633	2352000
2023-11-30	12.869999885559082	12.880000114440918	12.420000076293945	12.609999656677246	10.369914054870605	2260400
2023-12-01	12.5600004196167	12.880000114440918	12.5600004196167	12.8100004196167	10.534385681152344	2111400
2023-12-04	12.699999809265137	12.729999542236328	12.489999771118164	12.640000343322754	10.394584655761719	2036500
2023-12-05	12.680000305175781	12.699999809265137	12.550000190734863	12.569999694824219	10.337019920349121	1327400
2023-12-06	12.5	12.609999656677246	12.279999732971191	12.279999732971191	10.098535537719727	2771600
2023-12-07	12.40999984741211	12.520000457763672	12.3100004196167	12.369999885559082	10.1725492477417	2362900
2023-12-08	12.449999809265137	12.729999542236328	12.4399995803833	12.720000267028809	10.460373878479004	2384800
2023-12-11	12.710000038146973	12.850000381469727	12.579999923706055	12.65999984741211	10.411031723022461	2373300
2023-12-12	12.579999923706055	12.630000114440918	12.289999961853027	12.350000381469727	10.156102180480957	2394300
2023-12-13	12.399999618530273	12.6899995803833	12.300000190734863	12.670000076293945	10.419255256652832	1767000
2023-12-14	12.800000190734863	13.109999656677246	12.770000457763672	12.949999809265137	10.649515151977539	3757800
2023-12-15	13.0	13.050000190734863	12.800000190734863	12.800000190734863	10.526161193847656	2648100
2023-12-18	13.0	13.140000343322754	12.890000343322754	12.90999984741211	10.616621017456055	5885900
2023-12-19	12.140000343322754	12.149999618530273	11.899999618530273	11.989999771118164	10.535778999328613	4131700
2023-12-20	12.0	12.050000190734863	11.720000267028809	11.739999771118164	10.316100120544434	2691300
2023-12-21	11.739999771118164	11.949999809265137	11.729999542236328	11.9399995803833	10.491843223571777	2530200
2023-12-22	12.050000190734863	12.109999656677246	11.890000343322754	11.9399995803833	10.491843223571777	1580200
2023-12-26	12.0600004196167	12.279999732971191	12.0600004196167	12.220000267028809	10.737883567810059	2678700
2023-12-27	12.199999809265137	12.279999732971191	12.109999656677246	12.119999885559082	10.650012016296387	1188200
2023-12-28	12.079999923706055	12.09000015258789	11.930000305175781	11.970000267028809	10.518204689025879	2098600
2023-12-29	11.989999771118164	12.010000228881836	11.890000343322754	11.920000076293945	10.474268913269043	1248100
2024-01-02	12.050000190734863	12.170000076293945	11.9399995803833	11.960000038146973	10.509417533874512	2493900
2024-01-03	12.0	12.390000343322754	12.0	12.319999694824219	10.825754165649414	2588800
2024-01-04	12.350000381469727	12.479999542236328	12.220000267028809	12.220000267028809	10.737883567810059	2551700
2024-01-05	12.300000190734863	12.619999885559082	12.289999961853027	12.550000190734863	11.02785873413086	2476400
2024-01-08	12.40999984741211	12.40999984741211	12.130000114440918	12.25	10.76424503326416	1873000
2024-01-09	12.300000190734863	12.319999694824219	12.039999961853027	12.069999694824219	10.60607624053955	2279900
2024-01-10	12.079999923706055	12.079999923706055	11.850000381469727	11.899999618530273	10.456694602966309	2227000
2024-01-11	12.020000457763672	12.109999656677246	11.880000114440918	12.029999732971191	10.570927619934082	1451300
2024-01-12	12.229999542236328	12.279999732971191	12.069999694824219	12.140000343322754	10.667587280273438	1097800
2024-01-16	12.149999618530273	12.149999618530273	11.75	11.770000457763672	10.342462539672852	1946100
2024-01-17	11.670000076293945	11.729999542236328	11.539999961853027	11.680000305175781	10.263378143310547	2053500
2024-01-18	11.699999809265137	11.770000457763672	11.649999618530273	11.720000267028809	10.298526763916016	1241000
2024-01-19	11.6899995803833	11.789999961853027	11.529999732971191	11.670000076293945	10.25459098815918	1664100
2024-01-22	11.640000343322754	11.65999984741211	11.529999732971191	11.600000381469727	10.19308090209961	1372800
2024-01-23	11.539999961853027	11.670000076293945	11.489999771118164	11.65999984741211	10.245803833007812	1450700
2024-01-24	11.75	11.819999694824219	11.680000305175781	11.729999542236328	10.307312965393066	1411800
2024-01-25	11.800000190734863	12.0	11.779999732971191	11.989999771118164	10.535778999328613	1817400
2024-01-26	11.979999542236328	12.300000190734863	11.970000267028809	12.289999961853027	10.799392700195312	1629500
2024-01-29	12.260000228881836	12.270000457763672	12.079999923706055	12.229999542236328	10.74666976928711	1453600
2024-01-30	12.15999984741211	12.260000228881836	12.0600004196167	12.25	10.76424503326416	1246600
2024-01-31	12.25	12.25	12.020000457763672	12.029999732971191	10.570927619934082	1385400
2024-02-01	12.170000076293945	12.430000305175781	11.9399995803833	12.100000381469727	10.632437705993652	2457900
2024-02-02	12.010000228881836	12.010000228881836	11.760000228881836	11.789999961853027	10.360036849975586	1713600
2024-02-05	11.760000228881836	11.819999694824219	11.550000190734863	11.720000267028809	10.298526763916016	1513300
2024-02-06	11.789999961853027	11.920000076293945	11.729999542236328	11.899999618530273	10.456694602966309	1592700
2024-02-07	11.899999618530273	11.989999771118164	11.819999694824219	11.979999542236328	10.526991844177246	1078300
2024-02-08	11.989999771118164	12.09000015258789	11.84000015258789	11.90999984741211	10.465482711791992	1438800
2024-02-09	11.90999984741211	11.960000038146973	11.779999732971191	11.869999885559082	10.430333137512207	1136200
2024-02-12	11.90999984741211	12.0	11.869999885559082	11.899999618530273	10.456694602966309	1342600
2024-02-13	11.84000015258789	11.880000114440918	11.579999923706055	11.649999618530273	10.237016677856445	1418300
2024-02-14	11.729999542236328	11.8100004196167	11.619999885559082	11.65999984741211	10.245803833007812	912800
2024-02-15	11.640000343322754	11.890000343322754	11.579999923706055	11.829999923706055	10.395184516906738	1677300
2024-02-16	11.819999694824219	11.890000343322754	11.729999542236328	11.859999656677246	10.42154598236084	1571000
2024-02-20	11.850000381469727	11.930000305175781	11.569999694824219	11.619999885559082	10.210655212402344	2216600
2024-02-21	11.6899995803833	11.90999984741211	11.649999618530273	11.90999984741211	10.465482711791992	1655400
2024-02-22	11.859999656677246	12.0	11.789999961853027	11.9399995803833	10.491843223571777	2150200
2024-02-23	11.850000381469727	11.850000381469727	11.710000038146973	11.800000190734863	10.368823051452637	1159000
2024-02-26	11.800000190734863	11.890000343322754	11.729999542236328	11.880000114440918	10.43912124633789	1152700
2024-02-27	11.949999809265137	12.069999694824219	11.90999984741211	11.979999542236328	10.526991844177246	1294300
2024-02-28	11.979999542236328	12.140000343322754	11.720000267028809	11.75	10.324888229370117	1821900
2024-02-29	11.8100004196167	11.859999656677246	11.699999809265137	11.699999809265137	10.280951499938965	1523000
2024-03-01	11.600000381469727	11.670000076293945	11.170000076293945	11.359999656677246	9.982189178466797	5534100
2024-03-04	11.15999984741211	11.15999984741211	10.699999809265137	10.770000457763672	9.463748931884766	5418000
2024-03-05	10.680000305175781	10.8100004196167	10.539999961853027	10.600000381469727	9.314367294311523	2411300
2024-03-06	10.75	10.84000015258789	10.600000381469727	10.609999656677246	9.32315444946289	1506900
2024-03-07	10.640000343322754	10.789999961853027	10.579999923706055	10.630000114440918	9.340727806091309	1461300
2024-03-08	10.569999694824219	10.640000343322754	10.449999809265137	10.520000457763672	9.244070053100586	2491000
2024-03-11	10.470000267028809	10.5600004196167	10.289999961853027	10.529999732971191	9.252856254577637	1942400
2024-03-12	10.520000457763672	10.640000343322754	10.420000076293945	10.59000015258789	9.305580139160156	1241700
2024-03-13	10.670000076293945	10.819999694824219	10.640000343322754	10.649999618530273	9.358302116394043	1298600
2024-03-14	10.699999809265137	10.789999961853027	10.569999694824219	10.770000457763672	9.463748931884766	1760300
2024-03-15	10.770000457763672	11.079999923706055	10.760000228881836	11.029999732971191	9.692214012145996	3808800
2024-03-18	11.069999694824219	11.119999885559082	10.760000228881836	10.800000190734863	9.490110397338867	2137200
2024-03-19	10.770000457763672	10.970000267028809	10.760000228881836	10.859999656677246	9.542831420898438	1467600
2024-03-20	10.789999961853027	11.039999961853027	10.75	11.020000457763672	9.683426856994629	1606300
2024-03-21	11.020000457763672	11.050000190734863	10.880000114440918	10.899999618530273	9.577980995178223	1020500
2024-03-22	10.989999771118164	10.989999771118164	10.670000076293945	10.8100004196167	9.498897552490234	2070400
2024-03-25	10.920000076293945	11.119999885559082	10.920000076293945	11.029999732971191	9.692214012145996	1692100
2024-03-26	11.050000190734863	11.149999618530273	10.869999885559082	10.979999542236328	9.648277282714844	1856100
2024-03-27	11.0	11.369999885559082	10.970000267028809	11.329999923706055	9.955827713012695	1827200
2024-03-28	11.449999809265137	11.880000114440918	11.4399995803833	11.84000015258789	10.403971672058105	4012600
2024-04-01	12.020000457763672	12.130000114440918	11.800000190734863	12.109999656677246	10.64122486114502	3716300
2024-04-02	12.220000267028809	12.699999809265137	12.220000267028809	12.699999809265137	11.159666061401367	4147100
2024-04-03	12.800000190734863	12.899999618530273	12.649999618530273	12.890000343322754	11.326622009277344	4105800
2024-04-04	12.079999923706055	12.300000190734863	11.800000190734863	12.130000114440918	11.364096641540527	4190000
2024-04-05	11.979999542236328	12.270000457763672	11.899999618530273	12.149999618530273	11.382833480834961	2157500
2024-04-08	12.199999809265137	12.329999923706055	12.0	12.039999961853027	11.279778480529785	1688500
2024-04-09	12.100000381469727	12.300000190734863	12.029999732971191	12.100000381469727	11.335990905761719	1579600
2024-04-10	12.100000381469727	12.300000190734863	11.8100004196167	11.84000015258789	11.0924072265625	3927400
2024-04-11	12.0	12.15999984741211	11.850000381469727	12.069999694824219	11.307884216308594	2989200
2024-04-12	12.079999923706055	12.199999809265137	11.699999809265137	11.699999809265137	10.961246490478516	2761000
2024-04-15	11.800000190734863	11.8100004196167	11.489999771118164	11.529999732971191	10.801980972290039	2179300
2024-04-16	11.460000038146973	11.579999923706055	11.369999885559082	11.5	10.77387523651123	1375800
2024-04-17	11.470000267028809	11.710000038146973	11.399999618530273	11.449999809265137	10.727031707763672	1175100
2024-04-18	11.5600004196167	11.640000343322754	11.289999961853027	11.34000015258789	10.623977661132812	1316900
2024-04-19	11.369999885559082	11.600000381469727	11.300000190734863	11.510000228881836	10.783244132995605	1394600
2024-04-22	11.449999809265137	11.609999656677246	11.34000015258789	11.569999694824219	10.839454650878906	1177600
2024-04-23	11.550000190734863	11.779999732971191	11.529999732971191	11.729999542236328	10.989352226257324	1004300
2024-04-24	11.65999984741211	11.720000267028809	11.59000015258789	11.6899995803833	10.95187759399414	984000
2024-04-25	11.699999809265137	11.720000267028809	11.579999923706055	11.640000343322754	10.905035972595215	1126900
2024-04-26	11.649999618530273	11.859999656677246	11.649999618530273	11.850000381469727	11.101776123046875	1333900
2024-04-29	11.899999618530273	12.069999694824219	11.869999885559082	12.0600004196167	11.298516273498535	1479100
2024-04-30	11.989999771118164	11.989999771118164	11.609999656677246	11.609999656677246	10.87692928314209	1644600
2024-05-01	11.670000076293945	11.789999961853027	11.420000076293945	11.489999771118164	10.764506340026855	2000900
2024-05-02	11.649999618530273	11.710000038146973	11.5	11.539999961853027	10.811349868774414	1692100
2024-05-03	11.579999923706055	11.619999885559082	11.489999771118164	11.539999961853027	10.811349868774414	1441800
2024-05-06	11.609999656677246	11.760000228881836	11.59000015258789	11.609999656677246	10.87692928314209	1113500
2024-05-07	11.609999656677246	11.779999732971191	11.579999923706055	11.65999984741211	10.923772811889648	1361700
2024-05-08	11.5	11.75	11.380000114440918	11.739999771118164	10.9987211227417	1590700
2024-05-09	11.75	11.930000305175781	11.680000305175781	11.75	11.008090019226074	1656300
2024-05-10	11.90999984741211	11.90999984741211	11.630000114440918	11.640000343322754	10.905035972595215	1378400
2024-05-13	11.75	11.760000228881836	11.609999656677246	11.65999984741211	10.923772811889648	1232400
2024-05-14	11.619999885559082	12.100000381469727	11.609999656677246	12.09000015258789	11.326622009277344	2381000
2024-05-15	12.069999694824219	12.079999923706055	11.720000267028809	12.020000457763672	11.261042594909668	2205000
2024-05-16	12.020000457763672	12.09000015258789	11.9399995803833	12.029999732971191	11.270410537719727	1154800
2024-05-17	12.029999732971191	12.199999809265137	12.020000457763672	12.130000114440918	11.364096641540527	1543800
2024-05-20	12.279999732971191	12.34000015258789	12.15999984741211	12.300000190734863	11.523362159729004	1730400
2024-05-21	12.220000267028809	12.479999542236328	12.210000038146973	12.289999961853027	11.513993263244629	1429000
2024-05-22	12.1899995803833	12.199999809265137	11.8100004196167	11.880000114440918	11.129881858825684	2265600
2024-05-23	11.970000267028809	12.029999732971191	11.8100004196167	11.869999885559082	11.120512962341309	1873500
2024-05-24	11.949999809265137	12.050000190734863	11.899999618530273	11.920000076293945	11.16735553741455	1563800
2024-05-28	12.100000381469727	12.4399995803833	12.079999923706055	12.430000305175781	11.645153999328613	2905800
2024-05-29	12.350000381469727	12.399999618530273	12.25	12.300000190734863	11.523362159729004	2059100
2024-05-30	12.170000076293945	12.449999809265137	12.170000076293945	12.279999732971191	11.504624366760254	1915000
2024-05-31	12.350000381469727	12.40999984741211	12.270000457763672	12.300000190734863	11.523362159729004	2352200
2024-06-03	12.390000343322754	12.390000343322754	12.050000190734863	12.180000305175781	11.41093921661377	2049900
2024-06-04	12.100000381469727	12.100000381469727	11.850000381469727	12.079999923706055	11.317253112792969	2223800
2024-06-05	12.09000015258789	12.149999618530273	11.979999542236328	12.0	11.242304801940918	1764800
2024-06-06	11.989999771118164	12.09000015258789	11.920000076293945	12.029999732971191	11.270410537719727	1268900
2024-06-07	11.979999542236328	12.140000343322754	11.949999809265137	11.989999771118164	11.232935905456543	1340200
2024-06-10	12.300000190734863	12.300000190734863	12.069999694824219	12.119999885559082	11.354727745056152	1669600
2024-06-11	12.119999885559082	12.119999885559082	11.930000305175781	11.930000305175781	11.176724433898926	1917100
2024-06-12	12.130000114440918	12.130000114440918	11.779999732971191	11.819999694824219	11.07366943359375	2562900
2024-06-13	11.880000114440918	11.9399995803833	11.600000381469727	11.729999542236328	10.989352226257324	2815100
2024-06-14	11.649999618530273	11.710000038146973	11.569999694824219	11.640000343322754	10.905035972595215	1673800
2024-06-17	11.979999542236328	12.180000305175781	11.760000228881836	11.819999694824219	11.07366943359375	3117800
2024-06-18	11.9399995803833	12.140000343322754	11.920000076293945	12.050000190734863	11.28914737701416	2309200
2024-06-20	12.210000038146973	12.279999732971191	12.0600004196167	12.109999656677246	11.345358848571777	3134600
2024-06-21	12.180000305175781	12.180000305175781	12.0	12.0	11.242304801940918	2861400
2024-06-24	12.15999984741211	12.670000076293945	12.09000015258789	12.670000076293945	11.869999885559082	6602200
2024-06-25	11.600000381469727	11.600000381469727	11.079999923706055	11.170000076293945	11.170000076293945	6788000
2024-06-26	11.210000038146973	11.239999771118164	11.029999732971191	11.170000076293945	11.170000076293945	2962100
2024-06-27	11.180000305175781	11.199999809265137	11.010000228881836	11.15999984741211	11.15999984741211	2408400
2024-06-28	11.25	11.300000190734863	11.119999885559082	11.1899995803833	11.1899995803833	1948100
2024-07-01	11.260000228881836	11.319999694824219	11.079999923706055	11.100000381469727	11.100000381469727	2274700
2024-07-02	11.119999885559082	11.229999542236328	11.050000190734863	11.140000343322754	11.140000343322754	2041800
2024-07-03	11.180000305175781	11.300000190734863	11.15999984741211	11.270000457763672	11.270000457763672	1390500
2024-07-05	11.260000228881836	11.319999694824219	11.149999618530273	11.229999542236328	11.229999542236328	1820300
2024-07-08	11.220000267028809	11.260000228881836	11.170000076293945	11.229999542236328	11.229999542236328	1046900
2024-07-09	11.220000267028809	11.239999771118164	11.109999656677246	11.130000114440918	11.130000114440918	1197200
2024-07-10	11.199999809265137	11.279999732971191	11.0600004196167	11.140000343322754	11.140000343322754	1572100
2024-07-11	11.140000343322754	11.270000457763672	11.09000015258789	11.199999809265137	11.199999809265137	1688800
2024-07-12	11.270000457763672	11.270000457763672	11.109999656677246	11.1899995803833	11.1899995803833	1427300
2024-07-15	11.1899995803833	11.289999961853027	11.100000381469727	11.170000076293945	11.170000076293945	1276000
2024-07-16	11.170000076293945	11.170000076293945	11.0	11.010000228881836	11.010000228881836	2433900
2024-07-17	11.010000228881836	11.09000015258789	10.90999984741211	10.960000038146973	10.960000038146973	1648000
2024-07-18	10.960000038146973	11.010000228881836	10.850000381469727	10.869999885559082	10.869999885559082	1753100
2024-07-19	10.880000114440918	10.949999809265137	10.789999961853027	10.8100004196167	10.8100004196167	1178500
2024-07-22	10.8100004196167	10.90999984741211	10.680000305175781	10.8100004196167	10.8100004196167	2150500
2024-07-23	10.779999732971191	10.789999961853027	10.569999694824219	10.640000343322754	10.640000343322754	2124000
2024-07-24	10.680000305175781	10.770000457763672	10.579999923706055	10.600000381469727	10.600000381469727	1474900
2024-07-25	10.59000015258789	10.699999809265137	10.510000228881836	10.680000305175781	10.680000305175781	1541600
2024-07-26	10.699999809265137	10.760000228881836	10.619999885559082	10.699999809265137	10.699999809265137	1357300
2024-07-29	10.699999809265137	10.720000267028809	10.430000305175781	10.550000190734863	10.550000190734863	2471100
2024-07-30	10.510000228881836	10.539999961853027	10.359999656677246	10.460000038146973	10.460000038146973	1818000
2024-07-31	10.59000015258789	10.779999732971191	10.579999923706055	10.720000267028809	10.720000267028809	1582200
2024-08-01	10.699999809265137	10.779999732971191	10.34000015258789	10.420000076293945	10.420000076293945	1768700
2024-08-02	10.300000190734863	10.34000015258789	9.949999809265137	9.989999771118164	9.989999771118164	3777900
2024-08-05	9.449999809265137	9.760000228881836	9.350000381469727	9.720000267028809	9.720000267028809	3742800
2024-08-06	9.770000457763672	10.130000114440918	9.760000228881836	10.050000190734863	10.050000190734863	2534700
2024-08-07	10.25	10.289999961853027	10.039999961853027	10.109999656677246	10.109999656677246	1548400
2024-08-08	10.1899995803833	10.350000381469727	10.119999885559082	10.34000015258789	10.34000015258789	1371400
2024-08-09	10.399999618530273	10.5	10.3100004196167	10.470000267028809	10.470000267028809	1248200
2024-08-12	10.539999961853027	10.670000076293945	10.529999732971191	10.640000343322754	10.640000343322754	1948600
2024-08-13	10.630000114440918	10.630000114440918	10.420000076293945	10.510000228881836	10.510000228881836	1821500
2024-08-14	10.260000228881836	10.550000190734863	10.140000343322754	10.15999984741211	10.15999984741211	2584800
2024-08-15	10.220000267028809	10.390000343322754	10.210000038146973	10.34000015258789	10.34000015258789	1288800
2024-08-16	10.350000381469727	10.399999618530273	10.25	10.369999885559082	10.369999885559082	1132200
2024-08-19	10.369999885559082	10.40999984741211	10.300000190734863	10.40999984741211	10.40999984741211	1539600
2024-08-20	10.380000114440918	10.399999618530273	10.130000114440918	10.170000076293945	10.170000076293945	1847500
2024-08-21	10.279999732971191	10.300000190734863	10.130000114440918	10.149999618530273	10.149999618530273	1401800
2024-08-22	10.1899995803833	10.210000038146973	10.039999961853027	10.039999961853027	10.039999961853027	1413300
2024-08-23	10.170000076293945	10.260000228881836	10.109999656677246	10.220000267028809	10.220000267028809	1686600
2024-08-26	10.319999694824219	10.460000038146973	10.260000228881836	10.40999984741211	10.40999984741211	1844000
2024-08-27	10.380000114440918	10.380000114440918	10.229999542236328	10.239999771118164	10.239999771118164	955000
2024-08-28	10.180000305175781	10.199999809265137	10.0600004196167	10.09000015258789	10.09000015258789	1225800
2024-08-29	10.050000190734863	10.119999885559082	9.9399995803833	9.970000267028809	9.970000267028809	1918200
2024-08-30	9.949999809265137	9.979999542236328	9.699999809265137	9.84000015258789	9.84000015258789	2466500
2024-09-03	9.779999732971191	9.779999732971191	9.460000038146973	9.460000038146973	9.460000038146973	2456700
2024-09-04	9.460000038146973	9.529999732971191	9.220000267028809	9.25	9.25	2180700
2024-09-05	9.350000381469727	9.369999885559082	9.220000267028809	9.220000267028809	9.220000267028809	1645000
2024-09-06	9.329999923706055	9.369999885559082	9.140000343322754	9.1899995803833	9.1899995803833	2641700
2024-09-09	9.199999809265137	9.220000267028809	9.029999732971191	9.039999961853027	9.039999961853027	1622000
2024-09-10	9.029999732971191	9.029999732971191	8.670000076293945	8.829999923706055	8.829999923706055	4049300
2024-09-11	8.899999618530273	9.039999961853027	8.819999694824219	8.960000038146973	8.960000038146973	1964800
2024-09-12	9.0	9.1899995803833	8.920000076293945	9.170000076293945	9.170000076293945	1873900
2024-09-13	9.319999694824219	9.350000381469727	9.140000343322754	9.15999984741211	9.15999984741211	1902400
2024-09-16	9.25	9.329999923706055	9.199999809265137	9.260000228881836	9.260000228881836	1045400
2024-09-17	9.289999961853027	9.329999923706055	9.239999771118164	9.289999961853027	9.289999961853027	947500
2024-09-18	9.210000038146973	9.300000190734863	9.149999618530273	9.15999984741211	9.15999984741211	1662600
2024-09-19	9.329999923706055	9.369999885559082	9.069999694824219	9.140000343322754	9.140000343322754	2180400
2024-09-20	9.140000343322754	9.140000343322754	9.010000228881836	9.130000114440918	9.130000114440918	1710400
2024-09-23	9.15999984741211	9.359999656677246	9.140000343322754	9.260000228881836	9.260000228881836	1149600
2024-09-24	9.399999618530273	9.4399995803833	9.289999961853027	9.319999694824219	9.319999694824219	955800
2024-09-25	9.15999984741211	9.170000076293945	8.739999771118164	8.75	8.75	5026000
2024-09-26	8.729999542236328	8.920000076293945	8.649999618530273	8.760000228881836	8.760000228881836	2592500
2024-09-27	8.8100004196167	9.0600004196167	8.8100004196167	9.020000457763672	9.020000457763672	1915800
2024-09-30	9.0600004196167	9.0600004196167	8.880000114440918	8.930000305175781	8.930000305175781	1544300
2024-10-01	8.890000343322754	9.149999618530273	8.859999656677246	9.029999732971191	9.029999732971191	2131900
2024-10-02	9.109999656677246	9.279999732971191	8.960000038146973	9.010000228881836	9.010000228881836	2250400
2024-10-03	9.010000228881836	9.020000457763672	8.899999618530273	8.989999771118164	8.989999771118164	2244400
2024-10-04	9.210000038146973	9.270000457763672	9.010000228881836	9.020000457763672	9.020000457763672	3145600
2024-10-07	9.079999923706055	9.220000267028809	9.039999961853027	9.050000190734863	9.050000190734863	2148200
2024-10-08	9.0	9.0	8.550000190734863	8.670000076293945	8.670000076293945	4110700
2024-10-09	8.670000076293945	8.729999542236328	8.5600004196167	8.640000343322754	8.640000343322754	2206400
2024-10-10	8.760000228881836	8.869999885559082	8.6899995803833	8.8100004196167	8.8100004196167	1873000
2024-10-11	8.8100004196167	8.850000381469727	8.729999542236328	8.739999771118164	8.739999771118164	1839900
2024-10-14	8.6899995803833	8.699999809265137	8.579999923706055	8.6899995803833	8.6899995803833	1828100
2024-10-15	8.550000190734863	8.550000190734863	8.329999923706055	8.34000015258789	8.34000015258789	3382000
2024-10-16	8.350000381469727	8.420000076293945	8.210000038146973	8.239999771118164	8.239999771118164	2457100
2024-10-17	8.239999771118164	8.25	8.130000114440918	8.149999618530273	8.149999618530273	2432600
2024-10-18	8.199999809265137	8.25	8.130000114440918	8.229999542236328	8.229999542236328	3150100
2024-10-21	8.25	8.329999923706055	8.010000228881836	8.069999694824219	8.069999694824219	2865200
2024-10-22	8.100000381469727	8.1899995803833	8.069999694824219	8.140000343322754	8.140000343322754	1809600
2024-10-23	8.130000114440918	8.149999618530273	7.920000076293945	8.010000228881836	8.010000228881836	3111000
2024-10-24	8.050000190734863	8.079999923706055	7.980000019073486	8.029999732971191	8.029999732971191	2206800
2024-10-25	8.069999694824219	8.149999618530273	8.050000190734863	8.100000381469727	8.100000381469727	1794400
2024-10-28	7.920000076293945	8.09000015258789	7.829999923706055	8.050000190734863	8.050000190734863	2188300
2024-10-29	8.050000190734863	8.0600004196167	7.909999847412109	7.96999979019165	7.96999979019165	2479600
2024-10-30	8.0	8.029999732971191	7.800000190734863	7.809999942779541	7.809999942779541	2837900
2024-10-31	7.849999904632568	7.849999904632568	7.619999885559082	7.699999809265137	7.699999809265137	3138900
2024-11-01	7.800000190734863	7.860000133514404	7.590000152587891	7.599999904632568	7.599999904632568	2475000
2024-11-04	7.739999771118164	7.769999980926514	7.599999904632568	7.610000133514404	7.610000133514404	1980600
2024-11-05	7.619999885559082	7.630000114440918	7.519999980926514	7.559999942779541	7.559999942779541	2614200
2024-11-06	7.550000190734863	7.630000114440918	7.440000057220459	7.570000171661377	7.570000171661377	2899100
2024-11-07	7.650000095367432	7.670000076293945	7.599999904632568	7.650000095367432	7.650000095367432	2263500
2024-11-08	7.670000076293945	7.670000076293945	7.329999923706055	7.360000133514404	7.360000133514404	3409000
2024-11-11	7.349999904632568	7.510000228881836	7.269999980926514	7.5	7.5	2542400
2024-11-12	7.489999771118164	7.570000171661377	7.409999847412109	7.460000038146973	7.460000038146973	2122400
2024-11-13	7.440000057220459	7.440000057220459	7.210000038146973	7.360000133514404	7.360000133514404	5868400
2024-11-14	7.480000019073486	7.860000133514404	7.46999979019165	7.730000019073486	7.730000019073486	7238500
2024-11-15	7.820000171661377	7.96999979019165	7.710000038146973	7.920000076293945	7.920000076293945	4181900
2024-11-18	7.960000038146973	8.180000305175781	7.960000038146973	8.15999984741211	8.15999984741211	5214400
2024-11-19	8.100000381469727	8.130000114440918	7.989999771118164	8.050000190734863	8.050000190734863	2494700
2024-11-20	8.069999694824219	8.149999618530273	8.020000457763672	8.079999923706055	8.079999923706055	1832800
2024-11-21	8.100000381469727	8.239999771118164	8.100000381469727	8.1899995803833	8.1899995803833	2454300
2024-11-22	8.15999984741211	8.40999984741211	8.149999618530273	8.329999923706055	8.329999923706055	2566100
2024-11-25	8.300000190734863	8.329999923706055	8.029999732971191	8.100000381469727	8.100000381469727	2904500
2024-11-26	8.079999923706055	8.09000015258789	7.920000076293945	7.980000019073486	7.980000019073486	1844100
2024-11-27	7.980000019073486	8.109999656677246	7.960000038146973	8.039999961853027	8.039999961853027	1414500
2024-11-29	8.020000457763672	8.09000015258789	7.989999771118164	8.029999732971191	8.029999732971191	1157900
2024-12-02	8.010000228881836	8.050000190734863	7.789999961853027	7.929999828338623	7.929999828338623	2630600
2024-12-03	7.949999809265137	8.029999732971191	7.909999847412109	7.96999979019165	7.96999979019165	1502100
2024-12-04	7.949999809265137	8.0600004196167	7.869999885559082	7.900000095367432	7.900000095367432	1713900
2024-12-05	7.940000057220459	8.119999885559082	7.929999828338623	8.029999732971191	8.029999732971191	1803900
2024-12-06	8.010000228881836	8.010000228881836	7.75	7.860000133514404	7.860000133514404	2430300
2024-12-09	7.980000019073486	8.319999694824219	7.980000019073486	8.210000038146973	8.210000038146973	3721300
2024-12-10	8.25	8.430000305175781	8.229999542236328	8.359999656677246	8.359999656677246	2245000
2024-12-11	8.359999656677246	8.399999618530273	8.239999771118164	8.359999656677246	8.359999656677246	1678400
2024-12-12	8.260000228881836	8.329999923706055	8.170000076293945	8.3100004196167	8.3100004196167	1720400
2024-12-13	8.279999732971191	8.350000381469727	8.149999618530273	8.220000267028809	8.220000267028809	1429200
2024-12-16	8.170000076293945	8.170000076293945	7.909999847412109	7.949999809265137	7.949999809265137	2800100
2024-12-17	7.900000095367432	7.920000076293945	7.78000020980835	7.889999866485596	7.889999866485596	2471100
2024-12-18	7.880000114440918	7.949999809265137	7.619999885559082	7.639999866485596	7.639999866485596	2049900
2024-12-19	7.699999809265137	7.789999961853027	7.610000133514404	7.619999885559082	7.619999885559082	1561700
2024-12-20	7.550000190734863	7.730000019073486	7.5	7.639999866485596	7.639999866485596	2133100
2024-12-23	7.579999923706055	7.599999904632568	7.409999847412109	7.539999961853027	7.539999961853027	2661200
2024-12-24	7.550000190734863	7.579999923706055	7.429999828338623	7.550000190734863	7.550000190734863	883800
2024-12-26	7.559999942779541	7.639999866485596	7.5	7.550000190734863	7.550000190734863	1400500
2024-12-27	7.539999961853027	7.650000095367432	7.480000019073486	7.550000190734863	7.550000190734863	2105700
2024-12-30	7.559999942779541	7.75	7.550000190734863	7.679999828338623	7.679999828338623	2143500
2024-12-31	7.699999809265137	7.960000038146973	7.679999828338623	7.920000076293945	7.920000076293945	2005000
2025-01-02	8.0	8.239999771118164	7.980000019073486	8.220000267028809	8.220000267028809	3179400
2025-01-03	8.25	8.300000190734863	8.140000343322754	8.260000228881836	8.260000228881836	1941600
2025-01-06	8.329999923706055	8.529999732971191	8.279999732971191	8.300000190734863	8.300000190734863	2145500
2025-01-07	8.430000305175781	8.59000015258789	8.399999618530273	8.550000190734863	8.550000190734863	2323300
2025-01-08	8.479999542236328	8.510000228881836	8.380000114440918	8.479999542236328	8.479999542236328	1937200
2025-01-10	8.600000381469727	8.670000076293945	8.470000267028809	8.489999771118164	8.489999771118164	3356900
2025-01-13	8.529999732971191	8.739999771118164	8.489999771118164	8.569999694824219	8.569999694824219	2948700
2025-01-14	8.5600004196167	8.619999885559082	8.449999809265137	8.569999694824219	8.569999694824219	1526300
2025-01-15	8.649999618530273	8.649999618530273	8.449999809265137	8.600000381469727	8.600000381469727	2479000
2025-01-16	8.600000381469727	8.710000038146973	8.5600004196167	8.630000114440918	8.630000114440918	2182700
2025-01-17	8.630000114440918	8.649999618530273	8.380000114440918	8.449999809265137	8.449999809265137	2443000
