Date	Open	High	Low	Close	Adj Close	Volume
2022-01-21	287.239990234375	288.04998779296875	283.1700134277344	284.0299987792969	268.57977294921875	217700
2022-01-24	282.1300048828125	285.3999938964844	273.5	284.1099853515625	268.65533447265625	319700
2022-01-25	281.6000061035156	287.260009765625	274.7699890136719	285.2900085449219	269.7712097167969	221000
2022-01-26	286.05999755859375	290.32000732421875	278.8999938964844	281.760009765625	266.4332275390625	277000
2022-01-27	284.0199890136719	289.92999267578125	276.6700134277344	277.94000244140625	262.8210144042969	372900
2022-01-28	278.6099853515625	280.94000244140625	274.2699890136719	280.75	265.4781188964844	297800
2022-01-31	277.5	283.760009765625	275.29998779296875	283.3999938964844	267.98394775390625	377000
2022-02-01	281.510009765625	284.9200134277344	278.8699951171875	284.5299987792969	269.052490234375	253500
2022-02-02	283.1400146484375	290.6300048828125	283.1400146484375	290.2099914550781	274.4235534667969	217000
2022-02-03	291.0799865722656	292.2699890136719	285.05999755859375	285.239990234375	269.723876953125	221800
2022-02-04	284.8399963378906	288.260009765625	280.8500061035156	285.989990234375	270.43310546875	291300
2022-02-07	286.8800048828125	288.55999755859375	284.45001220703125	286.760009765625	271.16119384765625	194900
2022-02-08	288.6400146484375	291.739990234375	285.9200134277344	290.3699951171875	274.5748596191406	278300
2022-02-09	291.2200012207031	293.9800109863281	288.1700134277344	289.1199951171875	273.3928527832031	344800
2022-02-10	288.1499938964844	296.5899963378906	288.1499938964844	291.44000244140625	275.5866394042969	522800
2022-02-11	292.239990234375	296.8599853515625	290.1499938964844	294.92999267578125	278.8867492675781	347100
2022-02-14	295.7900085449219	296.05999755859375	289.5	293.1199951171875	277.17523193359375	314100
2022-02-15	294.7099914550781	301.19000244140625	293.3599853515625	300.6300048828125	284.2767639160156	259900
2022-02-16	299.94000244140625	306.4200134277344	299.2900085449219	303.0799865722656	286.5934753417969	634800
2022-02-17	301.8999938964844	303.0899963378906	294.6400146484375	302.760009765625	286.2908630371094	352600
2022-02-18	301.8699951171875	307.760009765625	301.8699951171875	304.4200134277344	287.8605651855469	265500
2022-02-22	305.5299987792969	306.5299987792969	297.80999755859375	300.44000244140625	284.0970458984375	306100
2022-02-23	302.6499938964844	304.0	299.0799865722656	300.0799865722656	283.75665283203125	309400
2022-02-24	293.6499938964844	293.6499938964844	282.239990234375	291.5	275.6434020996094	508800
2022-02-25	292.8999938964844	302.9599914550781	292.8999938964844	302.32000732421875	285.8748474121094	281300
2022-02-28	294.2799987792969	299.0199890136719	293.92999267578125	298.2200012207031	281.99786376953125	315800
2022-03-01	295.29998779296875	297.3699951171875	281.8900146484375	284.0899963378906	268.6364440917969	371200
2022-03-02	285.8699951171875	295.1700134277344	285.55999755859375	292.6700134277344	276.749755859375	264000
2022-03-03	291.9800109863281	293.67999267578125	288.0	289.1099853515625	273.3834228515625	260300
2022-03-04	282.8599853515625	283.92999267578125	279.489990234375	282.4100036621094	267.0478820800781	372300
2022-03-07	278.75	279.6099853515625	267.19000244140625	267.3500061035156	252.8070831298828	393500
2022-03-08	270.17999267578125	273.3999938964844	263.07000732421875	267.3599853515625	252.8165283203125	265800
2022-03-09	275.0	278.1499938964844	273.20001220703125	275.4800109863281	260.4948425292969	343800
2022-03-10	271.6099853515625	274.6099853515625	270.489990234375	273.7900085449219	258.89678955078125	269200
2022-03-11	275.8999938964844	277.54998779296875	271.19000244140625	271.4100036621094	256.6462097167969	282200
2022-03-14	276.8500061035156	277.6499938964844	271.2699890136719	272.010009765625	257.2135925292969	331100
2022-03-15	273.1600036621094	279.1499938964844	271.6099853515625	278.760009765625	265.1070556640625	291000
2022-03-16	282.4100036621094	284.989990234375	277.989990234375	283.3999938964844	269.51983642578125	285500
2022-03-17	280.739990234375	285.19000244140625	279.0	285.17999267578125	271.2126159667969	212900
2022-03-18	283.0299987792969	286.8900146484375	279.7200012207031	286.6600036621094	272.6201477050781	479500
2022-03-21	291.20001220703125	294.6000061035156	284.4200134277344	286.8999938964844	272.848388671875	392800
2022-03-22	288.0199890136719	295.1499938964844	287.0299987792969	292.2900085449219	277.9743957519531	224300
2022-03-23	292.0	295.1099853515625	291.0199890136719	291.8399963378906	277.5464172363281	267700
2022-03-24	293.010009765625	296.42999267578125	292.2300109863281	295.0	280.5516662597656	200600
2022-03-25	294.6700134277344	299.4200134277344	294.6300048828125	299.010009765625	284.3652648925781	157400
2022-03-28	298.8999938964844	298.8999938964844	295.19000244140625	297.7699890136719	283.1860046386719	128700
2022-03-29	300.20001220703125	303.04998779296875	298.5899963378906	302.5799865722656	287.76043701171875	197300
2022-03-30	303.8900146484375	306.82000732421875	302.30999755859375	304.7200012207031	289.795654296875	214600
2022-03-31	305.1099853515625	308.20001220703125	301.3800048828125	301.3800048828125	286.61920166015625	290800
2022-04-01	303.25	307.7099914550781	303.2200012207031	307.1000061035156	292.0590515136719	258400
2022-04-04	306.42999267578125	306.42999267578125	295.6400146484375	297.2900085449219	282.72955322265625	267500
2022-04-05	297.2900085449219	300.7900085449219	295.2200012207031	298.8800048828125	284.24163818359375	302500
2022-04-06	297.30999755859375	302.0199890136719	296.7900085449219	297.5400085449219	282.9673156738281	206700
2022-04-07	296.92999267578125	298.3999938964844	292.75	296.5400085449219	282.0162353515625	171800
2022-04-08	297.29998779296875	300.3699951171875	295.30999755859375	297.82000732421875	283.2335510253906	168500
2022-04-11	299.57000732421875	302.9599914550781	296.489990234375	296.9599914550781	282.4156799316406	227200
2022-04-12	297.239990234375	299.67999267578125	288.6400146484375	289.9200134277344	275.72052001953125	302900
2022-04-13	288.5299987792969	292.1000061035156	287.54998779296875	291.7699890136719	277.4798889160156	137200
2022-04-14	291.7799987792969	293.9700012207031	290.1300048828125	290.57000732421875	276.3386535644531	190100
2022-04-18	289.3399963378906	291.8800048828125	287.79998779296875	290.07000732421875	275.8631591796875	116000
2022-04-19	291.4700012207031	291.4700012207031	287.2900085449219	291.1300048828125	276.8712158203125	215800
2022-04-20	292.8999938964844	298.1199951171875	291.9100036621094	297.42999267578125	282.8626708984375	225700
2022-04-21	299.760009765625	302.0	292.7099914550781	293.05999755859375	278.7066955566406	183500
2022-04-22	292.4700012207031	292.69000244140625	286.1000061035156	286.17999267578125	272.16363525390625	190100
2022-04-25	284.989990234375	285.45001220703125	274.6499938964844	284.239990234375	270.31866455078125	272700
2022-04-26	281.7799987792969	284.32000732421875	278.5	278.510009765625	264.8693542480469	222400
2022-04-27	278.510009765625	287.1000061035156	278.5	284.79998779296875	270.85125732421875	403900
2022-04-28	290.9599914550781	290.9599914550781	274.55999755859375	282.6600036621094	268.8160400390625	417100
2022-04-29	280.7699890136719	282.8999938964844	274.010009765625	274.7099914550781	261.25543212890625	279000
2022-05-02	277.489990234375	279.6700134277344	272.4800109863281	277.42999267578125	263.8421630859375	269600
2022-05-03	279.0899963378906	282.9100036621094	277.8299865722656	279.5299987792969	265.8393859863281	172000
2022-05-04	280.489990234375	287.1499938964844	277.9599914550781	286.20001220703125	272.1826477050781	248100
2022-05-05	283.7300109863281	286.8299865722656	280.6000061035156	284.1400146484375	270.2236328125	208800
2022-05-06	284.8900146484375	288.8999938964844	283.4100036621094	287.32000732421875	273.247802734375	270300
2022-05-09	284.92999267578125	286.8399963378906	279.7699890136719	280.55999755859375	266.81890869140625	266600
2022-05-10	282.489990234375	285.2699890136719	276.69000244140625	279.2900085449219	265.61114501953125	246100
2022-05-11	280.010009765625	284.05999755859375	277.8699951171875	278.55999755859375	264.9168701171875	199900
2022-05-12	278.20001220703125	278.20001220703125	273.3900146484375	273.989990234375	260.5706787109375	438200
2022-05-13	275.489990234375	280.2799987792969	275.489990234375	280.0199890136719	266.3053283691406	278400
2022-05-16	279.1300048828125	284.0799865722656	278.8399963378906	282.3800048828125	268.5498046875	140300
2022-05-17	285.4800109863281	289.75	284.7099914550781	289.5299987792969	275.3495788574219	145200
2022-05-18	287.4800109863281	287.5299987792969	279.75	280.3900146484375	266.6572265625	237900
2022-05-19	277.6600036621094	280.0799865722656	271.3800048828125	276.3399963378906	262.80560302734375	255600
2022-05-20	277.4800109863281	277.989990234375	266.510009765625	270.57000732421875	257.3181457519531	246900
2022-05-23	274.92999267578125	276.75	272.3800048828125	274.4200134277344	260.9796447753906	271700
2022-05-24	272.5299987792969	275.3999938964844	266.8900146484375	273.94000244140625	262.0990905761719	233000
2022-05-25	272.739990234375	275.79998779296875	270.95001220703125	274.4200134277344	262.558349609375	266900
2022-05-26	277.2799987792969	280.5	274.5199890136719	279.2099914550781	267.1412353515625	213200
2022-05-27	279.5	284.9100036621094	279.1600036621094	284.7900085449219	272.48004150390625	144500
2022-05-31	282.6700134277344	284.7099914550781	280.1499938964844	282.5	270.2890625	258100
2022-06-01	282.19000244140625	284.05999755859375	275.3999938964844	278.5199890136719	266.4811096191406	157400
2022-06-02	279.3900146484375	281.8699951171875	274.75	281.6300048828125	269.4566345214844	124800
2022-06-03	279.9800109863281	280.92999267578125	278.0799865722656	280.2900085449219	268.174560546875	166300
2022-06-06	282.9200134277344	287.4700012207031	280.2699890136719	285.3900146484375	273.05413818359375	173100
2022-06-07	284.2099914550781	288.3599853515625	283.69000244140625	288.2099914550781	275.752197265625	121300
2022-06-08	286.6000061035156	287.0	281.4100036621094	281.7900085449219	269.6097412109375	148200
2022-06-09	282.1300048828125	283.05999755859375	277.8699951171875	277.92999267578125	265.9165954589844	130400
2022-06-10	273.17999267578125	281.7699890136719	270.3599853515625	278.1000061035156	266.0792541503906	444500
2022-06-13	273.1499938964844	275.9100036621094	268.04998779296875	269.67999267578125	258.023193359375	316600
2022-06-14	271.0400085449219	275.5899963378906	270.8500061035156	272.6700134277344	260.88397216796875	221000
2022-06-15	276.8299865722656	279.4200134277344	271.69000244140625	275.260009765625	263.3620300292969	307000
2022-06-16	270.45001220703125	271.95001220703125	263.6099853515625	265.0	253.54551696777344	282500
2022-06-17	266.9700012207031	270.6600036621094	264.8699951171875	269.1199951171875	257.4874267578125	597700
2022-06-21	273.67999267578125	273.92999267578125	270.1600036621094	270.8900146484375	259.1808776855469	222700
2022-06-22	267.45001220703125	273.1300048828125	267.45001220703125	271.5799865722656	259.841064453125	149300
2022-06-23	271.989990234375	275.0799865722656	268.7300109863281	272.2300109863281	260.4630126953125	267900
2022-06-24	273.94000244140625	283.6600036621094	273.94000244140625	283.19000244140625	270.94921875	323800
2022-06-27	283.3399963378906	284.010009765625	281.42999267578125	283.0299987792969	270.7961730957031	185200
2022-06-28	285.0	288.3299865722656	280.2900085449219	280.42999267578125	268.3085021972656	179100
2022-06-29	282.0199890136719	282.0199890136719	278.1000061035156	278.5400085449219	266.500244140625	165800
2022-06-30	276.3900146484375	282.8800048828125	274.95001220703125	280.2799987792969	268.1650085449219	243500
2022-07-01	278.9599914550781	285.05999755859375	278.6600036621094	283.7799987792969	271.51373291015625	140700
2022-07-05	279.6499938964844	279.760009765625	272.05999755859375	277.4200134277344	265.4286193847656	165300
2022-07-06	277.80999755859375	283.739990234375	274.17999267578125	281.5	269.3323059082031	184600
2022-07-07	282.94000244140625	288.0	282.94000244140625	285.6700134277344	273.32208251953125	437300
2022-07-08	285.7799987792969	285.7799987792969	280.5400085449219	280.7200012207031	268.5859680175781	230500
2022-07-11	278.6400146484375	284.2300109863281	278.6400146484375	279.8599853515625	267.7631530761719	133000
2022-07-12	279.3299865722656	281.1400146484375	276.1000061035156	276.8500061035156	264.8832702636719	215100
2022-07-13	274.4700012207031	278.69000244140625	274.4700012207031	276.92999267578125	264.9598083496094	315800
2022-07-14	270.8399963378906	270.8399963378906	262.94000244140625	263.1400146484375	251.76589965820312	270100
2022-07-15	266.0799865722656	266.32000732421875	262.2300109863281	263.17999267578125	251.80413818359375	230000
2022-07-18	265.0400085449219	268.1600036621094	260.5	261.6300048828125	250.3211669921875	282200
2022-07-19	265.3699951171875	270.57000732421875	263.32000732421875	269.9800109863281	258.3102111816406	188400
2022-07-20	269.9599914550781	271.0199890136719	267.5199890136719	269.54998779296875	257.8987731933594	220300
2022-07-21	269.6700134277344	270.3500061035156	265.3500061035156	270.239990234375	258.5589904785156	154600
2022-07-22	270.94000244140625	272.3999938964844	268.95001220703125	271.94000244140625	260.18548583984375	200600
2022-07-25	273.0400085449219	276.260009765625	272.2300109863281	273.80999755859375	261.9746398925781	137200
2022-07-26	273.3999938964844	274.4200134277344	270.3299865722656	271.82000732421875	260.0706787109375	189700
2022-07-27	270.8500061035156	273.82000732421875	267.989990234375	271.1199951171875	259.4009704589844	222300
2022-07-28	263.07000732421875	263.0799865722656	249.4600067138672	258.260009765625	247.09681701660156	830700
2022-07-29	258.3299865722656	261.7699890136719	256.4200134277344	261.3500061035156	250.0532684326172	417800
2022-08-01	259.489990234375	259.8900146484375	251.75999450683594	252.36000061035156	241.45184326171875	472300
2022-08-02	253.22999572753906	253.36000061035156	249.08999633789062	249.27999877929688	238.50498962402344	277900
2022-08-03	250.36000061035156	254.11000061035156	248.94000244140625	253.22000122070312	242.27467346191406	261000
2022-08-04	252.13999938964844	254.19000244140625	251.74000549316406	251.80999755859375	240.9256134033203	212000
2022-08-05	253.25	256.3399963378906	252.72000122070312	255.66000366210938	244.60922241210938	161100
2022-08-08	257.3399963378906	259.1199951171875	256.1199951171875	257.79998779296875	246.6566925048828	157100
2022-08-09	259.739990234375	262.69000244140625	259.7300109863281	260.82000732421875	249.5461883544922	201200
2022-08-10	263.80999755859375	265.760009765625	263.239990234375	264.30999755859375	252.88534545898438	212100
2022-08-11	266.7900085449219	271.82000732421875	266.7900085449219	271.2200012207031	259.49658203125	218900
2022-08-12	272.44000244140625	275.8999938964844	272.1099853515625	275.54998779296875	263.6394348144531	146300
2022-08-15	272.95001220703125	275.9200134277344	272.95001220703125	275.1400146484375	263.2471923828125	128400
2022-08-16	275.6300048828125	278.7799987792969	274.8699951171875	277.29998779296875	265.31378173828125	201600
2022-08-17	273.8999938964844	279.2699890136719	273.69000244140625	278.1700134277344	266.14617919921875	155400
2022-08-18	279.45001220703125	282.30999755859375	279.2200012207031	282.19000244140625	269.992431640625	142900
2022-08-19	282.17999267578125	283.989990234375	280.7699890136719	281.5	269.3323059082031	240800
2022-08-22	278.3999938964844	279.489990234375	274.3299865722656	274.6600036621094	262.7879638671875	211800
2022-08-23	272.7300109863281	274.57000732421875	271.9800109863281	272.6700134277344	262.460693359375	125200
2022-08-24	271.8699951171875	273.95001220703125	270.70001220703125	273.7099914550781	263.46173095703125	138000
2022-08-25	274.4200134277344	277.45001220703125	273.42999267578125	276.8299865722656	266.4648742675781	164500
2022-08-26	277.489990234375	277.489990234375	272.7799987792969	272.9200134277344	262.7012939453125	123900
2022-08-29	268.6600036621094	274.9200134277344	267.3299865722656	272.1300048828125	261.9408264160156	171100
2022-08-30	272.5199890136719	272.5199890136719	268.8699951171875	269.5	259.40936279296875	111500
2022-08-31	270.8900146484375	272.2099914550781	268.7099914550781	269.04998779296875	258.9761657714844	234500
2022-09-01	268.75	272.510009765625	267.9800109863281	272.3500061035156	262.15264892578125	197100
2022-09-02	274.3800048828125	280.20001220703125	272.7799987792969	274.010009765625	263.75048828125	167800
2022-09-06	276.010009765625	277.1199951171875	272.0199890136719	274.3999938964844	264.1258850097656	227500
2022-09-07	273.5299987792969	282.04998779296875	272.29998779296875	281.4200134277344	270.883056640625	258400
2022-09-08	280.6199951171875	286.8299865722656	280.6199951171875	285.5299987792969	274.8391418457031	205800
2022-09-09	286.3699951171875	287.3900146484375	282.2300109863281	282.69000244140625	272.1054992675781	307700
2022-09-12	284.760009765625	286.3999938964844	282.3699951171875	282.8299865722656	272.2402648925781	300600
2022-09-13	279.3900146484375	283.2699890136719	279.1199951171875	279.4800109863281	269.01568603515625	206800
2022-09-14	278.95001220703125	281.4800109863281	276.2099914550781	280.1499938964844	269.6605529785156	267900
2022-09-15	280.7799987792969	286.5799865722656	279.7699890136719	285.0199890136719	274.3482666015625	201300
2022-09-16	283.1600036621094	283.5199890136719	279.9599914550781	283.07000732421875	272.4712829589844	418400
2022-09-19	280.3699951171875	284.80999755859375	280.3699951171875	284.0199890136719	273.38568115234375	241900
2022-09-20	282.7799987792969	282.7799987792969	270.8999938964844	271.4599914550781	261.29595947265625	466600
2022-09-21	270.9599914550781	273.8699951171875	260.760009765625	260.82000732421875	251.05438232421875	330700
2022-09-22	261.4200134277344	261.4200134277344	254.91000366210938	257.5	247.85865783691406	415100
2022-09-23	254.77000427246094	255.72000122070312	251.66000366210938	255.1199951171875	245.56777954101562	380100
2022-09-26	252.72999572753906	254.57000732421875	245.42999267578125	245.7899932861328	236.58709716796875	571600
2022-09-27	246.99000549316406	254.1999969482422	244.5800018310547	253.85000610351562	244.34532165527344	706300
2022-09-28	254.50999450683594	262.1499938964844	253.82000732421875	259.44000244140625	249.72604370117188	490800
2022-09-29	257.42999267578125	268.69000244140625	255.94000244140625	267.5	257.4842529296875	403200
2022-09-30	269.239990234375	271.9200134277344	261.7099914550781	262.44000244140625	252.61367797851562	430100
2022-10-03	264.9700012207031	266.92999267578125	258.92999267578125	265.8900146484375	255.93453979492188	321000
2022-10-04	267.8699951171875	277.1300048828125	267.8699951171875	276.94000244140625	266.5707702636719	348200
2022-10-05	273.8299865722656	277.0199890136719	272.67999267578125	273.7300109863281	263.4809875488281	369900
2022-10-06	270.92999267578125	272.6199951171875	270.2799987792969	272.30999755859375	262.1141662597656	258200
2022-10-07	270.20001220703125	270.20001220703125	262.45001220703125	264.42999267578125	254.5291748046875	307900
2022-10-10	265.7300109863281	269.7200012207031	264.32000732421875	267.5	257.4842529296875	231200
2022-10-11	267.19000244140625	271.1499938964844	266.2699890136719	267.69000244140625	257.6671447753906	232400
2022-10-12	267.4800109863281	267.4800109863281	260.7699890136719	260.8399963378906	251.07359313964844	275100
2022-10-13	257.739990234375	275.1300048828125	256.7099914550781	273.8800048828125	263.6253662109375	337600
2022-10-14	275.20001220703125	278.45001220703125	269.5199890136719	270.30999755859375	260.18902587890625	286700
2022-10-17	275.0299987792969	275.0799865722656	271.57000732421875	273.6499938964844	263.4039611816406	221600
2022-10-18	278.30999755859375	280.6199951171875	277.1099853515625	278.260009765625	267.84136962890625	266200
2022-10-19	277.1400146484375	280.69000244140625	275.989990234375	279.67999267578125	269.2081604003906	246200
2022-10-20	276.6700134277344	276.6700134277344	269.7900085449219	270.010009765625	259.9002685546875	339800
2022-10-21	271.1600036621094	282.3999938964844	270.3399963378906	279.8800048828125	269.4007568359375	399000
2022-10-24	281.9700012207031	284.8999938964844	281.0299987792969	284.3900146484375	273.74188232421875	219800
2022-10-25	280.6400146484375	283.19000244140625	277.0899963378906	283.05999755859375	272.461669921875	295900
2022-10-26	286.1400146484375	287.30999755859375	279.8900146484375	281.5799865722656	271.03704833984375	327700
2022-10-27	291.5299987792969	304.3599853515625	289.55999755859375	301.760009765625	290.46142578125	510100
2022-10-28	303.7099914550781	321.7799987792969	303.7099914550781	321.6400146484375	309.5971374511719	709800
2022-10-31	318.1600036621094	324.6300048828125	316.92999267578125	322.6600036621094	310.57891845703125	422700
2022-11-01	324.010009765625	324.9200134277344	314.79998779296875	316.0299987792969	304.1971435546875	561400
2022-11-02	316.1600036621094	328.1000061035156	313.9200134277344	321.8699951171875	309.8185119628906	617900
2022-11-03	320.17999267578125	331.8999938964844	318.8399963378906	331.07000732421875	318.6741027832031	450300
2022-11-04	333.8900146484375	337.5	327.6499938964844	333.1600036621094	320.685791015625	587400
2022-11-07	333.7900085449219	333.8800048828125	325.55999755859375	328.7699890136719	316.4601135253906	301600
2022-11-08	327.54998779296875	331.9599914550781	325.25	325.67999267578125	313.4858093261719	242600
2022-11-09	322.69000244140625	325.9599914550781	319.489990234375	320.0400085449219	308.05706787109375	252400
2022-11-10	326.80999755859375	327.760009765625	318.4100036621094	320.19000244140625	308.2014465332031	336800
2022-11-11	321.9599914550781	322.1499938964844	306.0199890136719	308.7099914550781	297.1512451171875	444200
2022-11-14	310.1300048828125	315.2099914550781	309.8599853515625	310.0799865722656	298.46990966796875	229900
2022-11-15	312.04998779296875	316.2300109863281	307.8999938964844	316.2099914550781	304.3704528808594	280100
2022-11-16	316.05999755859375	320.7099914550781	313.44000244140625	317.3999938964844	305.515869140625	239800
2022-11-17	314.44000244140625	320.010009765625	312.2799987792969	317.3800048828125	305.49664306640625	230000
2022-11-18	321.1199951171875	325.9800109863281	318.1400146484375	323.489990234375	311.37786865234375	430000
2022-11-21	323.2300109863281	325.3800048828125	320.0299987792969	324.04998779296875	311.9168701171875	232900
2022-11-22	324.9200134277344	327.4700012207031	322.3800048828125	327.25	316.6091613769531	234800
2022-11-23	327.8399963378906	332.8699951171875	327.8399963378906	328.9100036621094	318.2152099609375	238100
2022-11-25	331.3999938964844	336.0400085449219	331.0899963378906	334.4200134277344	323.5460510253906	95300
2022-11-28	332.6700134277344	334.9700012207031	328.5199890136719	329.1400146484375	318.437744140625	220000
2022-11-29	329.010009765625	333.8399963378906	329.010009765625	332.79998779296875	321.97869873046875	191900
2022-11-30	332.75	338.0	328.3999938964844	337.94000244140625	326.95159912109375	379200
2022-12-01	339.8500061035156	340.6600036621094	329.82000732421875	330.3399963378906	319.5986633300781	299300
2022-12-02	329.2900085449219	336.1199951171875	329.2900085449219	333.4700012207031	322.626953125	226600
2022-12-05	332.25	333.55999755859375	327.5	330.5899963378906	319.840576171875	165900
2022-12-06	331.7300109863281	338.25	331.7300109863281	336.760009765625	325.8099365234375	281100
2022-12-07	335.6600036621094	338.2300109863281	330.2099914550781	332.95001220703125	322.1238098144531	192800
2022-12-08	336.2699890136719	336.79998779296875	332.55999755859375	333.739990234375	322.8881530761719	208900
2022-12-09	333.80999755859375	336.7900085449219	332.19000244140625	332.55999755859375	321.7464904785156	249200
2022-12-12	332.3999938964844	332.95001220703125	327.6099853515625	332.5400085449219	321.7271423339844	348300
2022-12-13	335.57000732421875	338.6099853515625	329.07000732421875	331.3500061035156	320.5758972167969	305300
2022-12-14	330.8299865722656	330.94000244140625	323.4100036621094	325.3900146484375	314.8096618652344	471500
2022-12-15	323.2300109863281	326.29998779296875	320.8500061035156	322.489990234375	312.0039367675781	523600
2022-12-16	319.95001220703125	325.010009765625	318.0299987792969	323.1099853515625	312.603759765625	1190700
2022-12-19	323.17999267578125	326.42999267578125	319.79998779296875	322.3800048828125	311.89752197265625	219100
2022-12-20	324.6400146484375	329.3900146484375	324.6400146484375	327.010009765625	316.37701416015625	239100
2022-12-21	329.2300109863281	335.4100036621094	327.8500061035156	335.2300109863281	324.3297119140625	227600
2022-12-22	334.0400085449219	336.17999267578125	328.75	332.79998779296875	321.97869873046875	261300
2022-12-23	332.57000732421875	336.1000061035156	330.1600036621094	334.9200134277344	324.02984619140625	158300
2022-12-27	335.3299865722656	338.3699951171875	334.489990234375	336.0799865722656	325.1520690917969	135200
2022-12-28	337.1000061035156	338.67999267578125	333.8800048828125	333.95001220703125	323.0913391113281	137000
2022-12-29	336.7200012207031	336.7200012207031	332.95001220703125	334.8599853515625	323.97174072265625	121700
2022-12-30	332.54998779296875	334.45001220703125	328.9599914550781	331.2699890136719	320.4984436035156	151900
2023-01-03	330.7900085449219	337.5400085449219	329.7900085449219	333.3800048828125	322.53985595703125	248100
2023-01-04	335.239990234375	341.3800048828125	335.239990234375	341.0899963378906	329.99920654296875	287500
2023-01-05	340.79998779296875	344.3999938964844	338.05999755859375	342.1400146484375	331.0150146484375	301000
2023-01-06	344.95001220703125	352.0899963378906	344.2799987792969	351.3999938964844	339.97393798828125	381700
2023-01-09	350.5899963378906	356.79998779296875	348.2799987792969	352.69000244140625	341.22198486328125	372400
2023-01-10	354.2900085449219	359.260009765625	352.29998779296875	358.95001220703125	347.2784423828125	279000
2023-01-11	359.54998779296875	361.6700134277344	351.7099914550781	352.7699890136719	341.2993469238281	305400
2023-01-12	352.760009765625	355.4599914550781	349.25	349.6099853515625	338.2420959472656	297400
2023-01-13	347.739990234375	355.4599914550781	347.4599914550781	352.9100036621094	341.4348449707031	362600
2023-01-17	353.1300048828125	354.2300109863281	345.5899963378906	346.6700134277344	335.39776611328125	322000
2023-01-18	347.95001220703125	348.32000732421875	343.8599853515625	345.4800109863281	334.24639892578125	185500
2023-01-19	344.30999755859375	346.510009765625	342.2699890136719	344.489990234375	333.2886047363281	246900
2023-01-20	345.9200134277344	345.9200134277344	336.0	338.32000732421875	327.31927490234375	310000
2023-01-23	339.92999267578125	341.2200012207031	336.6700134277344	338.9100036621094	327.8900451660156	156800
2023-01-24	337.0	343.7699890136719	334.3599853515625	343.5	332.330810546875	222300
2023-01-25	342.8299865722656	352.1199951171875	342.4700012207031	350.8399963378906	339.4320983886719	194300
2023-01-26	351.6499938964844	357.7699890136719	350.5299987792969	357.04998779296875	345.440185546875	186500
2023-01-27	356.69000244140625	359.1099853515625	349.67999267578125	350.989990234375	339.5772399902344	151200
2023-01-30	350.9700012207031	353.2699890136719	346.6600036621094	346.9200134277344	335.63958740234375	138300
2023-01-31	347.94000244140625	350.260009765625	344.2300109863281	349.69000244140625	338.3195495605469	161000
2023-02-01	347.75	359.3900146484375	346.04998779296875	356.3299865722656	344.74359130859375	322200
2023-02-02	355.20001220703125	355.20001220703125	339.0	341.42999267578125	330.3280944824219	445000
2023-02-03	341.0899963378906	342.55999755859375	335.6300048828125	342.3900146484375	331.2569274902344	242300
2023-02-06	342.3999938964844	346.20001220703125	341.07000732421875	345.7900085449219	334.54632568359375	244100
2023-02-07	344.1199951171875	356.1700134277344	342.1300048828125	355.1300048828125	343.5826721191406	310800
2023-02-08	353.4200134277344	362.010009765625	349.79998779296875	357.0899963378906	345.4788818359375	406500
2023-02-09	384.79998779296875	395.0	372.739990234375	378.4599914550781	366.1540222167969	729300
2023-02-10	379.1700134277344	379.7099914550781	371.32000732421875	379.4800109863281	367.140869140625	311400
2023-02-13	381.0	386.1199951171875	381.0	382.0	369.5789489746094	195500
2023-02-14	382.45001220703125	383.7699890136719	379.239990234375	379.6600036621094	367.3150634765625	201000
2023-02-15	379.0	384.5899963378906	376.7300109863281	384.4700012207031	371.9685974121094	248900
2023-02-16	382.70001220703125	385.54998779296875	379.6499938964844	380.3599853515625	367.9922790527344	241700
2023-02-17	380.1199951171875	388.07000732421875	380.1199951171875	386.75	374.1744689941406	307300
2023-02-21	386.0	386.4800109863281	380.3500061035156	381.7300109863281	369.3177185058594	260700
2023-02-22	380.92999267578125	384.3599853515625	378.3900146484375	379.7799987792969	367.4311218261719	207100
2023-02-23	380.0299987792969	384.739990234375	380.0299987792969	380.760009765625	368.3792419433594	259600
2023-02-24	379.80999755859375	386.7900085449219	378.010009765625	386.1700134277344	373.6133728027344	239800
2023-02-27	387.010009765625	387.6600036621094	379.8900146484375	381.1199951171875	368.7275695800781	199300
2023-02-28	382.30999755859375	386.20001220703125	382.010009765625	383.9700012207031	371.4848327636719	274200
2023-03-01	383.2699890136719	393.3999938964844	383.2699890136719	390.8399963378906	378.1314697265625	343800
2023-03-02	389.25	391.30999755859375	381.7900085449219	383.3800048828125	370.9140625	331800
2023-03-03	382.80999755859375	383.6000061035156	380.2099914550781	382.7699890136719	370.3238830566406	196000
2023-03-06	382.42999267578125	384.9200134277344	380.0199890136719	381.3299865722656	368.93072509765625	337200
2023-03-07	382.239990234375	386.29998779296875	379.79998779296875	383.2200012207031	370.7592468261719	168500
2023-03-08	384.75	384.75	378.20001220703125	382.1099853515625	369.68536376953125	239500
2023-03-09	379.760009765625	380.5199890136719	367.30999755859375	368.1600036621094	356.1889343261719	354500
2023-03-10	366.6099853515625	367.1400146484375	354.6700134277344	356.8999938964844	345.29510498046875	566100
2023-03-13	349.239990234375	351.57000732421875	339.1400146484375	346.1400146484375	334.88494873046875	565100
2023-03-14	352.5	362.510009765625	350.8999938964844	358.6700134277344	347.007568359375	439400
2023-03-15	347.92999267578125	349.25	331.6300048828125	338.3800048828125	328.8902893066406	520600
2023-03-16	336.82000732421875	359.0	336.2900085449219	354.25	344.31524658203125	371800
2023-03-17	352.1099853515625	352.1099853515625	332.3500061035156	334.1700134277344	324.7983093261719	779700
2023-03-20	337.8399963378906	351.05999755859375	336.2699890136719	347.8699951171875	338.1141662597656	373300
2023-03-21	355.30999755859375	359.3299865722656	352.1600036621094	353.75	343.8292541503906	198200
2023-03-22	353.17999267578125	354.1600036621094	345.7699890136719	345.8699951171875	336.17022705078125	329000
2023-03-23	345.989990234375	347.32000732421875	338.8599853515625	341.7900085449219	332.2046813964844	198100
2023-03-24	338.2799987792969	345.0299987792969	334.7099914550781	344.8299865722656	335.1593933105469	306600
2023-03-27	349.7900085449219	354.1400146484375	347.010009765625	349.7300109863281	339.9219970703125	252500
2023-03-28	348.9200134277344	355.4800109863281	348.9200134277344	353.8800048828125	343.9555969238281	212200
2023-03-29	357.8800048828125	360.3800048828125	355.54998779296875	359.0199890136719	348.9514465332031	196200
2023-03-30	359.9200134277344	360.3599853515625	352.9800109863281	356.1099853515625	346.1230773925781	233400
2023-03-31	357.3900146484375	359.69000244140625	353.95001220703125	358.0199890136719	347.9795227050781	251300
2023-04-03	357.30999755859375	363.3699951171875	357.30999755859375	361.95001220703125	351.7992858886719	166900
2023-04-04	364.1000061035156	364.1000061035156	352.6400146484375	358.55999755859375	348.50433349609375	148400
2023-04-05	356.739990234375	363.7799987792969	356.739990234375	363.0	352.8198547363281	269400
2023-04-06	363.94000244140625	366.989990234375	361.82000732421875	362.1000061035156	351.9450378417969	252200
2023-04-10	363.79998779296875	366.5899963378906	363.6099853515625	364.75	354.5207214355469	183300
2023-04-11	365.1300048828125	365.32000732421875	362.5899963378906	363.2799987792969	353.09197998046875	160100
2023-04-12	363.7699890136719	366.32000732421875	362.1000061035156	365.6000061035156	355.3469543457031	196600
2023-04-13	363.5	365.19000244140625	360.739990234375	362.7200012207031	352.5476989746094	268500
2023-04-14	363.55999755859375	364.3699951171875	355.6499938964844	359.2099914550781	349.1361083984375	246800
2023-04-17	358.54998779296875	363.82000732421875	357.1499938964844	363.79998779296875	353.5973815917969	232200
2023-04-18	364.95001220703125	370.2200012207031	363.8699951171875	369.6499938964844	359.2833251953125	226600
2023-04-19	370.7099914550781	374.4599914550781	369.239990234375	374.3399963378906	363.8418273925781	270700
2023-04-20	374.2799987792969	377.4700012207031	373.1499938964844	375.6000061035156	365.06646728515625	307000
2023-04-21	372.7300109863281	374.19000244140625	367.2900085449219	370.6199951171875	360.22613525390625	340300
2023-04-24	371.1199951171875	374.8699951171875	370.0199890136719	371.2900085449219	360.8773193359375	188000
2023-04-25	369.5400085449219	371.94000244140625	368.5400085449219	370.0	359.62353515625	181100
2023-04-26	367.6199951171875	371.8999938964844	367.20001220703125	368.94000244140625	358.59326171875	240400
2023-04-27	369.0299987792969	373.9200134277344	366.1400146484375	373.8699951171875	363.3849792480469	247400
2023-04-28	371.42999267578125	379.67999267578125	370.17999267578125	378.0	367.399169921875	249600
2023-05-01	376.8800048828125	382.04998779296875	376.260009765625	380.3399963378906	369.67352294921875	365800
2023-05-02	362.0	388.4800109863281	362.0	382.0	371.2869873046875	527800
2023-05-03	381.07000732421875	383.2099914550781	374.7699890136719	376.0400085449219	365.4941101074219	350300
2023-05-04	376.0299987792969	376.3299865722656	367.0299987792969	371.54998779296875	361.1300354003906	335200
2023-05-05	374.5299987792969	382.25	374.5299987792969	375.3999938964844	364.8721008300781	378800
2023-05-08	377.55999755859375	383.8900146484375	377.55999755859375	383.2200012207031	372.4727478027344	288000
2023-05-09	383.6499938964844	384.3599853515625	380.17999267578125	382.8699951171875	372.1325988769531	399300
2023-05-10	384.95001220703125	387.3800048828125	379.30999755859375	385.9800109863281	375.1553649902344	269100
2023-05-11	385.2699890136719	387.5	382.5	387.1000061035156	376.2439270019531	141200
2023-05-12	390.30999755859375	390.760009765625	383.04998779296875	385.8800048828125	375.05816650390625	187800
2023-05-15	387.92999267578125	387.92999267578125	379.07000732421875	383.25	372.50189208984375	141600
2023-05-16	382.2799987792969	383.5400085449219	377.3800048828125	378.3999938964844	367.78790283203125	118800
2023-05-17	367.0	373.92999267578125	366.1600036621094	369.0	358.651611328125	2127700
2023-05-18	369.989990234375	378.489990234375	367.32000732421875	377.5	366.91314697265625	1568300
2023-05-19	379.9100036621094	381.92999267578125	375.94000244140625	376.4700012207031	365.9120788574219	723300
2023-05-22	375.1099853515625	375.2699890136719	357.2699890136719	361.489990234375	351.3521728515625	722900
2023-05-23	367.0199890136719	377.489990234375	360.80999755859375	365.010009765625	354.7734680175781	862000
2023-05-24	363.69000244140625	364.05999755859375	355.5199890136719	361.42999267578125	351.2938537597656	450200
2023-05-25	361.010009765625	363.4800109863281	356.17999267578125	359.95001220703125	349.8553771972656	340900
2023-05-26	360.0	360.0	349.7799987792969	350.05999755859375	340.2427062988281	344800
2023-05-30	348.3900146484375	353.5299987792969	346.25	351.4100036621094	343.1723937988281	375200
2023-05-31	350.0	353.70001220703125	336.010009765625	340.0199890136719	332.04937744140625	885000
2023-06-01	340.1099853515625	340.94000244140625	332.57000732421875	339.42999267578125	331.4732360839844	422500
2023-06-02	339.8800048828125	345.20001220703125	339.0400085449219	343.1300048828125	335.0865173339844	442000
2023-06-05	345.8599853515625	346.5799865722656	340.3299865722656	342.5299987792969	334.5005798339844	602800
2023-06-06	344.19000244140625	349.6700134277344	342.0899963378906	349.510009765625	341.31695556640625	365400
2023-06-07	348.7799987792969	350.07000732421875	346.3399963378906	348.95001220703125	340.77008056640625	315900
2023-06-08	348.1000061035156	349.510009765625	341.6099853515625	341.6499938964844	333.6412048339844	258100
2023-06-09	340.6199951171875	346.20001220703125	340.239990234375	344.5899963378906	336.5122985839844	332100
2023-06-12	344.3699951171875	346.82000732421875	338.3900146484375	338.67999267578125	330.7408142089844	392800
2023-06-13	338.42999267578125	347.3399963378906	338.42999267578125	346.42999267578125	338.30914306640625	320700
2023-06-14	345.3900146484375	347.8299865722656	340.7699890136719	341.1099853515625	333.1138610839844	247600
2023-06-15	341.5899963378906	345.5	340.32000732421875	344.25	336.18023681640625	242500
2023-06-16	346.32000732421875	352.8399963378906	345.1099853515625	352.3500061035156	344.09039306640625	587700
2023-06-20	354.4200134277344	355.0	347.04998779296875	352.739990234375	344.4712219238281	342800
2023-06-21	355.0199890136719	355.6600036621094	351.67999267578125	351.8500061035156	343.6020812988281	281400
2023-06-22	353.6199951171875	354.6000061035156	350.2799987792969	353.42999267578125	345.1450500488281	245400
2023-06-23	351.8900146484375	353.29998779296875	343.67999267578125	345.6600036621094	337.5571594238281	518100
2023-06-26	346.8999938964844	347.70001220703125	338.4700012207031	339.9700012207031	332.00054931640625	532500
2023-06-27	340.3900146484375	342.5	335.42999267578125	337.8999938964844	329.9790954589844	315700
2023-06-28	337.19000244140625	337.19000244140625	331.0799865722656	332.8699951171875	325.0669860839844	469300
2023-06-29	334.29998779296875	341.0	332.9200134277344	339.6600036621094	331.69781494140625	475600
2023-06-30	341.04998779296875	344.0799865722656	339.05999755859375	341.8599853515625	333.84625244140625	549200
2023-07-03	340.69000244140625	343.20001220703125	335.1499938964844	341.8699951171875	333.85601806640625	150200
2023-07-05	340.94000244140625	340.94000244140625	333.6499938964844	339.6300048828125	331.6685485839844	284900
2023-07-06	338.94000244140625	342.7300109863281	338.94000244140625	341.2799987792969	333.27984619140625	349700
2023-07-07	346.8299865722656	355.260009765625	344.17999267578125	351.2799987792969	343.0454406738281	406900
2023-07-10	349.7900085449219	351.8999938964844	344.5799865722656	347.05999755859375	338.9244079589844	151500
2023-07-11	348.79998779296875	352.3599853515625	346.1400146484375	351.82000732421875	343.5727844238281	177500
2023-07-12	353.5299987792969	354.739990234375	348.739990234375	352.6400146484375	344.37359619140625	239800
2023-07-13	351.9800109863281	354.3500061035156	351.2900085449219	353.739990234375	345.44781494140625	240100
2023-07-14	353.4800109863281	353.6499938964844	348.75	352.6600036621094	344.3930969238281	211800
2023-07-17	352.9100036621094	361.9100036621094	352.9100036621094	359.0199890136719	350.60400390625	227000
2023-07-18	357.6000061035156	361.5400085449219	356.3900146484375	358.0400085449219	349.64703369140625	171000
2023-07-19	356.1400146484375	361.8999938964844	356.1400146484375	357.2300109863281	348.8559875488281	204200
2023-07-20	359.7200012207031	366.489990234375	359.7200012207031	365.05999755859375	356.50244140625	270300
2023-07-21	367.6300048828125	374.2200012207031	362.9100036621094	366.9599914550781	358.35791015625	290000
2023-07-24	366.3699951171875	373.3299865722656	365.5400085449219	370.1099853515625	361.4340515136719	276500
2023-07-25	369.9700012207031	370.7900085449219	366.20001220703125	366.57000732421875	357.97705078125	243800
2023-07-26	367.5400085449219	374.25	363.0400085449219	364.75	356.1996765136719	355400
2023-07-27	380.8999938964844	385.0	352.69000244140625	357.8399963378906	349.4516906738281	580900
2023-07-28	361.260009765625	364.6600036621094	354.32000732421875	359.1499938964844	350.73095703125	371600
2023-07-31	359.3900146484375	363.7699890136719	358.4100036621094	360.510009765625	352.05908203125	323500
2023-08-01	361.2200012207031	363.739990234375	357.5799865722656	359.2300109863281	350.8091125488281	257900
2023-08-02	360.739990234375	361.5299987792969	357.989990234375	359.54998779296875	351.12158203125	218000
2023-08-03	359.0	365.0400085449219	357.7900085449219	362.29998779296875	353.80712890625	216100
2023-08-04	360.80999755859375	362.70001220703125	354.5400085449219	355.29998779296875	346.97119140625	206400
2023-08-07	358.1600036621094	362.6499938964844	355.29998779296875	358.6700134277344	350.26226806640625	148100
2023-08-08	355.80999755859375	358.04998779296875	345.8299865722656	346.05999755859375	337.9477844238281	323800
2023-08-09	348.2900085449219	360.8399963378906	347.6700134277344	359.0	350.58447265625	287300
2023-08-10	362.6300048828125	366.42999267578125	357.6099853515625	358.6000061035156	350.19384765625	203900
2023-08-11	356.7300109863281	359.8800048828125	353.45001220703125	356.0199890136719	347.67431640625	189000
2023-08-14	356.989990234375	358.2200012207031	353.8699951171875	355.760009765625	347.42041015625	168300
2023-08-15	353.8399963378906	358.1099853515625	350.5899963378906	354.8800048828125	346.56103515625	200900
2023-08-16	354.80999755859375	358.5299987792969	352.5299987792969	354.9100036621094	346.5903625488281	146000
2023-08-17	358.29998779296875	360.1700134277344	345.6400146484375	347.19000244140625	339.0513000488281	144100
2023-08-18	345.8399963378906	352.19000244140625	345.8399963378906	348.3999938964844	340.2329406738281	164300
2023-08-21	348.04998779296875	351.07000732421875	343.3599853515625	348.6000061035156	340.42828369140625	133100
2023-08-22	347.04998779296875	348.9200134277344	344.95001220703125	346.79998779296875	338.67047119140625	132400
2023-08-23	347.760009765625	353.6600036621094	346.8399963378906	352.6099853515625	344.34423828125	167000
2023-08-24	352.510009765625	359.239990234375	350.9100036621094	358.0799865722656	349.68603515625	231500
2023-08-25	358.3500061035156	359.0	352.3399963378906	352.8800048828125	344.60797119140625	182000
2023-08-28	354.8699951171875	354.8699951171875	349.1300048828125	351.75	343.5044250488281	171900
2023-08-29	352.07000732421875	360.3299865722656	351.25	359.8500061035156	351.4145812988281	198300
2023-08-30	359.1099853515625	368.9200134277344	359.1099853515625	362.70001220703125	354.19775390625	275300
2023-08-31	362.79998779296875	364.2799987792969	360.0199890136719	360.67999267578125	352.2250671386719	245100
2023-09-01	363.3500061035156	367.9200134277344	362.30999755859375	364.79998779296875	356.2485046386719	190800
2023-09-05	364.3299865722656	367.7799987792969	361.44000244140625	361.6600036621094	353.18212890625	280600
2023-09-06	360.8299865722656	366.8699951171875	360.8299865722656	366.30999755859375	357.7231140136719	255500
2023-09-07	367.9700012207031	373.0	364.7699890136719	367.2200012207031	358.61175537109375	363800
2023-09-08	370.5	371.82000732421875	366.4800109863281	370.70001220703125	362.01025390625	256400
2023-09-11	372.7900085449219	379.7699890136719	372.7900085449219	377.8500061035156	368.99261474609375	303500
2023-09-12	378.6099853515625	380.80999755859375	373.8999938964844	376.2900085449219	367.4692077636719	282500
2023-09-13	378.0	379.69000244140625	371.7300109863281	375.1600036621094	366.3656921386719	235300
2023-09-14	379.07000732421875	380.6400146484375	376.6700134277344	380.1700134277344	371.2582092285156	239500
2023-09-15	377.9599914550781	381.8999938964844	377.9599914550781	379.2099914550781	370.32073974609375	396800
2023-09-18	377.44000244140625	385.0199890136719	374.6700134277344	384.3699951171875	377.1000061035156	335100
2023-09-19	385.2799987792969	389.4700012207031	383.5	388.6300048828125	381.2794494628906	444300
2023-09-20	390.1700134277344	393.1499938964844	388.1199951171875	391.989990234375	384.5758972167969	388400
2023-09-21	391.7200012207031	394.739990234375	390.82000732421875	392.4700012207031	385.0468444824219	453100
2023-09-22	392.20001220703125	394.69000244140625	391.2900085449219	391.79998779296875	384.38946533203125	404600
2023-09-25	390.1300048828125	393.2799987792969	386.2200012207031	388.69000244140625	381.33831787109375	269400
2023-09-26	386.67999267578125	390.1400146484375	383.80999755859375	386.07000732421875	378.7678527832031	345400
2023-09-27	386.7300109863281	386.7300109863281	376.239990234375	381.7200012207031	374.5001525878906	649900
2023-09-28	383.17999267578125	386.1600036621094	379.510009765625	381.489990234375	374.27447509765625	320800
2023-09-29	380.67999267578125	380.67999267578125	370.67999267578125	371.6700134277344	364.6402893066406	339700
2023-10-02	372.05999755859375	375.69000244140625	369.19000244140625	375.6199951171875	368.5154724121094	221800
2023-10-03	375.55999755859375	376.6499938964844	368.6000061035156	372.19000244140625	365.1504211425781	207700
2023-10-04	373.17999267578125	386.44000244140625	373.17999267578125	385.2900085449219	378.00262451171875	338400
2023-10-05	383.4700012207031	388.92999267578125	383.4700012207031	387.0799865722656	379.75872802734375	304100
2023-10-06	390.260009765625	394.4100036621094	385.5299987792969	391.7799987792969	384.369873046875	319000
2023-10-09	389.92999267578125	391.8399963378906	385.69000244140625	390.0799865722656	382.7020263671875	241200
2023-10-10	391.3999938964844	391.3999938964844	384.2300109863281	385.30999755859375	378.0222473144531	198600
2023-10-11	388.239990234375	393.2200012207031	387.9800109863281	392.5	385.0762634277344	237500
2023-10-12	396.5799865722656	398.7200012207031	390.8500061035156	393.8800048828125	386.43017578125	196400
2023-10-13	396.75	399.9200134277344	394.44000244140625	398.3800048828125	390.84503173828125	237800
2023-10-16	400.0	406.0299987792969	400.0	405.2799987792969	397.6145324707031	256800
2023-10-17	406.69000244140625	410.30999755859375	406.69000244140625	408.0400085449219	400.32232666015625	261100
2023-10-18	407.7099914550781	410.739990234375	405.3599853515625	406.25	398.56622314453125	290600
2023-10-19	405.5	408.2799987792969	401.6199951171875	401.8500061035156	394.2494201660156	350200
2023-10-20	401.9800109863281	402.9700012207031	394.57000732421875	396.0199890136719	388.5296630859375	389100
2023-10-23	395.42999267578125	397.19000244140625	388.5199890136719	389.0299987792969	381.6719055175781	349600
2023-10-24	387.95001220703125	397.92999267578125	387.57000732421875	397.1000061035156	389.5892639160156	481000
2023-10-25	397.32000732421875	406.1199951171875	394.6300048828125	396.69000244140625	389.18701171875	541900
2023-10-26	400.0	404.55999755859375	381.1300048828125	383.2200012207031	375.97174072265625	673000
2023-10-27	383.1499938964844	390.55999755859375	378.5899963378906	385.5799865722656	378.2871398925781	648800
2023-10-30	388.5899963378906	393.239990234375	386.4700012207031	392.6400146484375	385.2135925292969	323400
2023-10-31	394.2900085449219	397.9100036621094	393.19000244140625	395.6199951171875	388.1372375488281	420600
2023-11-01	398.0	403.5199890136719	395.6300048828125	402.3900146484375	394.77923583984375	392800
2023-11-02	400.0899963378906	400.32000732421875	379.57000732421875	382.0400085449219	374.8140869140625	825000
2023-11-03	381.94000244140625	389.1099853515625	378.760009765625	385.4100036621094	378.1203308105469	351000
2023-11-06	386.2699890136719	388.739990234375	379.6199951171875	382.7699890136719	375.5302734375	477900
2023-11-07	382.7699890136719	386.1199951171875	382.0	383.989990234375	376.72723388671875	247600
2023-11-08	384.9200134277344	386.6199951171875	379.82000732421875	381.2699890136719	374.05865478515625	270500
2023-11-09	383.2799987792969	386.54998779296875	376.44000244140625	380.1700134277344	372.9794616699219	420000
2023-11-10	380.4700012207031	385.69000244140625	378.6199951171875	384.67999267578125	377.40411376953125	274900
2023-11-13	385.7099914550781	386.5	381.79998779296875	385.8500061035156	378.5520324707031	368300
2023-11-14	387.5799865722656	401.4599914550781	387.5799865722656	393.1600036621094	385.7237243652344	662900
2023-11-15	395.2799987792969	398.010009765625	387.7200012207031	390.0199890136719	382.6431579589844	401800
2023-11-16	392.9700012207031	399.69000244140625	392.69000244140625	399.30999755859375	391.7574462890625	444000
2023-11-17	399.5199890136719	403.2300109863281	396.0	396.29998779296875	388.80438232421875	334600
2023-11-20	394.6600036621094	401.9200134277344	393.9599914550781	399.70001220703125	392.14007568359375	368300
2023-11-21	404.3500061035156	416.7799987792969	404.3500061035156	406.989990234375	399.2921447753906	413200
2023-11-22	405.29998779296875	408.45001220703125	403.4200134277344	408.010009765625	400.29290771484375	325600
2023-11-24	410.6700134277344	417.9200134277344	410.6700134277344	414.25	406.4148864746094	143700
2023-11-27	414.57000732421875	416.04998779296875	412.25	414.5899963378906	406.7484436035156	256100
2023-11-28	417.0400085449219	417.0400085449219	406.1499938964844	406.25	400.25567626953125	412400
2023-11-29	405.5299987792969	405.8699951171875	398.3800048828125	402.3399963378906	396.4033508300781	332100
2023-11-30	402.3299865722656	412.4700012207031	402.3299865722656	410.54998779296875	404.4922180175781	1225300
2023-12-01	409.2300109863281	413.17999267578125	406.9200134277344	407.6300048828125	401.6153259277344	288300
2023-12-04	405.67999267578125	408.7099914550781	398.1199951171875	399.05999755859375	393.1717834472656	517400
2023-12-05	397.989990234375	399.239990234375	394.29998779296875	397.19000244140625	391.329345703125	333500
2023-12-06	397.20001220703125	400.45001220703125	385.510009765625	390.3699951171875	384.6099853515625	452000
2023-12-07	390.510009765625	392.9599914550781	380.8399963378906	383.3599853515625	377.703369140625	332200
2023-12-08	384.19000244140625	386.6300048828125	382.25	384.7799987792969	379.1024475097656	292500
2023-12-11	386.55999755859375	395.45001220703125	385.32000732421875	390.7300109863281	384.9646911621094	259700
2023-12-12	391.0	400.1000061035156	390.260009765625	396.1300048828125	390.2850036621094	300200
2023-12-13	396.2699890136719	399.3800048828125	386.5899963378906	386.8299865722656	381.1221923828125	338600
2023-12-14	384.3299865722656	385.54998779296875	360.30999755859375	360.7799987792969	355.45660400390625	1173000
2023-12-15	358.3800048828125	363.7200012207031	353.2799987792969	356.0799865722656	350.825927734375	935500
2023-12-18	360.010009765625	368.69000244140625	357.3800048828125	363.79998779296875	358.4320068359375	697100
2023-12-19	363.6099853515625	369.0	362.760009765625	364.989990234375	359.6044616699219	483100
2023-12-20	364.0400085449219	366.989990234375	356.760009765625	356.7900085449219	351.5254821777344	388700
2023-12-21	356.3599853515625	358.9800109863281	352.7699890136719	357.6300048828125	352.35308837890625	395500
2023-12-22	358.0	360.29998779296875	353.45001220703125	353.6400146484375	348.42193603515625	277100
2023-12-26	354.94000244140625	355.8800048828125	349.69000244140625	351.2799987792969	346.09674072265625	355900
2023-12-27	350.0	352.57000732421875	348.6099853515625	350.69000244140625	345.5154724121094	377300
2023-12-28	350.0	354.2200012207031	350.0	352.6099853515625	347.4071044921875	214400
2023-12-29	352.4599914550781	354.4599914550781	351.04998779296875	353.5799865722656	348.36279296875	210500
2024-01-02	355.010009765625	362.2300109863281	355.0	361.6499938964844	356.3137512207031	409400
2024-01-03	362.7799987792969	368.8599853515625	361.2900085449219	363.95001220703125	358.579833984375	605600
2024-01-04	366.3800048828125	370.3699951171875	364.0799865722656	367.69000244140625	362.2646179199219	541800
2024-01-05	370.8299865722656	371.5299987792969	365.20001220703125	371.4100036621094	365.92974853515625	529900
2024-01-08	371.8699951171875	375.0	364.6499938964844	372.5	367.003662109375	437300
2024-01-09	372.25	372.25	362.6400146484375	368.510009765625	363.0725402832031	343100
2024-01-10	365.3800048828125	370.5799865722656	364.67999267578125	370.5	365.0331726074219	415800
2024-01-11	370.9599914550781	375.0799865722656	369.6400146484375	374.3699951171875	368.8460693359375	316100
2024-01-12	375.3299865722656	378.0	370.3900146484375	370.42999267578125	364.96417236328125	346900
2024-01-16	371.010009765625	373.0899963378906	367.6499938964844	369.2300109863281	363.78192138671875	316400
2024-01-17	368.4200134277344	372.7799987792969	364.3599853515625	365.20001220703125	359.8114013671875	294400
2024-01-18	363.0400085449219	369.45001220703125	361.3800048828125	368.9200134277344	363.47650146484375	261000
2024-01-19	372.55999755859375	377.4100036621094	371.2099914550781	373.8399963378906	368.3238830566406	340800
2024-01-22	373.2699890136719	377.2200012207031	371.42999267578125	374.70001220703125	369.17120361328125	271300
2024-01-23	374.30999755859375	376.4200134277344	371.7900085449219	374.989990234375	369.4568786621094	252700
2024-01-24	374.0	378.2300109863281	374.0	375.010009765625	369.4766540527344	331100
2024-01-25	376.1199951171875	378.17999267578125	369.5	376.55999755859375	371.0037841796875	274600
2024-01-26	376.8399963378906	379.92999267578125	375.9100036621094	379.75	374.14666748046875	254900
2024-01-29	378.739990234375	379.6400146484375	375.82000732421875	377.510009765625	371.9397277832031	337800
2024-01-30	377.6499938964844	380.0	377.1499938964844	379.7300109863281	374.12701416015625	288300
2024-01-31	382.80999755859375	388.5	382.1099853515625	384.9700012207031	379.2896728515625	344500
2024-02-01	382.1499938964844	382.1700134277344	375.8800048828125	378.4100036621094	372.8264465332031	368100
2024-02-02	381.239990234375	383.6000061035156	379.8900146484375	381.3399963378906	375.71319580078125	392400
2024-02-05	380.7799987792969	384.2900085449219	378.760009765625	381.80999755859375	376.1763000488281	250800
2024-02-06	382.8999938964844	384.3699951171875	380.0199890136719	380.6300048828125	375.01373291015625	294000
2024-02-07	382.07000732421875	386.2799987792969	380.4700012207031	383.94000244140625	378.2748718261719	429600
2024-02-08	359.8599853515625	365.010009765625	343.760009765625	354.55999755859375	349.3283996582031	1386200
2024-02-09	351.739990234375	355.19000244140625	348.3599853515625	353.760009765625	348.5401916503906	691500
2024-02-12	354.57000732421875	364.2799987792969	354.1300048828125	360.92999267578125	355.6043701171875	413700
2024-02-13	365.0	372.82000732421875	362.0199890136719	368.1600036621094	362.7276916503906	704900
2024-02-14	367.70001220703125	373.5199890136719	366.0400085449219	371.0400085449219	365.5652160644531	444300
2024-02-15	372.42999267578125	376.3999938964844	369.69000244140625	374.3800048828125	368.8559265136719	453300
2024-02-16	378.4700012207031	379.0	367.489990234375	367.8699951171875	362.4419860839844	392000
2024-02-20	365.92999267578125	372.9599914550781	365.92999267578125	368.1099853515625	362.6784362792969	388300
2024-02-21	367.0	369.510009765625	359.9599914550781	361.8999938964844	356.56005859375	456700
2024-02-22	363.989990234375	372.1300048828125	361.260009765625	370.45001220703125	364.9839172363281	507000
2024-02-23	370.45001220703125	372.2200012207031	368.7200012207031	370.8800048828125	365.4075622558594	225500
2024-02-26	370.8800048828125	373.70001220703125	366.4100036621094	367.0	361.5848388671875	265900
2024-02-27	365.79998779296875	367.7799987792969	363.5799865722656	367.7099914550781	362.2843322753906	227900
2024-02-28	368.5799865722656	371.6400146484375	367.3999938964844	370.3500061035156	364.8854064941406	259300
2024-02-29	369.8599853515625	369.8599853515625	364.2200012207031	368.8800048828125	363.4371032714844	496900
2024-03-01	368.5	370.0199890136719	367.0799865722656	369.9200134277344	364.4617614746094	455300
2024-03-04	369.5799865722656	371.9100036621094	365.489990234375	367.5	362.0774230957031	390300
2024-03-05	368.1199951171875	371.9599914550781	365.79998779296875	366.92999267578125	361.515869140625	364300
2024-03-06	368.7099914550781	371.55999755859375	365.7900085449219	370.17999267578125	364.7178649902344	286000
2024-03-07	369.510009765625	372.4200134277344	364.54998779296875	367.5	362.0774230957031	446900
2024-03-08	365.510009765625	369.8500061035156	363.3399963378906	367.70001220703125	362.2745056152344	332600
2024-03-11	367.3399963378906	381.3599853515625	365.5899963378906	379.6700134277344	374.06787109375	382500
2024-03-12	379.0400085449219	383.8900146484375	378.3399963378906	383.57000732421875	377.9103088378906	340900
2024-03-13	385.0	388.19000244140625	383.8699951171875	386.0400085449219	380.3438720703125	303000
2024-03-14	384.7900085449219	388.5	384.7900085449219	388.30999755859375	382.58038330078125	247900
2024-03-15	386.5899963378906	393.29998779296875	386.5899963378906	392.8699951171875	387.0730895996094	844900
2024-03-18	389.5299987792969	392.1400146484375	388.05999755859375	388.1099853515625	384.0942077636719	384200
2024-03-19	391.17999267578125	393.1499938964844	387.3800048828125	387.3999938964844	383.3915710449219	246300
2024-03-20	386.510009765625	390.92999267578125	386.510009765625	390.7200012207031	386.6772155761719	349600
2024-03-21	390.5400085449219	390.5400085449219	382.5899963378906	384.42999267578125	380.4523010253906	479900
2024-03-22	384.8299865722656	385.5299987792969	382.739990234375	384.1700134277344	380.19500732421875	271800
2024-03-25	384.5799865722656	392.3999938964844	383.6000061035156	391.8999938964844	387.8450012207031	253200
2024-03-26	391.0	393.4700012207031	386.94000244140625	388.30999755859375	384.29217529296875	279600
2024-03-27	391.5199890136719	396.2200012207031	390.19000244140625	395.7900085449219	391.69476318359375	245600
2024-03-28	396.57000732421875	399.8800048828125	396.29998779296875	397.5	393.3870544433594	241500
2024-04-01	395.95001220703125	399.4599914550781	395.30999755859375	398.0400085449219	393.9215087890625	191400
2024-04-02	399.57000732421875	400.75	391.79998779296875	391.8699951171875	387.8153076171875	305500
2024-04-03	390.95001220703125	391.8800048828125	384.760009765625	387.6199951171875	383.6092834472656	374500
2024-04-04	390.4800109863281	391.69000244140625	379.3999938964844	379.4599914550781	375.5337219238281	289900
2024-04-05	382.0400085449219	384.5899963378906	378.260009765625	379.8599853515625	375.9295959472656	251900
2024-04-08	381.2699890136719	384.0799865722656	379.2099914550781	381.1099853515625	377.1666564941406	220200
2024-04-09	380.6600036621094	380.7799987792969	369.739990234375	371.5	367.6560974121094	307600
2024-04-10	372.79998779296875	376.1400146484375	369.19000244140625	371.6400146484375	367.7946472167969	289200
2024-04-11	368.3500061035156	371.7300109863281	362.6199951171875	366.1499938964844	362.3614501953125	343000
2024-04-12	364.489990234375	368.0	361.1099853515625	361.80999755859375	358.06634521484375	243700
2024-04-15	364.6499938964844	368.1400146484375	359.1000061035156	359.5299987792969	355.8099670410156	207000
2024-04-16	359.9200134277344	361.8500061035156	356.5299987792969	359.9200134277344	356.1959228515625	302900
2024-04-17	356.8699951171875	358.7900085449219	354.0799865722656	357.1400146484375	353.4447021484375	446700
2024-04-18	359.70001220703125	362.1600036621094	355.2200012207031	360.2099914550781	356.48291015625	399200
2024-04-19	361.8800048828125	370.5400085449219	360.0	370.260009765625	366.4289245605469	425200
2024-04-22	371.29998779296875	376.0	369.3500061035156	372.8399963378906	368.98223876953125	233600
2024-04-23	373.8699951171875	374.57000732421875	367.8900146484375	368.6700134277344	364.85540771484375	285000
2024-04-24	366.32000732421875	367.2799987792969	362.17999267578125	365.739990234375	361.9556884765625	336000
2024-04-25	367.25	370.29998779296875	362.45001220703125	365.760009765625	361.9754943847656	330800
2024-04-26	363.8500061035156	366.3699951171875	361.44000244140625	364.70001220703125	360.92645263671875	294100
2024-04-29	365.0	369.489990234375	364.9599914550781	369.1099853515625	365.2908020019531	424700
2024-04-30	360.0	367.6199951171875	351.5199890136719	366.4100036621094	362.6187744140625	563300
2024-05-01	366.6300048828125	375.17999267578125	366.6300048828125	369.8999938964844	366.0726318359375	567000
2024-05-02	372.0799865722656	373.4200134277344	366.29998779296875	372.07000732421875	368.2201843261719	531400
2024-05-03	371.05999755859375	371.1099853515625	363.4700012207031	369.6499938964844	365.8252258300781	194900
2024-05-06	370.9700012207031	379.1099853515625	370.239990234375	379.0	375.0784912109375	290900
2024-05-07	381.1600036621094	381.3399963378906	376.6000061035156	378.6400146484375	374.7222595214844	319800
2024-05-08	380.739990234375	383.57000732421875	377.3599853515625	380.9700012207031	377.02813720703125	196100
2024-05-09	380.489990234375	382.8800048828125	379.45001220703125	380.5299987792969	376.5926513671875	140400
2024-05-10	381.4100036621094	385.55999755859375	380.9700012207031	382.92999267578125	378.96783447265625	145200
2024-05-13	382.4100036621094	384.9100036621094	380.760009765625	381.17999267578125	377.2359313964844	191900
2024-05-14	380.510009765625	380.510009765625	374.5799865722656	378.760009765625	374.8409729003906	219400
2024-05-15	378.55999755859375	380.95001220703125	374.6499938964844	375.1099853515625	371.2287292480469	201300
2024-05-16	380.5400085449219	389.1499938964844	377.8399963378906	388.2699890136719	384.2525634765625	353000
2024-05-17	391.2699890136719	393.9100036621094	388.0899963378906	392.9200134277344	388.8544616699219	261200
2024-05-20	394.0400085449219	394.0400085449219	389.1000061035156	389.79998779296875	385.7667541503906	227200
2024-05-21	390.489990234375	394.5899963378906	390.489990234375	394.1600036621094	390.0816345214844	296400
2024-05-22	394.5799865722656	400.7900085449219	393.9599914550781	399.5299987792969	395.3960876464844	259100
2024-05-23	398.7900085449219	399.0899963378906	385.1099853515625	387.3800048828125	383.3717956542969	317100
2024-05-24	387.6499938964844	391.8500061035156	387.6499938964844	391.7799987792969	387.72625732421875	98800
2024-05-28	390.760009765625	392.3399963378906	388.260009765625	388.4599914550781	384.44061279296875	202700
2024-05-29	385.7099914550781	386.8699951171875	382.3800048828125	382.69000244140625	380.6903076171875	228300
2024-05-30	383.29998779296875	389.70001220703125	381.989990234375	388.5299987792969	386.4997863769531	227000
2024-05-31	387.82000732421875	392.04998779296875	387.29998779296875	390.92999267578125	388.8872375488281	369800
2024-06-03	391.0	393.239990234375	383.760009765625	386.760009765625	384.7390441894531	201500
2024-06-04	384.94000244140625	389.6600036621094	383.5799865722656	384.7099914550781	382.6997375488281	195000
2024-06-05	385.04998779296875	385.04998779296875	377.0799865722656	380.57000732421875	378.5813903808594	198600
2024-06-06	381.20001220703125	383.5199890136719	379.3599853515625	379.6600036621094	377.6761474609375	114600
2024-06-07	381.0799865722656	386.9800109863281	381.0799865722656	382.80999755859375	380.8096923828125	136300
2024-06-10	380.6600036621094	383.17999267578125	378.3900146484375	381.6099853515625	379.6159362792969	139600
2024-06-11	379.5899963378906	379.8299865722656	376.8299865722656	379.1000061035156	377.11907958984375	156700
2024-06-12	377.75	380.67999267578125	370.3299865722656	373.7099914550781	371.7572326660156	166100
2024-06-13	372.70001220703125	374.70001220703125	368.75	374.42999267578125	372.47344970703125	147800
2024-06-14	372.2099914550781	372.7699890136719	365.489990234375	367.55999755859375	365.6393737792969	203700
2024-06-17	368.8599853515625	379.1499938964844	366.3900146484375	376.3900146484375	374.4232482910156	218700
2024-06-18	376.0	381.19000244140625	372.9700012207031	377.25	375.27874755859375	218400
2024-06-20	378.2099914550781	381.6499938964844	378.04998779296875	380.2799987792969	378.29290771484375	269200
2024-06-21	380.3399963378906	380.3399963378906	375.4800109863281	377.19000244140625	375.21905517578125	553300
2024-06-24	378.7099914550781	383.6099853515625	375.8999938964844	382.010009765625	380.01385498046875	212200
2024-06-25	383.45001220703125	384.44000244140625	379.0799865722656	381.6600036621094	379.6656799316406	177300
2024-06-26	378.8900146484375	378.8900146484375	372.7799987792969	376.19000244140625	374.2242736816406	196600
2024-06-27	375.8500061035156	381.239990234375	375.8500061035156	380.5	378.5117492675781	157500
2024-06-28	380.0299987792969	383.489990234375	377.3500061035156	381.0199890136719	379.0290222167969	511200
2024-07-01	384.8800048828125	385.760009765625	376.9200134277344	378.6199951171875	376.6415710449219	250000
2024-07-02	372.0299987792969	372.8999938964844	367.010009765625	369.6700134277344	367.73834228515625	318000
2024-07-03	367.2200012207031	369.1499938964844	360.92999267578125	364.7699890136719	362.8639221191406	262600
2024-07-05	363.25	365.5799865722656	358.6300048828125	362.8500061035156	360.9539794921875	495200
2024-07-08	370.92999267578125	373.760009765625	370.1400146484375	373.0400085449219	371.0907287597656	274700
2024-07-09	370.42999267578125	375.8999938964844	370.07000732421875	372.79998779296875	370.8519592285156	268900
2024-07-10	372.75	378.45001220703125	372.75	378.1499938964844	376.17401123046875	231700
2024-07-11	378.989990234375	380.1499938964844	375.3900146484375	379.80999755859375	377.8253479003906	185000
2024-07-12	381.8800048828125	383.7900085449219	378.80999755859375	381.6400146484375	379.64581298828125	176100
2024-07-15	386.5199890136719	399.44000244140625	385.04998779296875	396.260009765625	394.1894226074219	488800
2024-07-16	396.2300109863281	402.010009765625	393.29998779296875	394.6000061035156	392.5380859375	222000
2024-07-17	396.760009765625	403.8800048828125	395.2200012207031	398.0799865722656	395.9998779296875	312500
2024-07-18	398.79998779296875	406.3999938964844	398.1300048828125	400.0	397.90985107421875	224400
2024-07-19	398.7900085449219	399.739990234375	383.760009765625	385.32000732421875	383.30657958984375	916800
2024-07-22	390.510009765625	390.510009765625	384.7900085449219	388.7200012207031	386.6888122558594	213500
2024-07-23	387.8900146484375	389.6099853515625	382.92999267578125	384.8599853515625	382.84893798828125	182900
2024-07-24	386.57000732421875	388.0	380.6499938964844	381.5400085449219	379.54632568359375	235800
2024-07-25	377.8800048828125	384.5199890136719	372.7799987792969	373.75	371.7970275878906	466600
2024-07-26	373.79998779296875	385.3299865722656	373.1199951171875	382.92999267578125	380.9290466308594	332500
2024-07-29	382.0799865722656	385.5400085449219	380.6499938964844	384.0	381.99346923828125	378300
2024-07-30	386.989990234375	392.0199890136719	384.7099914550781	389.44000244140625	387.405029296875	385000
2024-07-31	389.25	397.4800109863281	386.45001220703125	392.8699951171875	390.8171081542969	494500
2024-08-01	385.0	388.6199951171875	365.0	368.3399963378906	366.415283203125	841500
2024-08-02	366.2200012207031	370.20001220703125	360.1600036621094	364.1300048828125	362.227294921875	407900
2024-08-05	360.6700134277344	361.29998779296875	350.6099853515625	356.29998779296875	354.4382019042969	610800
2024-08-06	356.5	362.70001220703125	355.510009765625	358.6400146484375	356.7659912109375	586800
2024-08-07	361.05999755859375	363.57000732421875	358.9700012207031	360.6300048828125	358.7455749511719	378200
2024-08-08	361.4800109863281	366.5299987792969	361.4800109863281	364.20001220703125	362.29693603515625	310300
2024-08-09	364.2900085449219	364.6700134277344	360.8900146484375	364.5	362.5953674316406	280700
2024-08-12	365.3999938964844	365.9700012207031	359.6000061035156	360.9100036621094	359.02410888671875	387100
2024-08-13	362.8999938964844	365.3699951171875	359.7099914550781	363.1099853515625	361.2126159667969	217700
2024-08-14	363.1099853515625	370.42999267578125	363.1099853515625	369.5400085449219	367.6090393066406	166600
2024-08-15	372.0799865722656	374.0	369.2699890136719	373.4599914550781	371.5085144042969	207500
2024-08-16	374.3699951171875	376.82000732421875	372.489990234375	374.5400085449219	372.5829162597656	196800
2024-08-19	374.8500061035156	378.760009765625	374.8500061035156	378.739990234375	376.76092529296875	150700
2024-08-20	377.95001220703125	379.44000244140625	374.44000244140625	377.239990234375	375.2687683105469	285200
2024-08-21	379.2099914550781	379.6700134277344	374.510009765625	378.6499938964844	376.6714172363281	132200
2024-08-22	377.8699951171875	382.44000244140625	376.9599914550781	382.1700134277344	380.17303466796875	179600
2024-08-23	384.5199890136719	388.7200012207031	382.3800048828125	388.6300048828125	386.5992736816406	143200
2024-08-26	395.80999755859375	397.9100036621094	388.9700012207031	389.4599914550781	387.4249267578125	372000
2024-08-27	390.510009765625	392.8900146484375	387.8399963378906	388.1300048828125	386.1018981933594	357500
2024-08-28	388.67999267578125	390.54998779296875	384.7799987792969	389.6099853515625	387.5741271972656	287800
2024-08-29	391.04998779296875	392.8399963378906	387.0	390.4200134277344	388.3799133300781	296900
2024-08-30	391.9200134277344	392.5299987792969	386.6700134277344	392.239990234375	390.1903991699219	377400
2024-09-03	391.32000732421875	395.6700134277344	390.0	393.2699890136719	391.2149963378906	373300
2024-09-04	396.260009765625	400.0	391.94000244140625	392.5	390.44903564453125	349300
2024-09-05	396.57000732421875	396.57000732421875	387.2099914550781	389.5	387.4647216796875	219200
2024-09-06	388.4599914550781	390.7200012207031	382.9200134277344	383.3900146484375	381.38665771484375	283200
2024-09-09	385.7900085449219	389.57000732421875	381.3299865722656	387.0199890136719	384.9976806640625	312600
2024-09-10	388.2200012207031	389.0400085449219	379.4800109863281	381.1600036621094	379.1683044433594	253300
2024-09-11	381.30999755859375	381.30999755859375	372.7699890136719	376.55999755859375	374.59234619140625	295200
2024-09-12	376.3699951171875	379.1600036621094	374.0	379.04998779296875	377.0693054199219	214800
2024-09-13	381.17999267578125	383.80999755859375	379.4599914550781	382.75	380.75	306200
2024-09-16	382.70001220703125	391.67999267578125	382.6499938964844	389.42999267578125	389.42999267578125	287600
2024-09-17	389.5	392.2099914550781	387.3900146484375	387.5400085449219	387.5400085449219	219600
2024-09-18	388.9200134277344	392.17999267578125	386.760009765625	388.6600036621094	388.6600036621094	358200
2024-09-19	391.739990234375	393.30999755859375	386.6400146484375	388.29998779296875	388.29998779296875	465100
2024-09-20	388.6300048828125	391.8500061035156	385.9700012207031	387.5	387.5	718000
2024-09-23	388.8699951171875	390.9100036621094	386.1199951171875	386.70001220703125	386.70001220703125	325600
2024-09-24	388.739990234375	389.25	382.5199890136719	383.1400146484375	383.1400146484375	295100
2024-09-25	384.2200012207031	385.1099853515625	379.1199951171875	382.8500061035156	382.8500061035156	381900
2024-09-26	382.9200134277344	389.1600036621094	381.20001220703125	387.5400085449219	387.5400085449219	354500
2024-09-27	388.8500061035156	395.3900146484375	388.1099853515625	395.1400146484375	395.1400146484375	460400
2024-09-30	395.6400146484375	396.05999755859375	387.8399963378906	391.8299865722656	391.8299865722656	283200
2024-10-01	390.2300109863281	396.29998779296875	389.6700134277344	396.2200012207031	396.2200012207031	318000
2024-10-02	395.29998779296875	398.3699951171875	393.55999755859375	396.3999938964844	396.3999938964844	274400
2024-10-03	395.2099914550781	397.5	391.19000244140625	393.6199951171875	393.6199951171875	267500
2024-10-04	398.19000244140625	407.29998779296875	396.17999267578125	407.0400085449219	407.0400085449219	306000
2024-10-07	400.0	401.989990234375	368.79998779296875	372.54998779296875	372.54998779296875	1130100
2024-10-08	375.3900146484375	381.0	370.5199890136719	373.7300109863281	373.7300109863281	988400
2024-10-09	371.0	391.989990234375	369.3699951171875	388.8900146484375	388.8900146484375	892900
2024-10-10	400.7300109863281	402.1099853515625	391.0	393.8599853515625	393.8599853515625	460400
2024-10-11	396.75	399.0899963378906	392.57000732421875	393.9599914550781	393.9599914550781	301600
2024-10-14	394.8399963378906	399.9100036621094	389.69000244140625	398.6600036621094	398.6600036621094	366600
2024-10-15	398.3900146484375	401.82000732421875	387.8900146484375	388.239990234375	388.239990234375	333100
2024-10-16	388.17999267578125	391.44000244140625	384.0799865722656	386.07000732421875	386.07000732421875	359100
2024-10-17	389.260009765625	389.5799865722656	382.8999938964844	385.9700012207031	385.9700012207031	493000
2024-10-18	388.44000244140625	389.7799987792969	382.3699951171875	384.2300109863281	384.2300109863281	1019600
2024-10-21	386.5400085449219	389.3399963378906	383.1300048828125	386.6499938964844	386.6499938964844	238700
2024-10-22	383.510009765625	386.3599853515625	378.6000061035156	385.3500061035156	385.3500061035156	270200
2024-10-23	385.8299865722656	386.2200012207031	381.0	385.6600036621094	385.6600036621094	222800
2024-10-24	389.29998779296875	389.5899963378906	384.9800109863281	387.1000061035156	387.1000061035156	227600
2024-10-25	388.5	388.5	377.3599853515625	379.6099853515625	379.6099853515625	347600
2024-10-28	383.5199890136719	386.8500061035156	381.2200012207031	381.44000244140625	381.44000244140625	250600
2024-10-29	381.3800048828125	383.989990234375	376.6199951171875	376.760009765625	376.760009765625	314700
2024-10-30	376.0	383.05999755859375	375.4100036621094	380.0	380.0	385100
2024-10-31	363.04998779296875	370.29998779296875	352.44000244140625	355.6099853515625	355.6099853515625	1032400
2024-11-01	353.67999267578125	357.1199951171875	350.1099853515625	350.9700012207031	350.9700012207031	552500
2024-11-04	351.0	352.739990234375	346.7900085449219	347.75	347.75	373100
2024-11-05	347.75	354.80999755859375	347.3800048828125	354.6099853515625	354.6099853515625	492600
2024-11-06	372.30999755859375	372.30999755859375	358.989990234375	366.6000061035156	366.6000061035156	414700
2024-11-07	370.0	370.0	361.2099914550781	362.04998779296875	362.04998779296875	463900
2024-11-08	370.2699890136719	370.2699890136719	366.2099914550781	368.2900085449219	368.2900085449219	408400
2024-11-11	371.54998779296875	371.54998779296875	366.0299987792969	369.4200134277344	369.4200134277344	525700
2024-11-12	367.2900085449219	370.239990234375	366.5199890136719	368.7099914550781	368.7099914550781	397900
2024-11-13	367.70001220703125	373.0899963378906	365.8900146484375	370.67999267578125	370.67999267578125	341000
2024-11-14	368.1600036621094	370.0	364.6099853515625	366.5	366.5	350200
2024-11-15	368.4800109863281	372.5199890136719	367.3599853515625	371.3299865722656	371.3299865722656	355500
2024-11-18	366.7200012207031	373.45001220703125	366.7200012207031	373.3299865722656	373.3299865722656	234400
2024-11-19	368.010009765625	371.8299865722656	367.0	370.44000244140625	370.44000244140625	320200
2024-11-20	371.45001220703125	377.489990234375	370.1099853515625	376.8699951171875	376.8699951171875	418700
2024-11-21	379.5400085449219	388.20001220703125	375.8299865722656	385.1499938964844	385.1499938964844	446000
2024-11-22	386.3800048828125	390.9200134277344	386.3800048828125	389.0	389.0	519600
2024-11-25	391.6600036621094	392.7799987792969	387.1600036621094	390.1000061035156	390.1000061035156	1768600
2024-11-26	386.7200012207031	390.6099853515625	383.92999267578125	387.5	387.5	398000
2024-11-27	386.9800109863281	392.1099853515625	386.5400085449219	389.0	389.0	330900
2024-11-29	389.30999755859375	391.9800109863281	387.2900085449219	387.55999755859375	387.55999755859375	264900
2024-12-02	388.19000244140625	388.19000244140625	382.7699890136719	383.7300109863281	383.7300109863281	379600
2024-12-03	384.1000061035156	388.4800109863281	381.5	385.2099914550781	385.2099914550781	579100
2024-12-04	386.04998779296875	386.04998779296875	377.8599853515625	378.7699890136719	378.7699890136719	340800
2024-12-05	380.260009765625	380.260009765625	374.57000732421875	374.7099914550781	374.7099914550781	404500
2024-12-06	373.8800048828125	374.989990234375	368.67999267578125	371.3999938964844	371.3999938964844	257800
2024-12-09	369.67999267578125	375.25	367.6400146484375	368.1700134277344	368.1700134277344	364200
2024-12-10	367.0400085449219	367.3399963378906	357.4200134277344	362.45001220703125	362.45001220703125	325200
2024-12-11	362.8800048828125	363.04998779296875	359.0199890136719	362.3500061035156	362.3500061035156	328300
2024-12-12	365.42999267578125	367.6300048828125	361.44000244140625	362.6199951171875	362.6199951171875	298400
2024-12-13	365.489990234375	365.489990234375	361.9599914550781	362.80999755859375	362.80999755859375	288900
2024-12-16	365.1000061035156	365.1000061035156	356.989990234375	357.7699890136719	357.7699890136719	348600
2024-12-17	354.6199951171875	356.1300048828125	352.4100036621094	355.05999755859375	355.05999755859375	379800
2024-12-18	355.239990234375	359.44000244140625	348.1199951171875	348.3299865722656	348.3299865722656	505100
2024-12-19	347.8800048828125	351.9800109863281	347.75	349.3599853515625	349.3599853515625	410700
2024-12-20	346.4800109863281	359.69000244140625	346.0899963378906	356.6400146484375	356.6400146484375	772200
2024-12-23	353.75	359.739990234375	353.7099914550781	359.3500061035156	359.3500061035156	301400
2024-12-24	359.29998779296875	362.3800048828125	357.8500061035156	362.3800048828125	362.3800048828125	84500
2024-12-26	361.8699951171875	363.510009765625	360.1199951171875	362.1300048828125	362.1300048828125	145900
2024-12-27	359.2699890136719	362.9599914550781	358.3399963378906	359.95001220703125	359.95001220703125	191000
2024-12-30	359.1000061035156	360.92999267578125	355.4100036621094	359.67999267578125	359.67999267578125	206300
2024-12-31	361.5299987792969	363.6600036621094	360.44000244140625	362.4599914550781	362.4599914550781	274600
2025-01-02	365.1700134277344	366.9800109863281	359.55999755859375	363.3299865722656	363.3299865722656	321400
2025-01-03	365.0	365.7799987792969	360.54998779296875	365.1400146484375	365.1400146484375	292600
2025-01-06	365.0	370.5799865722656	361.04998779296875	361.6700134277344	361.6700134277344	354400
2025-01-07	363.0	373.04998779296875	362.75	371.0199890136719	371.0199890136719	318500
2025-01-08	367.2099914550781	369.17999267578125	361.5	368.42999267578125	368.42999267578125	354800
2025-01-10	362.4800109863281	365.3599853515625	353.30999755859375	353.5199890136719	353.5199890136719	612100
2025-01-13	353.54998779296875	356.67999267578125	350.95001220703125	351.69000244140625	351.69000244140625	296600
2025-01-14	350.0	358.79998779296875	349.1499938964844	358.3399963378906	358.3399963378906	316800
2025-01-15	363.2300109863281	363.2300109863281	355.95001220703125	357.8900146484375	357.8900146484375	319400
2025-01-16	358.5199890136719	363.0799865722656	358.010009765625	360.239990234375	360.239990234375	323300
2025-01-17	362.6499938964844	365.8500061035156	360.2300109863281	362.1700134277344	362.1700134277344	370700
