Date	Open	High	Low	Close	Adj Close	Volume
2022-01-21	147.5	147.50999450683594	144.27000427246094	145.0800018310547	133.4949493408203	20705400
2022-01-24	142.27999877929688	145.47999572753906	139.57000732421875	144.9499969482422	133.3753204345703	28471400
2022-01-25	143.64999389648438	146.85000610351562	140.7899932861328	146.52999877929688	134.82916259765625	18915900
2022-01-26	148.72000122070312	150.57000732421875	145.9600067138672	147.9199981689453	136.10812377929688	20709100
2022-01-27	149.4199981689453	150.3800048828125	144.1300048828125	145.30999755859375	133.7065887451172	17536800
2022-01-28	144.19000244140625	146.75999450683594	142.1699981689453	146.61000061035156	134.9027557373047	14117000
2022-01-31	145.63999938964844	148.7899932861328	144.6699981689453	148.60000610351562	136.73385620117188	13985700
2022-02-01	148.69000244140625	151.47000122070312	148.3000030517578	151.14999389648438	139.08023071289062	14584900
2022-02-02	150.5	150.94000244140625	148.07000732421875	149.94000244140625	137.9668731689453	12441100
2022-02-03	150.0	151.64999389648438	148.2899932861328	148.6999969482422	136.82586669921875	12474900
2022-02-04	149.10000610351562	153.5	148.77000427246094	152.55999755859375	140.37765502929688	16654400
2022-02-07	153.27000427246094	153.6199951171875	150.85000610351562	153.07000732421875	140.84690856933594	12572300
2022-02-08	155.0	158.47999572753906	154.8000030517578	155.9499969482422	143.4969482421875	20411400
2022-02-09	156.58999633789062	157.42999267578125	155.82000732421875	156.60000610351562	144.09503173828125	9131100
2022-02-10	156.66000366210938	159.02999877929688	155.22000122070312	155.9499969482422	143.4969482421875	16455600
2022-02-11	155.61000061035156	158.19000244140625	152.97000122070312	153.9199981689453	141.62904357910156	16830000
2022-02-14	152.72999572753906	153.67999267578125	150.32000732421875	152.49000549316406	140.31321716308594	17026500
2022-02-15	154.50999450683594	155.94000244140625	153.85000610351562	154.72000122070312	142.3651580810547	9500000
2022-02-16	153.74000549316406	156.10000610351562	153.74000549316406	155.0	142.62278747558594	9076500
2022-02-17	153.0	153.72999572753906	150.6699981689453	151.42999267578125	139.3378448486328	11367500
2022-02-18	152.1300048828125	154.13999938964844	151.1300048828125	152.13999938964844	139.9911651611328	11733300
2022-02-22	150.60000610351562	153.24000549316406	150.41000366210938	151.8699951171875	139.7427215576172	11333500
2022-02-23	153.1199951171875	153.3000030517578	147.97000122070312	148.69000244140625	136.8166961669922	11799000
2022-02-24	142.94000244140625	144.99000549316406	139.77999877929688	144.5500030517578	133.00726318359375	25655100
2022-02-25	145.25	150.1300048828125	144.91000366210938	147.97000122070312	136.15415954589844	18367700
2022-02-28	143.5500030517578	145.05999755859375	140.8800048828125	141.8000030517578	130.4768524169922	31315300
2022-03-01	140.0399932861328	140.47999572753906	133.5800018310547	136.4499969482422	125.55404663085938	36840400
2022-03-02	137.2899932861328	140.0399932861328	136.61000061035156	139.27999877929688	128.1580810546875	19405600
2022-03-03	139.83999633789062	140.97999572753906	137.05999755859375	138.2899932861328	127.24714660644531	16640800
2022-03-04	134.94000244140625	135.4199981689453	132.39999389648438	134.39999389648438	123.66776275634766	21016000
2022-03-07	132.1699981689453	132.69000244140625	128.9499969482422	129.2100067138672	118.89220428466797	27560100
2022-03-08	129.63999938964844	131.7899932861328	127.2699966430664	128.3000030517578	118.05486297607422	19207800
2022-03-09	132.89999389648438	135.24000549316406	132.44000244140625	133.44000244140625	122.78443145751953	17536200
2022-03-10	131.86000061035156	133.4499969482422	130.32000732421875	131.86000061035156	121.33060455322266	15604200
2022-03-11	132.49000549316406	134.0800018310547	128.4199981689453	128.88999938964844	118.5977554321289	20061800
2022-03-14	129.4600067138672	132.9199981689453	129.22999572753906	130.1699981689453	119.77555084228516	15786900
2022-03-15	131.8000030517578	133.5500030517578	131.1300048828125	132.47999572753906	121.90108489990234	15096600
2022-03-16	134.8699951171875	138.49000549316406	134.42999267578125	138.39999389648438	127.34832763671875	20354900
2022-03-17	136.86000061035156	140.19000244140625	135.9199981689453	140.14999389648438	128.95860290527344	17050500
2022-03-18	140.19000244140625	140.85000610351562	138.4600067138672	140.10000610351562	128.91262817382812	23656500
2022-03-21	140.35000610351562	140.75999450683594	138.72999572753906	139.64999389648438	128.49851989746094	12676100
2022-03-22	142.27000427246094	143.92999267578125	141.72000122070312	142.6199951171875	131.2313690185547	13548600
2022-03-23	140.97999572753906	141.58999633789062	139.1999969482422	139.77999877929688	128.6181640625	12093200
2022-03-24	140.3000030517578	140.7100067138672	139.11000061035156	140.69000244140625	129.45550537109375	10017600
2022-03-25	141.08999633789062	143.17999267578125	140.8000030517578	141.9199981689453	130.5872344970703	8383500
2022-03-28	140.0	140.97000122070312	137.89999389648438	140.8699951171875	129.62109375	10818100
2022-03-29	143.35000610351562	143.60000610351562	140.24000549316406	141.17999267578125	129.90635681152344	11316500
2022-03-30	141.89999389648438	142.1199951171875	139.91000366210938	140.5399932861328	129.31744384765625	8771000
2022-03-31	139.8300018310547	140.35000610351562	136.25999450683594	136.32000732421875	125.4344711303711	17353900
2022-04-01	137.39999389648438	137.41000366210938	133.8000030517578	135.30999755859375	124.50511169433594	15721300
2022-04-04	134.1199951171875	136.94000244140625	132.88999938964844	135.91000366210938	125.05718994140625	17416400
2022-04-05	134.07000732421875	135.39999389648438	133.00999450683594	133.33999633789062	123.60183715820312	12110300
2022-04-06	131.5800018310547	132.55999755859375	130.9600067138672	131.49000549316406	121.886962890625	12914700
2022-04-07	130.9499969482422	131.9199981689453	128.72999572753906	131.08999633789062	121.51615905761719	12994200
2022-04-08	131.6699981689453	133.89999389648438	131.49000549316406	133.49000549316406	123.74089050292969	13126900
2022-04-11	133.0	134.89999389648438	132.57000732421875	133.0	123.28666687011719	10466400
2022-04-12	132.13999938964844	134.5800018310547	130.6999969482422	131.5399932861328	121.93330383300781	12989900
2022-04-13	126.94000244140625	129.25	126.01000213623047	127.30000305175781	118.00297546386719	30838000
2022-04-14	126.5	128.3000030517578	125.0199966430664	126.12000274658203	116.90914916992188	18835200
2022-04-18	125.66999816894531	129.24000549316406	125.54000091552734	128.4600067138672	119.07826232910156	11834400
2022-04-19	128.4499969482422	131.32000732421875	128.22999572753906	131.1199951171875	121.54397583007812	15015400
2022-04-20	132.52000427246094	133.50999450683594	131.33999633789062	131.5800018310547	121.97040557861328	13430200
2022-04-21	132.22000122070312	132.80999755859375	129.9600067138672	130.55999755859375	121.0248794555664	12174200
2022-04-22	130.27999877929688	130.52000427246094	126.69000244140625	126.80999755859375	117.54874420166016	14318800
2022-04-25	126.01000213623047	127.12000274658203	123.11000061035156	126.7699966430664	117.51168060302734	17149000
2022-04-26	124.63999938964844	126.41000366210938	122.87000274658203	123.0199966430664	114.03553771972656	17209500
2022-04-27	122.33000183105469	123.55999755859375	121.22000122070312	121.41999816894531	112.5523910522461	17215200
2022-04-28	122.80999755859375	123.6500015258789	121.13999938964844	123.33999633789062	114.33218383789062	13015600
2022-04-29	123.05000305175781	123.61000061035156	118.9000015258789	119.36000061035156	110.64283752441406	14874800
2022-05-02	119.87999725341797	120.70999908447266	118.22000122070312	120.44999694824219	111.65325164794922	18545000
2022-05-03	121.52999877929688	124.16999816894531	120.77999877929688	123.02999877929688	114.04481506347656	15720900
2022-05-04	122.80000305175781	127.4000015258789	122.73999786376953	127.0999984741211	117.81757354736328	17128500
2022-05-05	125.25	126.0999984741211	122.16000366210938	123.91999816894531	114.86981964111328	15055400
2022-05-06	123.80000305175781	124.29000091552734	121.18000030517578	123.72000122070312	114.68443298339844	14417900
2022-05-09	122.11000061035156	123.33000183105469	120.5	121.86000061035156	112.96027374267578	14312300
2022-05-10	123.11000061035156	123.77999877929688	117.55999755859375	118.88999938964844	110.20716857910156	16382400
2022-05-11	119.30000305175781	122.88999938964844	117.94000244140625	118.13999938964844	109.5119400024414	14630300
2022-05-12	117.0	118.31999969482422	115.37000274658203	118.04000091552734	109.41925048828125	16318800
2022-05-13	119.41000366210938	120.25	117.95999908447266	119.08999633789062	110.3925552368164	10443200
2022-05-16	118.54000091552734	119.45999908447266	117.2300033569336	118.26000213623047	109.62317657470703	10269000
2022-05-17	121.04000091552734	122.97000122070312	120.80999755859375	122.18000030517578	113.25688934326172	11160200
2022-05-18	121.30000305175781	121.97000122070312	119.52999877929688	120.08999633789062	111.31952667236328	12664900
2022-05-19	118.19000244140625	119.6500015258789	117.62999725341797	118.30999755859375	109.66951751708984	12765800
2022-05-20	119.45999908447266	119.66999816894531	115.0199966430664	117.33999633789062	108.77037048339844	13150100
2022-05-23	120.45999908447266	126.56999969482422	120.44999694824219	124.5999984741211	115.50015258789062	24376700
2022-05-24	124.36000061035156	127.48999786376953	123.11000061035156	126.36000061035156	117.1316146850586	19324900
2022-05-25	126.27999877929688	127.86000061035156	125.16999816894531	127.23999786376953	117.94734954833984	12780400
2022-05-26	128.3699951171875	130.19000244140625	128.2100067138672	129.44000244140625	119.98667907714844	15990900
2022-05-27	130.16000366210938	131.27000427246094	129.13999938964844	131.27000427246094	121.68303680419922	11177800
2022-05-31	130.17999267578125	133.14999389648438	129.7100067138672	132.22999572753906	122.57291412353516	17015000
2022-06-01	132.8699951171875	132.8699951171875	128.6699981689453	129.91000366210938	120.42237091064453	10768000
2022-06-02	129.89999389648438	132.00999450683594	128.6699981689453	132.0	122.35968780517578	8374800
2022-06-03	131.2100067138672	131.77000427246094	129.99000549316406	130.16000366210938	120.65410614013672	8596000
2022-06-06	131.08999633789062	132.38999938964844	129.4600067138672	129.72999572753906	120.25548553466797	11323500
2022-06-07	128.8300018310547	130.32000732421875	128.6199951171875	130.07000732421875	120.5706787109375	6722200
2022-06-08	129.0	129.4499969482422	126.9000015258789	128.0	118.65184783935547	8422100
2022-06-09	127.37000274658203	128.10000610351562	125.2699966430664	125.30999755859375	116.1583023071289	13560100
2022-06-10	122.58999633789062	123.4000015258789	119.31999969482422	119.55000305175781	110.81897735595703	12945200
2022-06-13	116.86000061035156	117.94999694824219	115.05999755859375	115.98999786376953	107.51895141601562	16805600
2022-06-14	115.55000305175781	117.31999969482422	113.22000122070312	114.05999755859375	105.72989654541016	13357900
2022-06-15	115.62000274658203	116.94999694824219	113.16999816894531	115.41000366210938	106.98133087158203	14083500
2022-06-16	113.86000061035156	114.26000213623047	111.87000274658203	113.43000030517578	105.14591979980469	16724900
2022-06-17	113.54000091552734	114.62999725341797	112.16000366210938	113.02999877929688	104.77513122558594	30919900
2022-06-21	115.87000274658203	117.02999877929688	115.04000091552734	115.83000183105469	107.37064361572266	11680500
2022-06-22	114.87999725341797	116.19999694824219	114.38999938964844	115.18000030517578	106.76811981201172	9842700
2022-06-23	115.01000213623047	115.18000030517578	111.4800033569336	113.91999816894531	105.60014343261719	11851500
2022-06-24	113.2300033569336	117.81999969482422	112.83000183105469	117.31999969482422	108.7518310546875	14841100
2022-06-27	118.05999755859375	118.5	115.63999938964844	116.37999725341797	107.88048553466797	11280500
2022-06-28	117.66999816894531	119.29000091552734	115.5999984741211	115.81999969482422	107.36138916015625	11590900
2022-06-29	116.0	116.81999969482422	114.7300033569336	115.30000305175781	106.87936401367188	9338400
2022-06-30	113.16999816894531	114.08000183105469	110.93000030517578	112.61000061035156	104.38581848144531	15172600
2022-07-01	112.6500015258789	114.41999816894531	111.16000366210938	114.05000305175781	105.72064971923828	10573600
2022-07-05	110.7699966430664	112.70999908447266	109.30000305175781	112.62000274658203	105.31852722167969	12514200
2022-07-06	111.7300033569336	112.98999786376953	110.79000091552734	111.88999938964844	104.6358642578125	10656200
2022-07-07	113.5	114.9000015258789	113.4000015258789	114.72000122070312	107.28236389160156	10347400
2022-07-08	115.16000366210938	115.6500015258789	113.61000061035156	114.36000061035156	106.94570922851562	8807800
2022-07-11	113.55000305175781	114.2300033569336	112.22000122070312	112.86000061035156	105.54297637939453	7939500
2022-07-12	112.58000183105469	115.18000030517578	112.26000213623047	112.97000122070312	105.64583587646484	11250900
2022-07-13	111.75	112.4800033569336	110.37999725341797	111.91000366210938	104.65455627441406	12979900
2022-07-14	107.98999786376953	108.2300033569336	106.05999755859375	108.0	100.99805450439453	26204800
2022-07-15	109.16000366210938	113.87999725341797	107.66999816894531	112.94999694824219	105.62712860107422	18863900
2022-07-18	114.7699966430664	115.83999633789062	111.29000091552734	111.79000091552734	104.54232788085938	13977900
2022-07-19	113.12999725341797	114.94000244140625	112.66999816894531	114.55999755859375	107.13275146484375	11862300
2022-07-20	114.0999984741211	114.73999786376953	113.4800033569336	114.54000091552734	107.11404418945312	11667500
2022-07-21	114.44000244140625	115.52999877929688	113.37000274658203	115.31999969482422	107.84347534179688	11595900
2022-07-22	115.23999786376953	116.25	113.66999816894531	114.76000213623047	107.31979370117188	7645500
2022-07-25	115.83999633789062	116.45999908447266	114.7699966430664	115.22000122070312	107.74996185302734	9394000
2022-07-26	114.58000183105469	115.58000183105469	113.02999877929688	113.41999816894531	106.06665802001953	10675100
2022-07-27	114.01000213623047	115.73999786376953	113.30000305175781	115.23999786376953	107.7686538696289	9337400
2022-07-28	115.25	115.9800033569336	113.52999877929688	114.80999755859375	107.36653900146484	10384800
2022-07-29	115.58999633789062	116.5	114.79000091552734	115.36000061035156	107.8808822631836	12944500
2022-08-01	114.5	115.11000061035156	113.06999969482422	114.20999908447266	106.80542755126953	14740400
2022-08-02	113.91999816894531	114.4000015258789	112.2699966430664	112.43000030517578	105.14085388183594	14942900
2022-08-03	113.44999694824219	114.0999984741211	111.70999908447266	113.61000061035156	106.24434661865234	14394500
2022-08-04	112.8499984741211	113.31999969482422	111.0199966430664	112.36000061035156	105.07537841796875	18033900
2022-08-05	112.52999877929688	116.19000244140625	112.05000305175781	115.76000213623047	108.25495910644531	14174600
2022-08-08	116.25	116.69999694824219	114.18000030517578	114.3499984741211	106.93636322021484	10332500
2022-08-09	114.75	115.98999786376953	114.37000274658203	115.37999725341797	107.89958953857422	10233800
2022-08-10	117.95999908447266	119.37000274658203	117.5	118.38999938964844	110.71444702148438	12847300
2022-08-11	119.9000015258789	121.19999694824219	119.30999755859375	120.13999938964844	112.35098266601562	11684900
2022-08-12	120.66999816894531	122.25	119.44000244140625	122.12999725341797	114.21196746826172	9906700
2022-08-15	121.13999938964844	122.72000122070312	120.5999984741211	122.45999908447266	114.52057647705078	8456200
2022-08-16	122.29000091552734	124.23999786376953	121.87000274658203	123.62999725341797	115.6147232055664	9555000
2022-08-17	122.30000305175781	123.16000366210938	121.69000244140625	122.58999633789062	114.64213562011719	8149300
2022-08-18	122.23999786376953	122.47000122070312	120.55000305175781	121.63999938964844	113.75373077392578	9531800
2022-08-19	120.62000274658203	120.98999786376953	118.11000061035156	118.62999725341797	110.93888854980469	13464500
2022-08-22	116.75	117.16000366210938	115.5	116.66999816894531	109.10596466064453	8967600
2022-08-23	116.69000244140625	117.29000091552734	115.37999725341797	115.5199966430664	108.030517578125	7607000
2022-08-24	115.29000091552734	116.41000366210938	114.44999694824219	115.80000305175781	108.29235076904297	9771300
2022-08-25	116.16000366210938	118.73999786376953	115.68000030517578	118.55000305175781	110.86408233642578	10758900
2022-08-26	119.45999908447266	119.98999786376953	114.5999984741211	114.66999816894531	107.2356185913086	11276200
2022-08-29	114.0	114.86000061035156	113.45999908447266	114.38999938964844	106.97377014160156	8117300
2022-08-30	115.0	115.58000183105469	113.36000061035156	114.41000366210938	106.99248504638672	10745400
2022-08-31	114.4800033569336	115.02999877929688	113.33999633789062	113.7300033569336	106.35655975341797	10738300
2022-09-01	113.29000091552734	114.62999725341797	111.91000366210938	114.51000213623047	107.08599853515625	9979800
2022-09-02	115.87000274658203	117.44999694824219	113.19000244140625	113.70999908447266	106.33785247802734	10666600
2022-09-06	114.33000183105469	114.75	112.06999969482422	113.73999786376953	106.36592864990234	9751900
2022-09-07	113.12999725341797	116.11000061035156	112.76000213623047	115.9000015258789	108.3858871459961	10647900
2022-09-08	115.27999877929688	118.79000091552734	114.62999725341797	118.5999984741211	110.91082763671875	11435000
2022-09-09	119.13999938964844	120.05000305175781	118.66999816894531	119.16999816894531	111.4438705444336	9299700
2022-09-12	120.62000274658203	121.55000305175781	119.79000091552734	120.58000183105469	112.762451171875	8614600
2022-09-13	118.06999969482422	118.91999816894531	115.77999877929688	116.38999938964844	108.84410095214844	12904600
2022-09-14	116.69999694824219	117.83999633789062	114.87999725341797	116.12000274658203	108.59162139892578	9345700
2022-09-15	116.12000274658203	119.37999725341797	115.76000213623047	117.87000274658203	110.22815704345703	10821400
2022-09-16	117.38999938964844	117.4000015258789	115.37000274658203	117.08000183105469	109.48938751220703	14844100
2022-09-19	116.0	118.7300033569336	115.51000213623047	118.16000366210938	110.4993667602539	8201300
2022-09-20	117.41000366210938	117.69000244140625	114.63999938964844	115.83000183105469	108.32040405273438	9619000
2022-09-21	116.54000091552734	116.5999984741211	112.41999816894531	112.48999786376953	105.19695281982422	12606300
2022-09-22	113.37999725341797	113.5999984741211	111.06999969482422	111.20999908447266	103.99993133544922	11684500
2022-09-23	110.05000305175781	110.33999633789062	107.16000366210938	109.13999938964844	102.06415557861328	18138600
2022-09-26	108.0	109.61000061035156	106.05999755859375	106.79000091552734	99.86650848388672	15753600
2022-09-27	107.75	108.16999816894531	104.6500015258789	105.8499984741211	98.98745727539062	12793600
2022-09-28	105.94999694824219	108.7300033569336	105.63999938964844	107.98999786376953	100.98870086669922	12762600
2022-09-29	106.94999694824219	107.27999877929688	104.4000015258789	106.16000366210938	99.27734375	12713900
2022-09-30	106.05999755859375	107.62000274658203	104.4000015258789	104.5	97.72496032714844	15973400
2022-10-03	105.62000274658203	108.36000061035156	104.45999908447266	107.7300033569336	100.74556732177734	12248100
2022-10-04	110.61000061035156	112.98999786376953	109.86000061035156	112.7699966430664	105.45879364013672	16013600
2022-10-05	109.75	110.94999694824219	108.83000183105469	110.38999938964844	104.15672302246094	10943500
2022-10-06	109.45999908447266	110.19000244140625	107.94000244140625	108.13999938964844	102.03376770019531	11521400
2022-10-07	107.5199966430664	107.70999908447266	105.2699966430664	105.9800033569336	99.9957504272461	11681100
2022-10-10	106.7300033569336	107.30999755859375	104.5199966430664	104.98999786376953	99.06163787841797	8931700
2022-10-11	104.37000274658203	104.54000091552734	101.8499984741211	101.95999908447266	96.2027359008789	12739700
2022-10-12	101.80000305175781	104.7300033569336	101.27999877929688	103.61000061035156	97.75957489013672	13181000
2022-10-13	101.9800033569336	109.9000015258789	101.76000213623047	109.37000274658203	103.19432830810547	22398700
2022-10-14	111.95999908447266	115.23999786376953	110.72000122070312	111.19000244140625	104.91156005859375	33387100
2022-10-17	115.41000366210938	117.01000213623047	114.31999969482422	115.86000061035156	109.31785583496094	22276300
2022-10-18	119.66000366210938	120.13999938964844	116.95999908447266	118.83999633789062	112.12957763671875	21539700
2022-10-19	117.98999786376953	118.83000183105469	115.66999816894531	116.51000213623047	109.93115234375	17072000
2022-10-20	117.16000366210938	118.70999908447266	115.6500015258789	116.12999725341797	109.57260131835938	12207400
2022-10-21	116.45999908447266	122.38999938964844	116.33000183105469	122.2300033569336	115.32817840576172	20593300
2022-10-24	122.06999969482422	123.0999984741211	121.33000183105469	122.37999725341797	115.46969604492188	12624200
2022-10-25	121.8499984741211	123.2699966430664	120.88999938964844	122.69999694824219	115.7716293334961	11289100
2022-10-26	123.0	125.19999694824219	122.87999725341797	124.11000061035156	117.10200500488281	11667000
2022-10-27	125.19999694824219	126.19999694824219	124.20999908447266	124.5999984741211	117.5643310546875	10727600
2022-10-28	125.29000091552734	126.27999877929688	124.05000305175781	126.08000183105469	118.96078491210938	11859500
2022-10-31	125.69999694824219	127.43000030517578	125.58999633789062	125.87999725341797	118.7720718383789	13295200
2022-11-01	126.87000274658203	128.27999877929688	126.33000183105469	128.14999389648438	120.91387939453125	13386900
2022-11-02	127.6500015258789	130.36000061035156	126.63999938964844	126.97000122070312	119.8005142211914	16546100
2022-11-03	126.30999755859375	128.17999267578125	125.91000366210938	127.19999694824219	120.01753234863281	12474400
2022-11-04	129.49000549316406	130.8300018310547	128.4600067138672	130.67999267578125	123.30101776123047	14953200
2022-11-07	131.0	132.2899932861328	130.47999572753906	131.3699951171875	123.95207977294922	12011200
2022-11-08	131.24000549316406	132.05999755859375	130.13999938964844	131.4499969482422	124.02753448486328	9884100
2022-11-09	131.32000732421875	131.42999267578125	129.22000122070312	129.74000549316406	122.41411590576172	9494000
2022-11-10	132.6300048828125	135.25	132.52999877929688	135.0800018310547	127.45259094238281	16351600
2022-11-11	135.19000244140625	136.1699981689453	133.77999877929688	135.3000030517578	127.66015625	10704700
2022-11-14	134.8000030517578	135.72999572753906	133.91000366210938	133.91000366210938	126.3486557006836	11085600
2022-11-15	134.67999267578125	135.7100067138672	131.60000610351562	132.94000244140625	125.43341827392578	14038300
2022-11-16	133.0	133.55999755859375	132.02999877929688	133.1199951171875	125.603271484375	7893400
2022-11-17	132.0	132.88999938964844	131.27999877929688	132.5399932861328	125.05599212646484	8820200
2022-11-18	134.57000732421875	134.6699981689453	132.27999877929688	133.83999633789062	126.28260803222656	9468500
2022-11-21	133.74000549316406	134.55999755859375	132.75	133.0500030517578	125.5372085571289	7800500
2022-11-22	134.0	135.27000427246094	133.69000244140625	135.0399932861328	127.41483306884766	9185700
2022-11-23	134.94000244140625	136.5	134.86000061035156	136.47999572753906	128.77354431152344	7316200
2022-11-25	136.47999572753906	137.13999938964844	136.05999755859375	136.74000549316406	129.0188446044922	3220500
2022-11-28	136.07000732421875	136.7100067138672	134.19000244140625	134.35000610351562	126.76382446289062	9906900
2022-11-29	134.66000366210938	136.63999938964844	134.41000366210938	136.55999755859375	128.8489990234375	7925300
2022-11-30	136.08999633789062	138.17999267578125	133.19000244140625	138.17999267578125	130.37754821777344	14761200
2022-12-01	138.17999267578125	138.66000366210938	135.42999267578125	136.24000549316406	128.5470733642578	8858500
2022-12-02	134.49000549316406	135.35000610351562	133.33999633789062	135.16000366210938	127.528076171875	8931900
2022-12-05	134.24000549316406	134.57000732421875	130.60000610351562	131.3699951171875	123.95207977294922	10154500
2022-12-06	133.38999938964844	135.11000061035156	129.8699951171875	131.58999633789062	124.15962982177734	13966700
2022-12-07	131.30999755859375	133.0800018310547	130.3300018310547	131.5	124.07472229003906	11739400
2022-12-08	132.3300018310547	132.97999572753906	131.42999267578125	132.8800048828125	125.3768310546875	8907300
2022-12-09	132.1999969482422	133.75999450683594	132.0	132.16000366210938	124.69747924804688	7957800
2022-12-12	132.39999389648438	134.64999389648438	131.60000610351562	134.2100067138672	126.63167572021484	8841600
2022-12-13	136.88999938964844	137.08999633789062	133.0800018310547	134.0800018310547	126.50904846191406	10025400
2022-12-14	133.77999877929688	135.7100067138672	132.75999450683594	133.41000366210938	125.87690734863281	9966100
2022-12-15	131.14999389648438	132.0800018310547	129.0500030517578	130.10000610351562	122.7537841796875	12087800
2022-12-16	129.14999389648438	129.89999389648438	128.42999267578125	129.2899932861328	121.98951721191406	21133700
2022-12-19	129.64999389648438	131.3300018310547	129.08999633789062	130.05999755859375	122.71605682373047	9017200
2022-12-20	130.97000122070312	132.0500030517578	130.1999969482422	130.69000244140625	123.31046295166016	8549900
2022-12-21	132.17999267578125	132.97999572753906	131.77000427246094	132.16000366210938	124.69747924804688	8051700
2022-12-22	131.10000610351562	131.3000030517578	128.41000366210938	130.66000366210938	123.28218841552734	8648200
2022-12-23	130.5800018310547	131.44000244140625	129.63999938964844	131.27999877929688	123.86715698242188	5091900
2022-12-27	131.57000732421875	132.22000122070312	130.5500030517578	131.74000549316406	124.30117797851562	5411000
2022-12-28	131.85000610351562	133.41000366210938	131.00999450683594	132.4600067138672	124.98052215576172	8827700
2022-12-29	132.92999267578125	133.27000427246094	132.30999755859375	133.22000122070312	125.6976089477539	6585200
2022-12-30	132.80999755859375	134.3300018310547	132.44000244140625	134.10000610351562	126.52790832519531	9292500
2023-01-03	135.24000549316406	136.74000549316406	133.88999938964844	135.1199951171875	127.49034118652344	11054800
2023-01-04	135.99000549316406	137.67999267578125	135.57000732421875	136.3800048828125	128.67918395996094	11687600
2023-01-05	135.66000366210938	135.7100067138672	133.6999969482422	135.35000610351562	128.650634765625	8381300
2023-01-06	136.1300048828125	138.3800048828125	134.49000549316406	137.94000244140625	131.1124725341797	10029100
2023-01-09	138.60000610351562	138.8800048828125	136.8800048828125	137.3699951171875	130.5706787109375	8482300
2023-01-10	137.7899932861328	138.72000122070312	137.30999755859375	138.60000610351562	131.7397918701172	9048700
2023-01-11	138.89999389648438	139.75	138.10000610351562	139.6300048828125	132.7188262939453	8703700
2023-01-12	140.0	140.86000061035156	139.22000122070312	139.49000549316406	132.5857391357422	11001700
2023-01-13	135.60000610351562	143.49000549316406	134.8000030517578	143.00999450683594	135.93150329589844	20200000
2023-01-17	141.1699981689453	141.5399932861328	139.22999572753906	140.8000030517578	133.8309326171875	14292900
2023-01-18	138.9199981689453	140.72999572753906	136.41000366210938	136.57000732421875	129.81027221679688	13392600
2023-01-19	135.32000732421875	135.89999389648438	133.58999633789062	134.75	128.08035278320312	13303400
2023-01-20	135.16000366210938	135.49000549316406	133.5500030517578	135.0800018310547	128.39404296875	13092500
2023-01-23	135.1199951171875	137.9600067138672	134.82000732421875	137.27000427246094	130.47564697265625	10487100
2023-01-24	136.4199981689453	140.2899932861328	135.0	138.4499969482422	131.5972137451172	6945000
2023-01-25	138.0500030517578	139.1199951171875	137.25	139.1199951171875	132.23406982421875	8967000
2023-01-26	139.4199981689453	140.05999755859375	138.36000061035156	139.97999572753906	133.05149841308594	7487600
2023-01-27	140.61000061035156	141.25999450683594	139.75	140.32000732421875	133.37464904785156	7489900
2023-01-30	139.22999572753906	140.08999633789062	138.91000366210938	139.1300048828125	132.2435760498047	6729300
2023-01-31	139.8800048828125	140.07000732421875	138.25	139.9600067138672	133.03245544433594	9188700
2023-02-01	138.2100067138672	140.8800048828125	138.1199951171875	139.58999633789062	132.68080139160156	8841800
2023-02-02	140.0	140.4600067138672	138.0	138.94000244140625	132.06298828125	11822100
2023-02-03	138.17999267578125	142.3300018310547	138.1300048828125	141.08999633789062	134.10655212402344	11501200
2023-02-06	140.22999572753906	142.24000549316406	140.02999877929688	141.9199981689453	134.89547729492188	8406200
2023-02-07	141.3800048828125	144.33999633789062	141.17999267578125	143.64999389648438	136.5398406982422	10447900
2023-02-08	142.64999389648438	144.0399932861328	142.27999877929688	142.63999938964844	135.579833984375	6958000
2023-02-09	143.1199951171875	143.33999633789062	139.8699951171875	140.4199981689453	133.46971130371094	6443100
2023-02-10	139.77999877929688	141.27999877929688	138.58999633789062	141.0399932861328	134.0590057373047	6582900
2023-02-13	141.3000030517578	142.72999572753906	140.74000549316406	142.57000732421875	135.5133056640625	7134600
2023-02-14	142.5	143.80999755859375	141.60000610351562	143.1999969482422	136.1121368408203	9249400
2023-02-15	141.61000061035156	143.88999938964844	141.3000030517578	143.8000030517578	136.68240356445312	6728300
2023-02-16	142.91000366210938	143.38999938964844	141.67999267578125	141.82000732421875	134.80043029785156	8165300
2023-02-17	140.97999572753906	142.8300018310547	140.07000732421875	142.24000549316406	135.1996307373047	7948800
2023-02-21	140.69000244140625	141.33999633789062	138.75	139.6300048828125	132.7188262939453	9996300
2023-02-22	138.9199981689453	139.42999267578125	137.44000244140625	138.55999755859375	131.70176696777344	11107500
2023-02-23	138.72999572753906	140.1699981689453	137.94000244140625	139.6699981689453	132.75682067871094	8068000
2023-02-24	139.11000061035156	141.36000061035156	138.92999267578125	140.92999267578125	133.9544677734375	9126900
2023-02-27	142.11000061035156	143.30999755859375	141.72000122070312	142.16000366210938	135.12359619140625	10014700
2023-02-28	142.94000244140625	143.75999450683594	141.89999389648438	143.35000610351562	136.25469970703125	11019800
2023-03-01	142.10000610351562	143.4600067138672	141.8000030517578	142.5500030517578	135.49429321289062	7139200
2023-03-02	142.24000549316406	142.42999267578125	139.5399932861328	141.07000732421875	134.08753967285156	11106800
2023-03-03	141.50999450683594	143.74000549316406	141.0800018310547	143.66000366210938	136.5493621826172	9513100
2023-03-06	143.44000244140625	144.0399932861328	142.66000366210938	142.82000732421875	135.7509307861328	9261300
2023-03-07	142.00999450683594	142.30999755859375	137.80999755859375	138.6199951171875	131.75881958007812	11747600
2023-03-08	138.0	138.58999633789062	136.88999938964844	137.8000030517578	130.97938537597656	10002500
2023-03-09	136.75999450683594	137.35000610351562	129.22000122070312	130.33999633789062	123.88863372802734	25888100
2023-03-10	128.9600067138672	135.25999450683594	127.81999969482422	133.64999389648438	127.03480529785156	37599700
2023-03-13	131.2100067138672	133.8800048828125	129.41000366210938	131.25	124.75358581542969	42901100
2023-03-14	135.27999877929688	135.52999877929688	131.2899932861328	134.6199951171875	127.95680236816406	29648100
2023-03-15	130.97999572753906	130.99000549316406	126.7300033569336	128.25999450683594	121.91158294677734	34280600
2023-03-16	128.00999450683594	131.9499969482422	126.0199966430664	130.75	124.2783432006836	24558500
2023-03-17	128.3800048828125	128.47999572753906	125.44999694824219	125.80999755859375	119.58285522460938	38396000
2023-03-20	126.98999786376953	129.47000122070312	126.01000213623047	127.13999938964844	120.8470230102539	22875500
2023-03-21	130.58999633789062	131.72999572753906	130.19000244140625	130.5500030517578	124.08824157714844	17807800
2023-03-22	130.55999755859375	130.66000366210938	127.08000183105469	127.18000030517578	120.88505554199219	17250200
2023-03-23	127.9000015258789	129.52999877929688	126.0199966430664	126.83999633789062	120.56188201904297	16677600
2023-03-24	125.62999725341797	125.68000030517578	123.11000061035156	124.91000366210938	118.72740173339844	22311100
2023-03-27	126.79000091552734	129.3800048828125	126.29000091552734	128.49000549316406	122.13021087646484	18853900
2023-03-28	128.7100067138672	129.33999633789062	127.73999786376953	128.8800048828125	122.50090789794922	10820500
2023-03-29	130.10000610351562	130.22000122070312	127.7699966430664	129.13999938964844	122.7480239868164	14595300
2023-03-30	129.9499969482422	130.1199951171875	127.6500015258789	128.75	122.37732696533203	12134700
2023-03-31	129.66000366210938	130.33999633789062	128.85000610351562	130.30999755859375	123.86012268066406	13105200
2023-04-03	129.91000366210938	131.44000244140625	129.41000366210938	130.16000366210938	123.71755981445312	11775400
2023-04-04	130.5	130.58999633789062	127.41000366210938	128.4199981689453	122.06366729736328	11579900
2023-04-05	126.80000305175781	128.14999389648438	126.45999908447266	127.61000061035156	122.24568176269531	9614700
2023-04-06	127.0	128.0800018310547	126.86000061035156	127.47000122070312	122.11156463623047	8760200
2023-04-10	126.54000091552734	128.22999572753906	126.22000122070312	127.88999938964844	122.513916015625	9477300
2023-04-11	128.3000030517578	128.94000244140625	127.54000091552734	128.52000427246094	123.11743927001953	10516300
2023-04-12	129.17999267578125	130.42999267578125	128.05999755859375	128.5	123.0982666015625	11821000
2023-04-13	128.4600067138672	129.0399932861328	126.83000183105469	128.99000549316406	123.56766510009766	12450200
2023-04-14	135.14999389648438	139.1199951171875	134.89999389648438	138.72999572753906	132.8982391357422	43931300
2023-04-17	139.9499969482422	140.05999755859375	137.66000366210938	139.8300018310547	133.95199584960938	16050500
2023-04-18	140.27000427246094	141.77999877929688	139.02999877929688	141.39999389648438	135.45599365234375	13760100
2023-04-19	141.22999572753906	141.5	140.39999389648438	141.22000122070312	135.28355407714844	9158100
2023-04-20	139.91000366210938	141.42999267578125	139.83999633789062	140.80999755859375	134.8907928466797	10586200
2023-04-21	139.74000549316406	141.11000061035156	138.77999877929688	140.5399932861328	134.6321563720703	11842500
2023-04-24	140.4600067138672	141.10000610351562	140.0399932861328	140.72999572753906	134.81414794921875	7567500
2023-04-25	139.60000610351562	139.9600067138672	137.6300048828125	137.6699981689453	131.88279724121094	10629300
2023-04-26	137.6199951171875	137.80999755859375	134.0	135.22999572753906	129.54534912109375	14416100
2023-04-27	136.0	137.91000366210938	135.66000366210938	137.0500030517578	131.2888641357422	9041100
2023-04-28	136.55999755859375	138.32000732421875	135.6699981689453	138.24000549316406	132.42881774902344	9881800
2023-05-01	142.25999450683594	143.3699951171875	140.8300018310547	141.1999969482422	135.26438903808594	20415800
2023-05-02	141.39999389648438	142.41000366210938	138.42999267578125	138.9199981689453	133.0802459716797	14113400
2023-05-03	138.44000244140625	138.6699981689453	135.75999450683594	135.97999572753906	130.2638397216797	12930900
2023-05-04	134.9600067138672	135.72000122070312	131.80999755859375	134.1199951171875	128.48204040527344	17089200
2023-05-05	136.44000244140625	137.8800048828125	135.91000366210938	136.74000549316406	130.9918975830078	11259100
2023-05-08	137.49000549316406	137.97000122070312	136.47999572753906	137.07000732421875	131.30801391601562	7484900
2023-05-09	135.92999267578125	136.9499969482422	135.2100067138672	136.41000366210938	130.67575073242188	7343600
2023-05-10	137.9499969482422	138.05999755859375	134.8699951171875	136.47999572753906	130.74281311035156	8133400
2023-05-11	135.0	136.80999755859375	134.89999389648438	136.0500030517578	130.33090209960938	7057300
2023-05-12	136.82000732421875	136.99000549316406	133.1300048828125	134.10000610351562	128.46286010742188	9986400
2023-05-15	134.27000427246094	135.6699981689453	133.9600067138672	135.22999572753906	129.54534912109375	7639500
2023-05-16	135.4600067138672	135.94000244140625	133.9600067138672	134.32000732421875	128.6736297607422	6477200
2023-05-17	135.89999389648438	138.58999633789062	135.4600067138672	138.4499969482422	132.62998962402344	12711500
2023-05-18	138.27000427246094	139.72999572753906	137.75999450683594	139.5	133.6358642578125	10999600
2023-05-19	139.7899932861328	140.49000549316406	138.1300048828125	139.17999267578125	133.3292999267578	13490700
2023-05-22	141.0	141.63999938964844	137.66000366210938	138.02999877929688	132.22767639160156	11402500
2023-05-23	137.5399932861328	139.02999877929688	136.4600067138672	136.58999633789062	130.8481903076172	9514900
2023-05-24	135.39999389648438	136.35000610351562	135.0800018310547	135.33999633789062	129.65072631835938	8578000
2023-05-25	134.82000732421875	136.27000427246094	134.5800018310547	135.6699981689453	129.96685791015625	8472500
2023-05-26	136.11000061035156	137.60000610351562	135.6300048828125	136.94000244140625	131.1834716796875	8579900
2023-05-30	136.8000030517578	137.72000122070312	136.02000427246094	137.4600067138672	131.68162536621094	7399900
2023-05-31	136.72999572753906	136.83999633789062	134.39999389648438	135.7100067138672	130.00518798828125	14219900
2023-06-01	136.52000427246094	138.22999572753906	135.4499969482422	137.5800018310547	131.7965850830078	12248100
2023-06-02	139.55999755859375	141.47999572753906	139.33999633789062	140.47000122070312	134.56509399414062	12917200
2023-06-05	140.11000061035156	140.11000061035156	138.1300048828125	139.08999633789062	133.24310302734375	8511900
2023-06-06	138.67999267578125	140.10000610351562	138.2100067138672	139.33999633789062	133.4825897216797	9329500
2023-06-07	139.5500030517578	141.27000427246094	138.8300018310547	140.69000244140625	134.7758331298828	9281400
2023-06-08	140.6699981689453	140.88999938964844	139.47999572753906	140.72999572753906	134.81414794921875	7368100
2023-06-09	140.35000610351562	141.8000030517578	140.2100067138672	141.00999450683594	135.08238220214844	7249100
2023-06-12	141.07000732421875	141.32000732421875	139.75999450683594	141.0	135.0727996826172	7596600
2023-06-13	140.47999572753906	142.8699951171875	140.13999938964844	142.02000427246094	136.04994201660156	7701600
2023-06-14	143.0	143.61000061035156	140.6999969482422	141.49000549316406	135.54220581054688	9068700
2023-06-15	140.58999633789062	143.39999389648438	140.02999877929688	143.08999633789062	137.074951171875	9343100
2023-06-16	143.0500030517578	143.97000122070312	142.5	143.25999450683594	137.23779296875	13812100
2023-06-20	142.61000061035156	143.0	141.0399932861328	142.52999877929688	136.53848266601562	8428600
2023-06-21	142.89999389648438	144.02000427246094	141.69000244140625	142.32000732421875	136.33734130859375	9926500
2023-06-22	142.30999755859375	142.60000610351562	138.9499969482422	139.5800018310547	133.71249389648438	10075200
2023-06-23	138.5399932861328	139.17999267578125	137.6199951171875	138.85000610351562	133.01318359375	9907500
2023-06-26	138.8699951171875	140.00999450683594	137.69000244140625	139.19000244140625	133.33889770507812	8429700
2023-06-27	139.0	139.83999633789062	138.5399932861328	139.1999969482422	133.34844970703125	8154000
2023-06-28	139.16000366210938	139.2100067138672	137.9600067138672	138.58999633789062	132.76409912109375	7558600
2023-06-29	140.07000732421875	143.55999755859375	139.85000610351562	143.42999267578125	137.40066528320312	15423200
2023-06-30	144.60000610351562	146.0	143.66000366210938	145.44000244140625	139.326171875	14208500
2023-07-03	146.19000244140625	147.47999572753906	146.0	146.61000061035156	140.44700622558594	8021600
2023-07-05	144.94000244140625	145.42999267578125	144.36000061035156	144.63999938964844	139.51138305664062	8934900
2023-07-06	143.02000427246094	143.38999938964844	141.44000244140625	143.2100067138672	138.132080078125	9709500
2023-07-07	143.91000366210938	145.83999633789062	143.0	144.33999633789062	139.22201538085938	8977500
2023-07-10	144.5	145.99000549316406	144.5	145.14999389648438	140.0032958984375	9100100
2023-07-11	146.33999633789062	147.82000732421875	145.7100067138672	147.4199981689453	142.1927947998047	11265600
2023-07-12	147.4499969482422	149.8699951171875	147.0	148.14999389648438	142.8969268798828	11323200
2023-07-13	148.6999969482422	149.3699951171875	147.75	148.8699951171875	143.5913848876953	11234900
2023-07-14	151.5500030517578	152.88999938964844	148.41000366210938	149.77000427246094	144.45947265625	27011600
2023-07-17	150.35000610351562	153.75	150.35000610351562	153.3800048828125	147.9414825439453	17262400
2023-07-18	153.3800048828125	154.39999389648438	152.82000732421875	153.66000366210938	148.21156311035156	13491700
2023-07-19	152.75	155.2100067138672	152.22000122070312	154.25	148.7806396484375	12510000
2023-07-20	154.52999877929688	156.58999633789062	154.41000366210938	156.14999389648438	150.61326599121094	9935900
2023-07-21	155.8000030517578	156.13999938964844	154.69000244140625	154.9499969482422	149.455810546875	10633100
2023-07-24	154.97000122070312	158.7899932861328	154.72999572753906	158.0	152.39764404296875	14381400
2023-07-25	157.3000030517578	157.72000122070312	155.9600067138672	156.82000732421875	151.25949096679688	9944700
2023-07-26	156.7100067138672	158.25	156.27999877929688	157.75999450683594	152.16616821289062	8728600
2023-07-27	157.77000427246094	158.77999877929688	155.5500030517578	156.02000427246094	150.4878692626953	10778400
2023-07-28	157.27999877929688	157.60000610351562	156.44000244140625	156.91000366210938	151.3463134765625	9103800
2023-07-31	157.17999267578125	159.3800048828125	157.14999389648438	157.9600067138672	152.3590850830078	8892700
2023-08-01	157.42999267578125	158.0	156.14999389648438	157.17999267578125	151.6067352294922	6853900
2023-08-02	155.55999755859375	155.69000244140625	153.94000244140625	155.39999389648438	149.8898468017578	8299400
2023-08-03	155.0	156.9199981689453	154.35000610351562	156.35000610351562	150.80618286132812	6084000
2023-08-04	156.39999389648438	157.8000030517578	155.6999969482422	156.02000427246094	150.4878692626953	6206600
2023-08-07	156.60000610351562	157.6999969482422	156.60000610351562	156.75999450683594	151.20162963867188	7251800
2023-08-08	154.32000732421875	155.97999572753906	152.58999633789062	155.8800048828125	150.3528289794922	8623400
2023-08-09	155.32000732421875	155.52000427246094	153.47000122070312	153.7899932861328	148.3369140625	6277800
2023-08-10	154.3800048828125	155.44000244140625	153.08999633789062	153.55999755859375	148.11508178710938	5995100
2023-08-11	153.02999877929688	154.52000427246094	152.6300048828125	154.4499969482422	148.9735107421875	5178000
2023-08-14	153.61000061035156	154.9199981689453	152.9199981689453	154.77000427246094	149.2821807861328	5044300
2023-08-15	152.85000610351562	153.27000427246094	150.22999572753906	150.8300018310547	145.4818878173828	10300300
2023-08-16	150.60000610351562	150.9600067138672	149.67999267578125	150.19000244140625	144.86459350585938	6978200
2023-08-17	150.8800048828125	151.25999450683594	148.39999389648438	148.6300048828125	143.35989379882812	9953900
2023-08-18	147.64999389648438	149.5	147.44000244140625	148.97000122070312	143.68783569335938	8516900
2023-08-21	149.64999389648438	150.10000610351562	148.02000427246094	149.47999572753906	144.17974853515625	8327000
2023-08-22	149.25999450683594	149.63999938964844	145.85000610351562	146.3800048828125	141.1896514892578	9682000
2023-08-23	146.35000610351562	147.58999633789062	145.4600067138672	147.3699951171875	142.1445770263672	7858000
2023-08-24	147.5	149.41000366210938	146.99000549316406	147.22999572753906	142.009521484375	6534000
2023-08-25	147.27999877929688	148.6199951171875	145.85000610351562	147.0500030517578	141.8359375	6695500
2023-08-28	147.57000732421875	148.61000061035156	147.1300048828125	147.55999755859375	142.3278350830078	5094100
2023-08-29	147.7100067138672	148.85000610351562	147.17999267578125	148.75999450683594	143.48526000976562	6337000
2023-08-30	148.6199951171875	149.14999389648438	147.19000244140625	148.16000366210938	142.90655517578125	6277300
2023-08-31	148.25999450683594	148.35000610351562	145.9600067138672	146.3300018310547	141.14144897460938	10933900
2023-09-01	146.08999633789062	148.0800018310547	145.6999969482422	146.82000732421875	141.61407470703125	7902100
2023-09-05	147.16000366210938	148.2100067138672	145.00999450683594	145.1999969482422	140.05149841308594	7854700
2023-09-06	144.6999969482422	145.5399932861328	144.11000061035156	144.9600067138672	139.8200225830078	8629200
2023-09-07	144.1300048828125	145.27000427246094	143.38999938964844	143.72000122070312	138.62399291992188	8373700
2023-09-08	143.3699951171875	144.1199951171875	142.64999389648438	143.8300018310547	138.7301025390625	7107900
2023-09-11	144.75	145.0500030517578	143.69000244140625	144.4600067138672	139.3377685546875	6854200
2023-09-12	144.5	147.32000732421875	144.0500030517578	146.33999633789062	141.15109252929688	8363200
2023-09-13	147.33999633789062	147.6999969482422	145.82000732421875	146.41000366210938	141.21859741210938	8325900
2023-09-14	147.83999633789062	149.89999389648438	147.52000427246094	149.25	143.9579315185547	10034900
2023-09-15	148.9199981689453	149.72999572753906	148.30999755859375	148.80999755859375	143.53350830078125	19824100
2023-09-18	148.16000366210938	149.13999938964844	147.75	149.1199951171875	143.83253479003906	6512400
2023-09-19	149.5	149.72000122070312	147.2100067138672	148.92999267578125	143.6492462158203	7943400
2023-09-20	149.64999389648438	150.25	148.13999938964844	148.3000030517578	143.04161071777344	7332000
2023-09-21	147.5800018310547	148.85000610351562	146.6300048828125	147.13999938964844	141.9227294921875	8052400
2023-09-22	147.2899932861328	147.50999450683594	145.19000244140625	145.72999572753906	140.5626983642578	7071700
2023-09-25	145.35000610351562	146.52000427246094	143.6999969482422	146.4499969482422	141.25718688964844	7044700
2023-09-26	144.60000610351562	145.83999633789062	144.22999572753906	144.92999267578125	139.79107666015625	7468400
2023-09-27	145.19000244140625	146.08999633789062	144.50999450683594	145.77999877929688	140.61094665527344	6717800
2023-09-28	146.27999877929688	148.8699951171875	146.00999450683594	147.58999633789062	142.3567657470703	8868100
2023-09-29	148.60000610351562	148.75999450683594	144.86000061035156	145.02000427246094	139.87789916992188	11915700
2023-10-02	144.8300018310547	145.6199951171875	142.6300048828125	143.77000427246094	138.67222595214844	9170600
2023-10-03	143.1999969482422	143.58999633789062	142.35000610351562	142.7100067138672	137.64981079101562	9431100
2023-10-04	143.19000244140625	143.47000122070312	141.92999267578125	143.35000610351562	138.26710510253906	8128700
2023-10-05	142.0399932861328	143.10000610351562	140.8300018310547	142.89999389648438	138.85009765625	8576200
2023-10-06	142.91000366210938	145.8800048828125	142.13999938964844	145.10000610351562	140.9877471923828	10269400
2023-10-09	143.66000366210938	145.39999389648438	143.5	144.77000427246094	140.6671142578125	6964900
2023-10-10	145.4199981689453	146.77000427246094	145.27999877929688	145.64999389648438	141.5221710205078	11288800
2023-10-11	146.50999450683594	147.22999572753906	145.02000427246094	146.14999389648438	142.0080108642578	8698200
2023-10-12	146.3000030517578	146.9600067138672	145.1300048828125	145.80999755859375	141.67764282226562	10484400
2023-10-13	148.5	153.11000061035156	147.83999633789062	148.0	143.8055877685547	29427000
2023-10-16	149.4499969482422	149.52000427246094	146.72000122070312	147.85000610351562	143.65982055664062	12663500
2023-10-17	147.57000732421875	149.30999755859375	146.7899932861328	147.52999877929688	143.34889221191406	11482700
2023-10-18	146.58999633789062	147.47999572753906	145.3699951171875	145.91000366210938	141.77481079101562	9620300
2023-10-19	145.47999572753906	147.02000427246094	144.8800048828125	145.2899932861328	141.17234802246094	11143600
2023-10-20	144.57000732421875	145.13999938964844	142.1199951171875	142.9499969482422	138.898681640625	13332000
2023-10-23	142.94000244140625	143.67999267578125	140.72999572753906	141.0	137.0039520263672	10133400
2023-10-24	141.19000244140625	141.72999572753906	140.36000061035156	141.1699981689453	137.16915893554688	8881400
2023-10-25	140.57000732421875	141.17999267578125	139.50999450683594	140.39999389648438	136.4209442138672	8242600
2023-10-26	139.75999450683594	141.6699981689453	139.42999267578125	140.75999450683594	136.77076721191406	9109400
2023-10-27	138.9499969482422	139.10000610351562	135.19000244140625	135.69000244140625	131.8444366455078	17434700
2023-10-30	136.44000244140625	138.0399932861328	136.0399932861328	137.4199981689453	133.52540588378906	9855500
2023-10-31	137.7100067138672	139.24000549316406	137.47000122070312	139.05999755859375	135.11892700195312	9672500
2023-11-01	139.25	140.52999877929688	138.47000122070312	138.94000244140625	135.00234985351562	9432000
2023-11-02	140.08999633789062	141.47999572753906	139.22999572753906	141.4199981689453	137.41204833984375	10186200
2023-11-03	142.19000244140625	143.77000427246094	141.85000610351562	143.0	138.94728088378906	9533100
2023-11-06	143.1699981689453	144.19000244140625	142.7899932861328	144.0800018310547	139.9966583251953	7625100
2023-11-07	143.50999450683594	144.25999450683594	142.82000732421875	144.00999450683594	139.9286346435547	6297900
2023-11-08	144.11000061035156	144.83999633789062	143.6199951171875	144.72000122070312	140.6185302734375	7618200
2023-11-09	145.44000244140625	145.64999389648438	143.6999969482422	144.2899932861328	140.20071411132812	7992500
2023-11-10	144.94000244140625	146.47999572753906	144.0800018310547	146.42999267578125	142.28005981445312	7983300
2023-11-13	145.6999969482422	146.25	145.16000366210938	145.77999877929688	141.6484832763672	6676300
2023-11-14	146.67999267578125	149.25	146.52000427246094	148.44000244140625	144.23312377929688	9927700
2023-11-15	148.4600067138672	150.16000366210938	148.4600067138672	149.74000549316406	145.4962615966797	8365300
2023-11-16	150.08999633789062	151.52999877929688	150.08999633789062	151.4499969482422	147.15780639648438	8126200
2023-11-17	152.1999969482422	152.86000061035156	151.5399932861328	152.82000732421875	148.48899841308594	7812400
2023-11-20	152.0800018310547	153.75	151.9199981689453	153.2899932861328	148.94564819335938	7019000
2023-11-21	153.1999969482422	153.6300048828125	152.57000732421875	152.97000122070312	148.6347198486328	7083500
2023-11-22	153.41000366210938	153.8800048828125	152.89999389648438	153.3300018310547	148.98451232910156	5174500
2023-11-24	153.58999633789062	154.44000244140625	153.27999877929688	153.5399932861328	149.1885528564453	3496900
2023-11-27	153.42999267578125	153.52999877929688	152.7100067138672	153.19000244140625	148.84849548339844	6259100
2023-11-28	153.22000122070312	153.8699951171875	152.72000122070312	153.5399932861328	149.1885528564453	6582700
2023-11-29	154.1699981689453	155.6300048828125	154.0	154.32000732421875	149.94647216796875	9126100
2023-11-30	154.91000366210938	156.1300048828125	154.3800048828125	156.0800018310547	151.65658569335938	9869800
2023-12-01	155.82000732421875	157.86000061035156	155.82000732421875	156.83999633789062	152.39503479003906	8913000
2023-12-04	156.02000427246094	158.0500030517578	155.8800048828125	157.99000549316406	153.512451171875	9607500
2023-12-05	157.25999450683594	158.5	156.97000122070312	157.97000122070312	153.49302673339844	9135600
2023-12-06	158.83999633789062	159.22000122070312	156.0	156.30999755859375	151.88006591796875	9366000
2023-12-07	156.69000244140625	157.30999755859375	156.14999389648438	156.7899932861328	152.34645080566406	8130900
2023-12-08	157.25999450683594	158.77999877929688	156.97999572753906	158.52000427246094	154.02743530273438	7366200
2023-12-11	158.52000427246094	159.3000030517578	158.14999389648438	159.10000610351562	154.5909881591797	8093900
2023-12-12	159.22999572753906	160.64999389648438	158.8800048828125	160.52000427246094	155.9707489013672	10223000
2023-12-13	160.52000427246094	162.02999877929688	159.77000427246094	161.05999755859375	156.49542236328125	12379100
2023-12-14	161.8300018310547	164.83999633789062	161.7100067138672	163.99000549316406	159.3424072265625	13643000
2023-12-15	163.0800018310547	165.27999877929688	162.38999938964844	165.22999572753906	160.54725646972656	20305900
2023-12-18	165.9199981689453	167.1300048828125	165.6300048828125	166.22999572753906	161.51890563964844	8469600
2023-12-19	166.0	168.47000122070312	165.5500030517578	168.4499969482422	163.67601013183594	10345700
2023-12-20	167.99000549316406	169.41000366210938	166.4499969482422	166.5500030517578	161.82986450195312	10734700
2023-12-21	166.83999633789062	168.08999633789062	165.67999267578125	167.5	162.75294494628906	7601700
2023-12-22	167.5	168.22999572753906	167.22999572753906	167.39999389648438	162.65574645996094	6574900
2023-12-26	167.4600067138672	168.77000427246094	167.17999267578125	168.38999938964844	163.61770629882812	4683600
2023-12-27	167.83999633789062	169.47000122070312	167.5800018310547	169.39999389648438	164.59909057617188	6428600
2023-12-28	169.35000610351562	170.66000366210938	169.0	170.3000030517578	165.4735870361328	6320100
2023-12-29	170.0	170.69000244140625	169.6300048828125	170.10000610351562	165.2792510986328	6431800
2024-01-02	169.08999633789062	172.1699981689453	168.91000366210938	172.0800018310547	167.203125	9977400
2024-01-03	171.86000061035156	172.0399932861328	170.3699951171875	171.3300018310547	166.47438049316406	9852300
2024-01-04	170.63999938964844	173.35000610351562	170.5399932861328	171.41000366210938	167.57913208007812	11972500
2024-01-05	171.47000122070312	173.3800048828125	171.47000122070312	172.27000427246094	168.419921875	10064200
2024-01-08	172.02000427246094	172.36000061035156	169.49000549316406	172.02000427246094	168.17552185058594	11229900
2024-01-09	171.6199951171875	171.7899932861328	170.10000610351562	170.66000366210938	166.8459014892578	9923600
2024-01-10	170.0	171.0800018310547	168.9499969482422	171.02000427246094	167.19784545898438	9670200
2024-01-11	170.3300018310547	170.36000061035156	168.63999938964844	170.3000030517578	166.49395751953125	11919500
2024-01-12	173.8000030517578	176.30999755859375	168.89999389648438	169.0500030517578	165.2718963623047	19429200
2024-01-16	164.8699951171875	168.08999633789062	164.3000030517578	167.99000549316406	164.23558044433594	17206400
2024-01-17	167.33999633789062	169.07000732421875	166.49000549316406	167.08999633789062	163.35568237304688	11107500
2024-01-18	167.1199951171875	167.52999877929688	165.24000549316406	167.4199981689453	163.67831420898438	9382300
2024-01-19	167.5500030517578	170.57000732421875	167.0800018310547	170.30999755859375	166.5037078857422	13114400
2024-01-22	170.4600067138672	171.97999572753906	169.7100067138672	170.11000061035156	166.30819702148438	12837500
2024-01-23	169.6699981689453	169.75	168.44000244140625	168.99000549316406	165.2132110595703	8360800
2024-01-24	169.36000061035156	171.00999450683594	168.86000061035156	170.5	166.68946838378906	9967100
2024-01-25	172.30999755859375	172.99000549316406	170.91000366210938	172.94000244140625	169.07493591308594	8873500
2024-01-26	172.61000061035156	173.05999755859375	171.77999877929688	172.27999877929688	168.4296875	7443000
2024-01-29	172.24000549316406	172.83999633789062	171.3000030517578	172.72999572753906	168.86964416503906	6971200
2024-01-30	172.8300018310547	176.75999450683594	172.8300018310547	176.27000427246094	172.33053588867188	10822100
2024-01-31	176.1999969482422	178.3000030517578	174.33999633789062	174.36000061035156	170.4632110595703	11521800
2024-02-01	173.63999938964844	174.83999633789062	171.42999267578125	173.72999572753906	169.84727478027344	9354800
2024-02-02	173.3000030517578	175.82000732421875	173.25999450683594	174.72999572753906	170.82493591308594	8607600
2024-02-05	173.86000061035156	175.08999633789062	172.9199981689453	174.5	170.60008239746094	7820200
2024-02-06	174.61000061035156	175.8699951171875	173.75999450683594	175.10000610351562	171.18666076660156	6764800
2024-02-07	175.69000244140625	175.8699951171875	173.9600067138672	175.42999267578125	171.50929260253906	7225500
2024-02-08	175.0	175.30999755859375	173.57000732421875	174.8000030517578	170.8933868408203	6060300
2024-02-09	175.0	175.10000610351562	173.6699981689453	175.00999450683594	171.09869384765625	6296700
2024-02-12	174.77999877929688	176.80999755859375	173.6999969482422	175.7899932861328	171.86122131347656	8539300
2024-02-13	175.32000732421875	176.22999572753906	172.6199951171875	174.25999450683594	170.3654327392578	8397600
2024-02-14	175.07000732421875	176.10000610351562	174.4199981689453	176.02999877929688	172.0958709716797	7056700
2024-02-15	176.14999389648438	180.2100067138672	176.14999389648438	179.8699951171875	175.8500518798828	8723400
2024-02-16	179.61000061035156	179.97999572753906	178.16000366210938	179.02999877929688	175.02882385253906	8148100
2024-02-20	179.19000244140625	180.4600067138672	178.41000366210938	179.72999572753906	175.7131805419922	9668000
2024-02-21	179.9499969482422	180.99000549316406	178.52000427246094	180.89999389648438	176.85702514648438	7027900
2024-02-22	181.82000732421875	183.4199981689453	181.24000549316406	183.07000732421875	178.9785614013672	9296500
2024-02-23	183.80999755859375	185.1999969482422	183.19000244140625	183.99000549316406	179.87799072265625	7105800
2024-02-26	183.75	184.4600067138672	182.47999572753906	183.36000061035156	179.26205444335938	7145400
2024-02-27	183.30999755859375	183.5399932861328	182.24000549316406	183.4499969482422	179.3500518798828	5717100
2024-02-28	183.42999267578125	185.1999969482422	182.9600067138672	184.3800048828125	180.25927734375	6131600
2024-02-29	185.66000366210938	186.42999267578125	183.85000610351562	186.05999755859375	181.90171813964844	9643000
2024-03-01	185.6999969482422	186.44000244140625	185.10000610351562	185.2899932861328	181.14891052246094	6311800
2024-03-04	184.7100067138672	187.58999633789062	184.27000427246094	186.67999267578125	182.5078582763672	7063600
2024-03-05	186.36000061035156	189.3000030517578	186.36000061035156	188.5500030517578	184.3360595703125	6617800
2024-03-06	189.25	190.07000732421875	187.6300048828125	189.52999877929688	185.29417419433594	7572900
2024-03-07	189.91000366210938	190.5	186.6300048828125	187.8699951171875	183.67124938964844	7618300
2024-03-08	188.44000244140625	190.4600067138672	187.9199981689453	188.22000122070312	184.01344299316406	6166800
2024-03-11	187.27999877929688	188.44000244140625	186.22000122070312	188.2899932861328	184.08187866210938	5762600
2024-03-12	188.9499969482422	190.16000366210938	187.91000366210938	189.83999633789062	185.59722900390625	5708400
2024-03-13	190.36000061035156	191.72999572753906	189.83999633789062	191.3800048828125	187.1028289794922	7795500
2024-03-14	191.02999877929688	191.6300048828125	187.10000610351562	187.97000122070312	183.76902770996094	10310900
2024-03-15	186.47999572753906	190.94000244140625	186.47999572753906	190.3000030517578	186.0469512939453	17208100
2024-03-18	190.6300048828125	192.6999969482422	189.88999938964844	192.66000366210938	188.35423278808594	9013800
2024-03-19	192.7100067138672	193.92999267578125	192.3800048828125	193.7899932861328	189.45895385742188	8478700
2024-03-20	194.19000244140625	196.55999755859375	193.61000061035156	196.3300018310547	191.9422149658203	9367000
2024-03-21	196.52000427246094	199.42999267578125	196.3300018310547	199.05999755859375	194.61117553710938	11203800
2024-03-22	199.00999450683594	200.47999572753906	196.5399932861328	196.6199951171875	192.2257080078125	8105800
2024-03-25	196.60000610351562	196.94000244140625	194.36000061035156	194.82000732421875	190.46595764160156	8620000
2024-03-26	194.58999633789062	196.66000366210938	194.05999755859375	195.72999572753906	191.3555908203125	5961500
2024-03-27	196.5	199.60000610351562	196.3800048828125	199.52000427246094	195.06089782714844	8725800
2024-03-28	199.49000549316406	200.72000122070312	198.5399932861328	200.3000030517578	195.82347106933594	8628300
2024-04-01	199.99000549316406	200.94000244140625	198.57000732421875	198.94000244140625	194.49386596679688	7309000
2024-04-02	198.38999938964844	199.77999877929688	198.0800018310547	198.86000061035156	194.4156494140625	7014700
2024-04-03	199.0399932861328	199.55999755859375	197.6999969482422	198.3000030517578	193.8681640625	9353400
2024-04-04	199.14999389648438	199.67999267578125	195.5500030517578	195.64999389648438	192.3931427001953	9243800
2024-04-05	196.16000366210938	198.1199951171875	195.11000061035156	197.4499969482422	194.16317749023438	6531000
2024-04-08	197.6199951171875	198.97999572753906	197.6199951171875	198.47999572753906	195.176025390625	8001000
2024-04-09	198.07000732421875	198.8800048828125	194.91000366210938	197.14999389648438	193.8681640625	7358600
2024-04-10	195.5500030517578	197.07000732421875	194.17999267578125	195.47000122070312	192.2161407470703	7681400
2024-04-11	196.0	196.57000732421875	193.24000549316406	195.42999267578125	192.1768035888672	10137700
2024-04-12	188.32000732421875	188.92999267578125	182.5399932861328	182.7899932861328	179.7471923828125	31506200
2024-04-15	184.5	187.4600067138672	182.1999969482422	182.88999938964844	179.8455352783203	14766600
2024-04-16	182.89999389648438	183.16000366210938	179.64999389648438	180.8000030517578	177.7903289794922	16451800
2024-04-17	181.3699951171875	182.4199981689453	179.1999969482422	180.0800018310547	177.08233642578125	9017100
2024-04-18	181.10000610351562	183.36000061035156	179.97000122070312	181.25	178.2328643798828	9557700
2024-04-19	182.39999389648438	185.8800048828125	181.41000366210938	185.8000030517578	182.7071075439453	13380200
2024-04-22	185.99000549316406	190.1300048828125	185.97999572753906	189.41000366210938	186.25701904296875	11529700
2024-04-23	191.1300048828125	192.22999572753906	190.52000427246094	192.13999938964844	188.9415740966797	9144400
2024-04-24	190.52999877929688	193.22999572753906	190.1699981689453	193.0800018310547	189.8659210205078	6964900
2024-04-25	192.25	193.94000244140625	191.17999267578125	193.3699951171875	190.1510772705078	9802300
2024-04-26	193.57000732421875	194.8699951171875	193.05999755859375	193.49000549316406	190.26910400390625	6413700
2024-04-29	193.47999572753906	194.25999450683594	192.42999267578125	193.27999877929688	190.06259155273438	5387800
2024-04-30	192.80999755859375	194.99000549316406	191.63999938964844	191.74000549316406	188.54823303222656	8153700
2024-05-01	192.27000427246094	194.4600067138672	190.7899932861328	191.86000061035156	188.66622924804688	7445300
2024-05-02	193.07000732421875	193.5	189.52000427246094	191.66000366210938	188.46954345703125	6501700
2024-05-03	192.0	192.52999877929688	188.4600067138672	190.50999450683594	187.3386993408203	8922800
2024-05-06	191.72999572753906	192.1999969482422	189.82000732421875	192.0	188.80389404296875	7911100
2024-05-07	191.6999969482422	192.92999267578125	191.64999389648438	191.75	188.5580596923828	7688800
2024-05-08	191.0	196.64999389648438	191.0	195.64999389648438	192.3931427001953	9227600
2024-05-09	195.1699981689453	197.58999633789062	195.10000610351562	197.5	194.21234130859375	7977300
2024-05-10	198.5399932861328	199.33999633789062	198.27000427246094	198.77000427246094	195.46121215820312	7529800
2024-05-13	198.8000030517578	199.85000610351562	198.0399932861328	198.72999572753906	195.42185974121094	7049200
2024-05-14	199.0	201.5800018310547	198.16000366210938	201.50999450683594	198.1555633544922	8596200
2024-05-15	202.00999450683594	202.69000244140625	199.77000427246094	202.11000061035156	198.74560546875	8370000
2024-05-16	202.22000122070312	204.47999572753906	201.99000549316406	202.47000122070312	199.099609375	8497900
2024-05-17	203.80999755859375	205.0500030517578	202.80999755859375	204.7899932861328	201.3809814453125	9260500
2024-05-20	204.38999938964844	205.8800048828125	195.39999389648438	195.5800018310547	192.3242950439453	17373300
2024-05-21	197.0	199.89999389648438	196.60000610351562	199.52000427246094	196.19871520996094	14420800
2024-05-22	199.0	200.94000244140625	197.69000244140625	198.30999755859375	195.00885009765625	9425300
2024-05-23	197.80999755859375	198.3000030517578	196.07000732421875	196.9199981689453	193.64199829101562	8069400
2024-05-24	197.75	200.75999450683594	197.55999755859375	200.7100067138672	197.36891174316406	7355400
2024-05-28	199.86000061035156	200.41000366210938	198.66000366210938	199.5	196.17904663085938	6910200
2024-05-29	198.0	198.99000549316406	196.88999938964844	198.11000061035156	194.8121795654297	6120000
2024-05-30	198.55999755859375	199.85000610351562	198.39999389648438	199.3300018310547	196.0118865966797	6829700
2024-05-31	199.3000030517578	203.3000030517578	198.35000610351562	202.6300048828125	199.25694274902344	14417900
2024-06-03	202.30999755859375	202.4199981689453	199.19000244140625	201.82000732421875	198.46043395996094	6444300
2024-06-04	200.16000366210938	201.97999572753906	198.27999877929688	199.16000366210938	195.8447265625	6848300
2024-06-05	199.75999450683594	199.82000732421875	196.9199981689453	197.25999450683594	193.97633361816406	8351600
2024-06-06	197.25999450683594	198.02000427246094	195.3300018310547	196.91000366210938	193.6321563720703	7640300
2024-06-07	197.42999267578125	200.9199981689453	197.00999450683594	199.9499969482422	196.62156677246094	6964500
2024-06-10	199.24000549316406	200.83999633789062	198.44000244140625	199.61000061035156	196.28721618652344	6071200
2024-06-11	197.91000366210938	197.94000244140625	193.60000610351562	194.36000061035156	191.12460327148438	9235300
2024-06-12	196.0	196.72000122070312	191.30999755859375	191.52999877929688	188.3417205810547	12751300
2024-06-13	192.32000732421875	194.5800018310547	190.8800048828125	193.66000366210938	190.436279296875	8587800
2024-06-14	191.4499969482422	194.86000061035156	191.4199981689453	193.77999877929688	190.55426025390625	6874000
2024-06-17	193.47999572753906	195.5800018310547	192.63999938964844	194.97999572753906	191.73428344726562	8725400
2024-06-18	194.60000610351562	197.9600067138672	194.1300048828125	197.0	193.72067260742188	9023000
2024-06-20	196.38999938964844	199.4499969482422	196.11000061035156	198.6699981689453	195.3628692626953	8731100
2024-06-21	196.7100067138672	197.1699981689453	194.22000122070312	196.3000030517578	193.03231811523438	20972500
2024-06-24	197.80999755859375	199.22999572753906	197.10000610351562	198.8800048828125	195.56936645507812	9785900
2024-06-25	198.08999633789062	200.07000732421875	197.74000549316406	198.07000732421875	194.77285766601562	6915900
2024-06-26	197.4499969482422	197.94000244140625	196.27999877929688	197.42999267578125	194.14349365234375	7758600
2024-06-27	197.44000244140625	199.86000061035156	196.89999389648438	199.1699981689453	195.8545379638672	7913500
2024-06-28	200.00999450683594	202.60000610351562	199.3000030517578	202.25999450683594	198.89309692382812	15307600
2024-07-01	202.83999633789062	207.08999633789062	202.66000366210938	205.4499969482422	202.02999877929688	10205800
2024-07-02	205.2899932861328	208.86000061035156	204.77000427246094	208.8300018310547	205.353759765625	7802900
2024-07-03	209.5500030517578	210.3800048828125	207.64999389648438	208.69000244140625	205.21607971191406	5560900
2024-07-05	206.99000549316406	207.3699951171875	204.52000427246094	204.7899932861328	202.49685668945312	8093100
2024-07-08	205.0399932861328	206.89999389648438	203.97000122070312	205.1699981689453	202.8726043701172	8707000
2024-07-09	205.6300048828125	209.75999450683594	205.4499969482422	207.6300048828125	205.30506896972656	9058900
2024-07-10	206.13999938964844	207.97000122070312	205.5800018310547	207.8000030517578	205.47315979003906	8328500
2024-07-11	206.2100067138672	208.10000610351562	205.3800048828125	207.4499969482422	205.1270751953125	10658100
2024-07-12	204.0	207.4499969482422	202.10000610351562	204.94000244140625	202.64517211914062	15443400
2024-07-15	207.19000244140625	211.61000061035156	206.72000122070312	210.0500030517578	207.69796752929688	10719700
2024-07-16	210.0	213.74000549316406	208.0800018310547	213.6199951171875	211.22799682617188	11557000
2024-07-17	213.8000030517578	217.55999755859375	213.27000427246094	216.8699951171875	214.44158935546875	11572500
2024-07-18	215.6300048828125	216.63999938964844	209.24000549316406	209.97999572753906	207.6287384033203	12415100
2024-07-19	211.1999969482422	212.35000610351562	208.9199981689453	209.77999877929688	207.4309844970703	8095900
2024-07-22	210.4600067138672	212.1699981689453	209.7100067138672	210.27999877929688	207.92538452148438	7663200
2024-07-23	211.02000427246094	211.47999572753906	209.35000610351562	210.3300018310547	207.97482299804688	5557300
2024-07-24	209.5500030517578	212.02999877929688	208.07000732421875	208.58999633789062	206.25430297851562	7119000
2024-07-25	208.64999389648438	210.19000244140625	208.0500030517578	208.6699981689453	206.33340454101562	6403800
2024-07-26	209.24000549316406	213.16000366210938	208.6199951171875	212.24000549316406	209.8634490966797	8027800
2024-07-29	212.64999389648438	213.61000061035156	210.5500030517578	210.85000610351562	208.489013671875	6533600
2024-07-30	213.22999572753906	215.7899932861328	212.9600067138672	215.19000244140625	212.78041076660156	8850700
2024-07-31	214.77999877929688	216.38999938964844	212.6699981689453	212.8000030517578	210.41717529296875	9071600
2024-08-01	213.1999969482422	213.8300018310547	206.3800048828125	207.9600067138672	205.63137817382812	10918600
2024-08-02	203.8800048828125	204.6699981689453	196.88999938964844	199.13999938964844	196.91012573242188	18041700
2024-08-05	194.0500030517578	196.1699981689453	190.89999389648438	194.89999389648438	192.71759033203125	13927000
2024-08-06	195.39999389648438	202.60000610351562	194.0	200.33999633789062	198.0966796875	10605800
2024-08-07	203.50999450683594	205.75	200.1999969482422	200.39999389648438	198.156005859375	9204400
2024-08-08	202.47000122070312	204.91000366210938	201.7899932861328	204.05999755859375	201.77503967285156	7761200
2024-08-09	203.47000122070312	206.47000122070312	202.89999389648438	205.8000030517578	203.4955596923828	5540200
2024-08-12	206.41000366210938	207.13999938964844	203.66000366210938	206.19000244140625	203.88119506835938	6936000
2024-08-13	207.72999572753906	208.08999633789062	205.39999389648438	207.94000244140625	205.61158752441406	6387800
2024-08-14	207.74000549316406	210.75999450683594	207.1199951171875	210.24000549316406	207.88584899902344	6999800
2024-08-15	213.0	213.88999938964844	211.10000610351562	211.5500030517578	209.18118286132812	7001000
2024-08-16	211.69000244140625	214.08999633789062	211.58999633789062	213.97000122070312	211.57408142089844	7931200
2024-08-19	214.0	215.52999877929688	213.82000732421875	215.4499969482422	213.03749084472656	6090800
2024-08-20	215.0	216.0	213.67999267578125	214.52000427246094	212.117919921875	5640000
2024-08-21	214.42999267578125	215.0	212.83999633789062	214.60000610351562	212.197021484375	5202300
2024-08-22	214.5800018310547	216.8000030517578	214.33999633789062	216.6300048828125	214.20428466796875	5247100
2024-08-23	217.60000610351562	219.19000244140625	216.5	218.30999755859375	215.86546325683594	7214000
2024-08-26	219.00999450683594	219.67999267578125	218.0500030517578	219.1699981689453	216.71585083007812	5105200
2024-08-27	219.50999450683594	220.4199981689453	219.19000244140625	220.17999267578125	217.7145233154297	5185200
2024-08-28	219.25	222.2100067138672	219.19000244140625	221.2899932861328	218.81210327148438	6506400
2024-08-29	222.14999389648438	222.97999572753906	218.94000244140625	222.2100067138672	219.7218017578125	6416100
2024-08-30	222.5	225.47999572753906	221.92999267578125	224.8000030517578	222.28280639648438	8574100
2024-09-03	222.3000030517578	224.10000610351562	219.24000549316406	220.3000030517578	217.83319091796875	8956100
2024-09-04	221.0399932861328	222.07000732421875	217.2100067138672	219.3300018310547	216.87405395507812	7389500
2024-09-05	220.14999389648438	220.8000030517578	216.02999877929688	217.6300048828125	215.19308471679688	8067900
2024-09-06	217.60000610351562	218.74000549316406	211.08999633789062	212.4600067138672	210.0809783935547	7777000
2024-09-09	215.19000244140625	218.14999389648438	214.17999267578125	216.80999755859375	214.38226318359375	8935100
2024-09-10	218.60000610351562	218.63999938964844	200.61000061035156	205.55999755859375	203.25823974609375	28406900
2024-09-11	205.25	207.6999969482422	201.8300018310547	207.22999572753906	204.90953063964844	13658700
2024-09-12	207.64999389648438	208.77999877929688	204.88999938964844	206.60000610351562	204.28659057617188	9055800
2024-09-13	206.86000061035156	207.85000610351562	203.02000427246094	204.32000732421875	202.03213500976562	10226700
2024-09-16	205.8300018310547	208.2100067138672	205.58999633789062	207.86000061035156	205.53248596191406	8634900
2024-09-17	207.72999572753906	209.92999267578125	207.66000366210938	209.25	206.90692138671875	7573300
2024-09-18	209.00999450683594	211.33999633789062	206.6999969482422	207.52999877929688	205.2061767578125	8259900
2024-09-19	209.77999877929688	211.91000366210938	207.33999633789062	210.47999572753906	208.12313842773438	11635200
2024-09-20	209.92999267578125	211.4199981689453	209.5	211.08999633789062	208.726318359375	20885000
2024-09-23	211.0	211.8000030517578	209.99000549316406	211.44000244140625	209.07240295410156	7223500
2024-09-24	211.14999389648438	212.9499969482422	210.3699951171875	211.58999633789062	209.22071838378906	7323200
2024-09-25	211.67999267578125	212.24000549316406	208.61000061035156	210.19000244140625	207.83641052246094	8976500
2024-09-26	211.1300048828125	211.6999969482422	209.00999450683594	209.77999877929688	207.4309844970703	7807500
2024-09-27	210.64999389648438	212.44000244140625	209.3300018310547	210.5	208.14292907714844	7032500
2024-09-30	206.30999755859375	210.9600067138672	205.25999450683594	210.86000061035156	208.4989013671875	8663800
2024-10-01	208.89999389648438	209.08999633789062	206.19000244140625	207.0399932861328	204.72166442871094	8540100
2024-10-02	207.0800018310547	208.9499969482422	205.69000244140625	207.2899932861328	204.96885681152344	5810900
2024-10-03	206.1699981689453	206.49000549316406	204.33999633789062	205.22999572753906	202.9319305419922	7251300
2024-10-04	209.3000030517578	211.6699981689453	206.91000366210938	211.22000122070312	210.13473510742188	10211700
2024-10-07	211.02999877929688	213.3300018310547	209.69000244140625	210.92999267578125	209.84620666503906	6718900
2024-10-08	210.5800018310547	211.3300018310547	208.3800048828125	210.75	209.66714477539062	6021800
2024-10-09	209.6999969482422	214.24000549316406	209.3800048828125	213.4199981689453	212.32342529296875	7024000
2024-10-10	214.80999755859375	214.80999755859375	211.47000122070312	212.83999633789062	211.74639892578125	7927100
2024-10-11	215.6699981689453	224.6300048828125	215.16000366210938	222.2899932861328	221.14784240722656	18320700
2024-10-14	223.1999969482422	223.6999969482422	218.8800048828125	221.47999572753906	220.34201049804688	9048900
2024-10-15	223.66000366210938	225.4499969482422	221.82000732421875	222.38999938964844	221.24734497070312	9235800
2024-10-16	222.3300018310547	223.67999267578125	221.0399932861328	223.63999938964844	222.4909210205078	6382500
2024-10-17	224.27000427246094	225.85000610351562	223.30999755859375	224.4199981689453	223.26690673828125	6470200
2024-10-18	225.0	225.9199981689453	223.10000610351562	225.3699951171875	224.21202087402344	7000500
2024-10-21	225.22000122070312	225.6999969482422	222.89999389648438	223.0	221.8542022705078	5870000
2024-10-22	223.02000427246094	225.27999877929688	221.10000610351562	224.1199951171875	222.96844482421875	9586800
2024-10-23	223.66000366210938	224.8000030517578	222.52999877929688	223.41000366210938	222.26210021972656	6180500
2024-10-24	221.8300018310547	225.05999755859375	221.66000366210938	224.97999572753906	223.8240203857422	6002200
2024-10-25	225.0	225.6199951171875	220.8800048828125	222.30999755859375	221.16773986816406	6369700
2024-10-28	223.35000610351562	225.63999938964844	222.9499969482422	225.5	224.3413543701172	6843000
2024-10-29	225.2100067138672	226.75	222.80999755859375	222.89999389648438	221.7547149658203	6580000
2024-10-30	222.5399932861328	226.30999755859375	221.5800018310547	224.41000366210938	223.2569580078125	7110900
2024-10-31	224.6999969482422	225.69000244140625	221.82000732421875	221.9199981689453	220.77975463867188	7829900
2024-11-01	223.55999755859375	226.14999389648438	222.6999969482422	222.94000244140625	221.7945098876953	6923500
2024-11-04	222.64999389648438	223.75999450683594	219.1699981689453	219.77999877929688	218.65074157714844	8229600
2024-11-05	220.02999877929688	221.9600067138672	220.0	221.49000549316406	220.3519744873047	5600700
2024-11-06	235.0	248.0	234.77000427246094	247.05999755859375	245.7905731201172	23987800
2024-11-07	244.5	244.57000732421875	235.22000122070312	236.3800048828125	235.16546630859375	16451100
2024-11-08	239.33999633789062	239.33999633789062	235.77999877929688	236.97999572753906	235.7623748779297	9502100
2024-11-11	240.0	242.10000610351562	239.0	239.2899932861328	238.0605010986328	9017100
2024-11-12	240.5500030517578	241.4600067138672	238.75999450683594	239.55999755859375	238.32911682128906	6861000
2024-11-13	240.5800018310547	244.08999633789062	240.30999755859375	241.16000366210938	239.9208984375	11472600
2024-11-14	242.4199981689453	244.2899932861328	241.0500030517578	241.8699951171875	240.6272430419922	10172200
2024-11-15	241.4600067138672	246.4199981689453	241.4600067138672	245.30999755859375	244.04957580566406	11518800
2024-11-18	247.75999450683594	247.92999267578125	242.67999267578125	245.02999877929688	243.77101135253906	9052600
2024-11-19	242.25	245.14999389648438	241.5500030517578	243.08999633789062	241.84097290039062	6792700
2024-11-20	244.39999389648438	244.61000061035156	238.63999938964844	240.77999877929688	239.5428466796875	9015300
2024-11-21	243.22999572753906	245.49000549316406	242.11000061035156	244.75999450683594	243.5023956298828	8783500
2024-11-22	243.61000061035156	249.14999389648438	243.02999877929688	248.5500030517578	247.27293395996094	7997300
2024-11-25	249.58999633789062	254.30999755859375	249.05999755859375	250.2899932861328	249.0039825439453	10295400
2024-11-26	250.49000549316406	251.0	248.33999633789062	249.97000122070312	248.6856231689453	6212100
2024-11-27	249.35000610351562	251.19000244140625	248.77000427246094	249.7899932861328	248.5065460205078	5472300
2024-11-29	249.86000061035156	251.77000427246094	249.4499969482422	249.72000122070312	248.43692016601562	5494800
2024-12-02	249.5500030517578	250.25	245.02999877929688	246.25	244.9847412109375	8899700
2024-12-03	248.22999572753906	249.0399932861328	244.6300048828125	244.82000732421875	243.56210327148438	6657700
2024-12-04	244.6999969482422	245.35000610351562	242.22999572753906	243.39999389648438	242.14938354492188	7346300
2024-12-05	245.38999938964844	247.17999267578125	244.6199951171875	245.47999572753906	244.21868896484375	6572500
2024-12-06	245.6999969482422	247.74000549316406	244.83999633789062	247.36000061035156	246.0890350341797	5519700
2024-12-09	247.1300048828125	247.8699951171875	243.75999450683594	243.80999755859375	242.55728149414062	7076500
2024-12-10	243.88999938964844	247.9600067138672	242.22000122070312	242.86000061035156	241.61216735839844	9108300
2024-12-11	244.0	244.27000427246094	242.17999267578125	243.52999877929688	242.27871704101562	7884400
2024-12-12	243.0	244.10000610351562	241.0399932861328	241.52999877929688	240.2889862060547	6113800
2024-12-13	242.07000732421875	242.72000122070312	239.13999938964844	239.94000244140625	238.70716857910156	10392700
2024-12-16	240.61000061035156	240.6699981689453	237.52000427246094	239.5800018310547	238.34901428222656	9032000
2024-12-17	238.64999389648438	239.02000427246094	236.6300048828125	238.36000061035156	237.13528442382812	8083600
2024-12-18	239.0	239.07000732421875	229.52999877929688	230.3699951171875	229.1863250732422	11322400
2024-12-19	232.27000427246094	236.36000061035156	232.27000427246094	232.9600067138672	231.76303100585938	11790800
2024-12-20	231.9199981689453	239.2100067138672	231.58999633789062	237.60000610351562	236.3791961669922	32348400
2024-12-23	236.07000732421875	238.6199951171875	234.8800048828125	238.38999938964844	237.16513061523438	8611500
2024-12-24	239.42999267578125	242.49000549316406	239.07000732421875	242.30999755859375	241.0649871826172	3729100
2024-12-26	241.42999267578125	243.25999450683594	240.7899932861328	243.13999938964844	241.89071655273438	4451800
2024-12-27	242.72000122070312	243.38999938964844	240.0399932861328	241.1699981689453	239.93084716796875	5730200
2024-12-30	238.77000427246094	240.83999633789062	237.11000061035156	239.32000732421875	238.09036254882812	5723800
2024-12-31	240.0500030517578	241.44000244140625	239.02999877929688	239.7100067138672	238.4783477783203	4871000
2025-01-02	240.9199981689453	243.27999877929688	239.4499969482422	240.0	238.76686096191406	9220900
2025-01-03	243.88999938964844	244.8800048828125	240.25999450683594	243.27999877929688	242.02999877929688	9491100
2025-01-06	243.6999969482422	245.69000244140625	240.5800018310547	240.85000610351562	240.85000610351562	9917800
2025-01-07	242.13999938964844	245.25999450683594	240.89999389648438	243.1699981689453	243.1699981689453	8753400
2025-01-08	242.75	244.25	240.5	243.1300048828125	243.1300048828125	8675300
2025-01-10	243.08999633789062	243.80999755859375	238.74000549316406	239.8699951171875	239.8699951171875	10256800
2025-01-13	239.6699981689453	244.5399932861328	239.0	244.2100067138672	244.2100067138672	10005300
2025-01-14	242.66000366210938	247.72000122070312	242.19000244140625	247.47000122070312	247.47000122070312	12407400
2025-01-15	250.39999389648438	253.6699981689453	243.67999267578125	252.35000610351562	252.35000610351562	18448500
2025-01-16	254.0	257.0400085449219	252.3300018310547	254.27000427246094	254.27000427246094	15292300
2025-01-17	254.13999938964844	260.6199951171875	252.13999938964844	259.1600036621094	259.1600036621094	17630700
