Date	Open	High	Low	Close	Adj Close	Volume
2022-01-21	157.3300018310547	159.00999450683594	156.0800018310547	156.9199981689453	150.25857543945312	176500
2022-01-24	152.4600067138672	153.3800048828125	147.5500030517578	153.3800048828125	146.86886596679688	233700
2022-01-25	150.92999267578125	152.6300048828125	149.1699981689453	151.75999450683594	145.317626953125	147900
2022-01-26	154.8699951171875	155.8000030517578	151.85000610351562	152.50999450683594	146.03579711914062	197000
2022-01-27	153.41000366210938	160.25	152.32000732421875	160.22999572753906	153.42808532714844	208300
2022-01-28	157.6300048828125	160.86000061035156	156.14999389648438	160.86000061035156	154.03134155273438	182600
2022-01-31	158.5500030517578	163.8300018310547	158.2899932861328	163.39999389648438	156.4635009765625	214800
2022-02-01	165.22000122070312	166.02000427246094	163.52999877929688	165.94000244140625	158.89569091796875	197200
2022-02-02	166.4499969482422	166.72999572753906	164.39999389648438	165.10000610351562	158.0913543701172	142200
2022-02-03	163.75999450683594	163.75999450683594	161.25999450683594	161.88999938964844	155.01759338378906	132300
2022-02-04	162.3000030517578	163.89999389648438	161.33999633789062	162.83999633789062	155.92727661132812	93100
2022-02-07	163.05999755859375	164.74000549316406	162.72000122070312	164.0500030517578	157.08592224121094	136700
2022-02-08	161.42999267578125	162.35000610351562	160.47999572753906	162.16000366210938	155.27613830566406	105500
2022-02-09	163.6300048828125	164.63999938964844	162.94000244140625	164.63999938964844	157.65086364746094	141800
2022-02-10	158.97000122070312	162.50999450683594	158.97000122070312	161.05999755859375	154.22283935546875	145900
2022-02-11	158.3800048828125	158.3800048828125	151.75	152.49000549316406	146.0166473388672	159200
2022-02-14	150.91000366210938	152.16000366210938	149.3000030517578	150.86000061035156	144.45582580566406	115500
2022-02-15	156.33999633789062	158.0	156.22000122070312	157.72000122070312	151.02464294433594	126400
2022-02-16	155.30999755859375	157.85000610351562	154.64999389648438	157.5500030517578	150.8618621826172	115100
2022-02-17	154.99000549316406	155.85000610351562	153.5399932861328	154.19000244140625	147.6444854736328	147500
2022-02-18	156.49000549316406	156.99000549316406	154.42999267578125	155.5399932861328	148.93716430664062	99300
2022-02-22	152.33999633789062	153.64999389648438	150.11000061035156	151.4199981689453	144.9920654296875	131200
2022-02-23	153.94000244140625	153.9600067138672	149.33999633789062	149.41000366210938	143.06741333007812	226900
2022-02-24	141.52000427246094	146.75	141.0	145.52999877929688	139.35211181640625	345400
2022-02-25	147.5800018310547	151.2899932861328	147.42999267578125	151.27000427246094	144.84844970703125	137700
2022-02-28	145.5800018310547	149.25999450683594	145.10000610351562	145.75	139.56277465820312	160200
2022-03-01	143.52000427246094	143.75999450683594	136.8699951171875	138.57000732421875	132.6875762939453	247100
2022-03-02	141.36000061035156	143.11000061035156	140.89999389648438	141.67999267578125	135.66554260253906	224400
2022-03-03	141.02000427246094	141.1199951171875	135.0	135.5399932861328	129.7861785888672	209600
2022-03-04	129.7899932861328	130.07000732421875	125.08000183105469	126.9800033569336	121.5895767211914	270400
2022-03-07	127.27999877929688	127.80999755859375	119.5	121.12000274658203	115.97834014892578	543000
2022-03-08	121.80000305175781	126.77999877929688	119.80999755859375	123.13999938964844	117.91259002685547	698500
2022-03-09	131.82000732421875	135.50999450683594	130.60000610351562	133.4499969482422	127.78491973876953	494500
2022-03-10	128.72000122070312	131.24000549316406	128.35000610351562	130.36000061035156	124.82608795166016	426600
2022-03-11	132.88999938964844	133.0399932861328	127.76000213623047	127.93000030517578	122.4992446899414	295600
2022-03-14	131.1300048828125	132.33999633789062	127.8499984741211	128.64999389648438	123.18866729736328	433100
2022-03-15	129.1300048828125	130.32000732421875	127.6500015258789	129.86000061035156	124.3473129272461	253600
2022-03-16	136.49000549316406	141.7100067138672	136.0399932861328	139.6699981689453	133.74087524414062	283700
2022-03-17	139.07000732421875	140.97999572753906	138.4499969482422	140.32000732421875	134.36326599121094	301700
2022-03-18	138.52999877929688	143.1699981689453	138.1999969482422	143.16000366210938	137.08273315429688	261400
2022-03-21	140.6300048828125	140.77000427246094	138.05999755859375	139.24000549316406	133.32913208007812	118800
2022-03-22	141.22999572753906	142.52999877929688	140.92999267578125	141.52999877929688	135.5218963623047	263500
2022-03-23	138.5500030517578	138.5500030517578	136.3300018310547	136.8800048828125	131.0693359375	121200
2022-03-24	137.72000122070312	138.5399932861328	136.25999450683594	138.0	132.1417694091797	117400
2022-03-25	140.42999267578125	140.85000610351562	137.22000122070312	138.17999267578125	132.31411743164062	114200
2022-03-28	140.4600067138672	142.24000549316406	139.35000610351562	141.14999389648438	135.1580352783203	154100
2022-03-29	149.5399932861328	150.25	147.30999755859375	148.8000030517578	142.48329162597656	210000
2022-03-30	147.7899932861328	147.92999267578125	146.24000549316406	146.8000030517578	140.5681915283203	106700
2022-03-31	144.72999572753906	145.5500030517578	142.39999389648438	142.5800018310547	136.52734375	105900
2022-04-01	143.72000122070312	144.35000610351562	142.5399932861328	143.22999572753906	137.14974975585938	247700
2022-04-04	144.67999267578125	146.5800018310547	144.3800048828125	146.22999572753906	140.02239990234375	151000
2022-04-05	143.91000366210938	144.47000122070312	143.02000427246094	143.9199981689453	137.81045532226562	139200
2022-04-06	139.42999267578125	139.74000549316406	137.60000610351562	138.6699981689453	132.78330993652344	159800
2022-04-07	137.75	138.44000244140625	135.30999755859375	137.10000610351562	131.27999877929688	179500
2022-04-08	135.14999389648438	137.38999938964844	135.0	136.35000610351562	130.56182861328125	214600
2022-04-11	134.97000122070312	135.61000061035156	133.6199951171875	134.02000427246094	128.3307342529297	164600
2022-04-12	137.69000244140625	140.8000030517578	136.8300018310547	138.92999267578125	133.0322723388672	186800
2022-04-13	134.38999938964844	138.1999969482422	134.0	138.0500030517578	132.1896514892578	264900
2022-04-14	137.6300048828125	138.5500030517578	137.32000732421875	138.10000610351562	132.23753356933594	448900
2022-04-18	138.10000610351562	138.10000610351562	136.55999755859375	136.55999755859375	130.76290893554688	128800
2022-04-19	134.91000366210938	138.39999389648438	134.91000366210938	138.39999389648438	132.5247802734375	208200
2022-04-20	138.38999938964844	139.8800048828125	138.38999938964844	139.52000427246094	133.59725952148438	157000
2022-04-21	142.61000061035156	143.38999938964844	138.8699951171875	139.27000427246094	133.35784912109375	126600
2022-04-22	138.25	138.85000610351562	135.22999572753906	135.5	131.20245361328125	229700
2022-04-25	131.99000549316406	132.97000122070312	130.27000427246094	132.5	128.297607421875	390100
2022-04-26	131.77999877929688	132.42999267578125	127.80999755859375	128.1999969482422	124.13397979736328	164400
2022-04-27	129.17999267578125	130.69000244140625	127.75	129.77999877929688	125.66387939453125	163800
2022-04-28	129.8300018310547	131.38999938964844	127.4000015258789	130.9199981689453	126.76770782470703	248900
2022-04-29	130.9499969482422	132.41000366210938	129.4199981689453	129.8300018310547	125.71228790283203	149600
2022-05-02	127.63999938964844	129.27999877929688	125.91999816894531	127.4000015258789	123.35935974121094	175000
2022-05-03	127.05000305175781	127.0999984741211	125.54000091552734	126.0	122.0037612915039	177400
2022-05-04	127.26000213623047	129.9499969482422	125.0	129.9499969482422	125.82848358154297	216400
2022-05-05	126.16999816894531	126.26000213623047	119.5999984741211	121.23999786376953	117.39472961425781	316300
2022-05-06	119.02999877929688	120.13999938964844	117.13999938964844	117.91000366210938	114.17035675048828	372000
2022-05-09	115.9000015258789	116.44000244140625	113.26000213623047	113.79000091552734	110.18101501464844	438000
2022-05-10	118.05000305175781	118.0999984741211	115.19000244140625	116.22000122070312	112.53395080566406	272000
2022-05-11	119.1500015258789	121.30000305175781	117.41999816894531	117.5	113.77334594726562	289200
2022-05-12	114.31999969482422	118.20999908447266	113.97000122070312	117.13999938964844	113.42476654052734	338300
2022-05-13	118.62000274658203	122.08999633789062	118.47000122070312	121.02999877929688	117.19139099121094	295300
2022-05-16	120.01000213623047	121.19999694824219	119.19000244140625	120.27999877929688	116.46517181396484	162300
2022-05-17	124.25	125.29000091552734	122.68000030517578	125.25	121.27754974365234	192600
2022-05-18	122.16999816894531	122.58000183105469	119.41000366210938	119.75	115.95198822021484	240500
2022-05-19	118.87000274658203	121.76000213623047	118.19000244140625	120.8499984741211	117.01709747314453	251300
2022-05-20	119.04000091552734	119.11000061035156	115.95999908447266	117.63999938964844	113.9089126586914	248100
2022-05-23	117.70999908447266	120.05000305175781	117.19000244140625	119.20999908447266	115.42910766601562	151900
2022-05-24	118.97000122070312	119.23999786376953	117.69999694824219	118.37999725341797	114.62543487548828	185200
2022-05-25	116.0	118.2699966430664	115.80000305175781	117.56999969482422	113.84112548828125	291400
2022-05-26	120.01000213623047	123.22000122070312	119.95999908447266	122.45999908447266	118.57604217529297	156800
2022-05-27	126.11000061035156	127.5999984741211	126.11000061035156	126.37999725341797	122.3717041015625	228500
2022-05-31	128.49000549316406	129.38999938964844	127.19999694824219	129.0	124.90861511230469	347000
2022-06-01	130.72000122070312	131.3000030517578	126.6500015258789	127.12999725341797	123.0979232788086	150900
2022-06-02	130.2899932861328	132.0	129.72999572753906	132.0	127.8134765625	288300
2022-06-03	130.08999633789062	131.11000061035156	129.75999450683594	130.69000244140625	126.54501342773438	111200
2022-06-06	132.1999969482422	132.94000244140625	130.82000732421875	131.4199981689453	127.2518539428711	149900
2022-06-07	128.35000610351562	131.11000061035156	128.25999450683594	131.11000061035156	126.95169067382812	192800
2022-06-08	128.92999267578125	129.5	127.62000274658203	127.7699966430664	123.71762084960938	400700
2022-06-09	125.80000305175781	125.91999816894531	123.22000122070312	123.25	119.34098815917969	327000
2022-06-10	120.94000244140625	121.38999938964844	119.7300033569336	120.61000061035156	116.78471374511719	284500
2022-06-13	115.33000183105469	116.30999755859375	114.4000015258789	114.69999694824219	111.06214904785156	226900
2022-06-14	113.80999755859375	114.62999725341797	112.08000183105469	112.91000366210938	109.32892608642578	249800
2022-06-15	114.2699966430664	116.88999938964844	113.76000213623047	116.0	112.32093048095703	170500
2022-06-16	112.37000274658203	114.5199966430664	112.04000091552734	112.68000030517578	109.1062240600586	184400
2022-06-17	113.76000213623047	115.02999877929688	113.0199966430664	113.72000122070312	110.11323547363281	165000
2022-06-21	116.26000213623047	117.19000244140625	115.98999786376953	116.2699966430664	112.58235931396484	319300
2022-06-22	115.05999755859375	117.52999877929688	114.94999694824219	116.02999877929688	112.3499755859375	165200
2022-06-23	118.16000366210938	119.75	118.01000213623047	119.69999694824219	115.90357208251953	158900
2022-06-24	122.30000305175781	125.0199966430664	122.22000122070312	125.0199966430664	121.05484008789062	143000
2022-06-27	123.37999725341797	123.79000091552734	122.0	122.38999938964844	118.50825500488281	201700
2022-06-28	124.43000030517578	125.4800033569336	122.25	122.25	118.3727035522461	190300
2022-06-29	123.1500015258789	124.19000244140625	122.66000366210938	123.25	119.34098815917969	245000
2022-06-30	119.83999633789062	122.95999908447266	119.20999908447266	122.22000122070312	118.3436508178711	116500
2022-07-01	120.30000305175781	122.6500015258789	119.94999694824219	122.6500015258789	118.76001739501953	100600
2022-07-05	116.91000366210938	119.52999877929688	116.68000030517578	119.5199966430664	115.72928619384766	163400
2022-07-06	121.5	122.91999816894531	120.83999633789062	122.36000061035156	118.47920989990234	295100
2022-07-07	124.22000122070312	125.08000183105469	123.23999786376953	124.12000274658203	120.18338775634766	236000
2022-07-08	123.0	123.87000274658203	122.19000244140625	123.5	119.58304595947266	82800
2022-07-11	121.23999786376953	122.12999725341797	120.47000122070312	120.77999877929688	116.9493179321289	231500
2022-07-12	121.56999969482422	123.36000061035156	121.37000274658203	122.12000274658203	118.246826171875	134400
2022-07-13	120.02999877929688	123.01000213623047	119.91999816894531	122.08000183105469	118.20809173583984	194100
2022-07-14	120.68000030517578	123.12000274658203	119.62000274658203	122.80000305175781	118.9052505493164	310300
2022-07-15	120.54000091552734	123.4000015258789	119.37999725341797	122.26000213623047	118.38238525390625	170800
2022-07-18	124.75	125.4000015258789	122.87999725341797	123.20999908447266	119.30224609375	238300
2022-07-19	126.9000015258789	129.2100067138672	126.87000274658203	128.72000122070312	124.63748931884766	144200
2022-07-20	128.07000732421875	128.57000732421875	125.73999786376953	126.70999908447266	122.69123840332031	178900
2022-07-21	128.64999389648438	129.85000610351562	128.0399932861328	129.50999450683594	125.40243530273438	115000
2022-07-22	130.14999389648438	130.97000122070312	128.33999633789062	128.8300018310547	124.74401092529297	130700
2022-07-25	130.82000732421875	131.08999633789062	129.6300048828125	130.2899932861328	126.15769958496094	125200
2022-07-26	127.44000244140625	131.22000122070312	123.51000213623047	124.5999984741211	120.64816284179688	226700
2022-07-27	127.9800033569336	131.0	127.83000183105469	130.6199951171875	126.47722625732422	151700
2022-07-28	132.16000366210938	136.35000610351562	132.0500030517578	136.07000732421875	131.75437927246094	170500
2022-07-29	137.5399932861328	138.8699951171875	136.88999938964844	138.75999450683594	134.3590545654297	192800
2022-08-01	139.58999633789062	141.66000366210938	139.47999572753906	140.77000427246094	136.30531311035156	182700
2022-08-02	138.0800018310547	139.22999572753906	137.3300018310547	137.6699981689453	133.30361938476562	95900
2022-08-03	137.82000732421875	140.10000610351562	137.0500030517578	139.77999877929688	135.3467254638672	160100
2022-08-04	140.6199951171875	142.0	140.4199981689453	141.8800048828125	137.380126953125	93600
2022-08-05	138.5500030517578	139.77999877929688	137.91000366210938	139.61000061035156	135.18211364746094	123900
2022-08-08	141.10000610351562	141.7899932861328	139.94000244140625	140.42999267578125	135.97608947753906	117700
2022-08-09	140.89999389648438	140.89999389648438	138.4600067138672	138.8800048828125	134.4752655029297	119100
2022-08-10	142.39999389648438	143.55999755859375	141.77000427246094	142.3000030517578	137.7867889404297	76200
2022-08-11	143.49000549316406	144.33999633789062	141.80999755859375	142.2899932861328	137.77711486816406	258100
2022-08-12	142.3800048828125	143.86000061035156	141.6300048828125	143.66000366210938	139.10365295410156	188100
2022-08-15	142.25999450683594	143.02999877929688	141.61000061035156	142.6999969482422	138.17408752441406	117200
2022-08-16	141.1699981689453	143.0800018310547	140.89999389648438	142.50999450683594	137.9901123046875	94200
2022-08-17	143.52999877929688	143.8000030517578	141.85000610351562	142.9499969482422	138.41615295410156	91400
2022-08-18	142.5500030517578	143.5	142.07000732421875	142.77999877929688	138.25155639648438	143300
2022-08-19	140.82000732421875	141.17999267578125	139.61000061035156	140.3800048828125	135.92767333984375	139100
2022-08-22	137.0399932861328	137.07000732421875	135.0	135.1199951171875	130.83450317382812	150500
2022-08-23	134.86000061035156	136.57000732421875	134.72000122070312	135.2899932861328	130.9990997314453	105500
2022-08-24	135.7100067138672	137.36000061035156	135.27000427246094	136.22999572753906	131.9093017578125	82900
2022-08-25	136.30999755859375	138.10000610351562	135.83999633789062	138.10000610351562	133.72000122070312	87100
2022-08-26	137.4600067138672	137.50999450683594	131.89999389648438	132.10000610351562	127.9103012084961	103200
2022-08-29	130.72999572753906	133.3000030517578	130.4600067138672	132.60000610351562	128.39443969726562	303200
2022-08-30	133.41000366210938	133.6699981689453	130.9600067138672	131.7899932861328	127.61012268066406	131100
2022-08-31	131.58999633789062	132.07000732421875	129.2899932861328	129.4600067138672	125.35403442382812	82600
2022-09-01	126.0	127.37000274658203	124.66999816894531	127.31999969482422	123.28189849853516	397700
2022-09-02	128.25999450683594	129.5399932861328	124.0999984741211	124.72000122070312	120.76435852050781	190600
2022-09-06	125.8499984741211	126.73999786376953	124.33000183105469	125.61000061035156	121.62612915039062	144400
2022-09-07	126.16999816894531	128.9600067138672	126.16999816894531	128.6699981689453	124.58908081054688	107300
2022-09-08	126.20999908447266	128.36000061035156	125.5199966430664	127.94999694824219	123.89191436767578	145600
2022-09-09	129.9499969482422	131.6300048828125	129.9499969482422	131.42999267578125	127.26152801513672	82400
2022-09-12	132.7100067138672	134.0	132.6699981689453	132.91000366210938	128.69459533691406	112300
2022-09-13	130.89999389648438	132.97000122070312	128.55999755859375	128.64999389648438	124.5697021484375	140400
2022-09-14	129.91000366210938	131.4600067138672	129.49000549316406	130.66000366210938	126.51596069335938	171000
2022-09-15	127.3499984741211	129.39999389648438	127.31999969482422	127.80999755859375	123.75634765625	165600
2022-09-16	126.05999755859375	128.6199951171875	126.05999755859375	128.4199981689453	124.34700775146484	119800
2022-09-19	126.58000183105469	129.22000122070312	126.58000183105469	128.86000061035156	124.77305603027344	134800
2022-09-20	126.20999908447266	127.0199966430664	124.52999877929688	126.08999633789062	122.09089660644531	113500
2022-09-21	126.06999969482422	128.27000427246094	124.5	124.70999908447266	120.75467681884766	106300
2022-09-22	124.63999938964844	124.63999938964844	122.41000366210938	123.26000213623047	119.35066223144531	240000
2022-09-23	119.41999816894531	119.45999908447266	116.38999938964844	117.16000366210938	113.44412994384766	265300
2022-09-26	118.06999969482422	119.08000183105469	115.88999938964844	116.20999908447266	112.52426147460938	192600
2022-09-27	117.47000122070312	118.31999969482422	114.26000213623047	115.83999633789062	112.16598510742188	247700
2022-09-28	117.05000305175781	120.51000213623047	116.73999786376953	120.08999633789062	116.28119659423828	176200
2022-09-29	118.41999816894531	119.4000015258789	116.66999816894531	119.19999694824219	115.41943359375	233600
2022-09-30	117.12999725341797	120.04000091552734	116.72000122070312	117.5	113.77334594726562	343600
2022-10-03	118.22000122070312	120.02999877929688	117.51000213623047	119.12000274658203	115.34197235107422	268000
2022-10-04	125.62999725341797	129.33999633789062	125.62999725341797	129.00999450683594	124.91828918457031	247100
2022-10-05	125.55000305175781	127.2699966430664	124.58999633789062	126.33999633789062	122.33297729492188	272300
2022-10-06	124.87999725341797	125.83999633789062	123.6500015258789	124.08000183105469	120.1446533203125	119500
2022-10-07	122.19999694824219	122.37000274658203	119.12000274658203	119.75	115.95198822021484	122500
2022-10-10	119.19000244140625	119.83999633789062	117.61000061035156	118.37999725341797	114.62543487548828	157800
2022-10-11	117.9000015258789	121.43000030517578	116.68000030517578	118.94999694824219	115.17735290527344	232500
2022-10-12	120.69000244140625	121.4000015258789	120.19999694824219	120.5	116.67819213867188	186800
2022-10-13	116.47000122070312	122.77999877929688	115.36000061035156	121.83000183105469	117.96602630615234	207100
2022-10-14	124.62000274658203	125.0	120.58999633789062	120.75	116.92027282714844	180100
2022-10-17	124.33999633789062	125.79000091552734	124.22000122070312	124.83999633789062	120.88055419921875	168500
2022-10-18	127.48999786376953	127.56999969482422	124.72000122070312	125.58000183105469	121.59707641601562	117800
2022-10-19	123.2300033569336	123.80000305175781	121.16000366210938	121.77999877929688	117.9176025390625	114100
2022-10-20	122.8499984741211	124.87999725341797	122.45999908447266	122.8499984741211	118.95366668701172	156200
2022-10-21	123.44999694824219	126.05000305175781	122.54000091552734	126.05000305175781	122.05217742919922	105600
2022-10-24	125.66999816894531	126.91999816894531	124.97000122070312	126.13999938964844	122.13932037353516	116800
2022-10-25	127.48999786376953	131.74000549316406	127.48999786376953	131.42999267578125	127.26152801513672	219100
2022-10-26	130.80999755859375	133.91000366210938	130.6300048828125	132.77000427246094	128.55905151367188	129000
2022-10-27	132.42999267578125	132.61000061035156	129.89999389648438	130.19000244140625	126.0608901977539	132900
2022-10-28	129.00999450683594	129.91000366210938	128.1999969482422	129.75	125.63482666015625	275600
2022-10-31	127.5199966430664	127.66000366210938	125.9000015258789	126.22000122070312	122.21678161621094	199000
2022-11-01	130.33999633789062	130.8300018310547	127.68000030517578	128.66000366210938	124.57939910888672	206700
2022-11-02	126.30000305175781	128.64999389648438	123.95999908447266	123.95999908447266	120.0284652709961	172600
2022-11-03	121.97000122070312	123.43000030517578	121.80000305175781	121.93000030517578	118.06285095214844	415900
2022-11-04	130.94000244140625	133.1300048828125	130.0	132.44000244140625	128.23951721191406	324700
2022-11-07	131.60000610351562	132.02000427246094	130.3800048828125	131.32000732421875	127.15504455566406	147300
2022-11-08	131.60000610351562	132.8000030517578	131.0	131.72000122070312	127.54234313964844	162200
2022-11-09	131.6999969482422	132.85000610351562	130.3300018310547	130.3300018310547	126.19642639160156	156100
2022-11-10	138.6199951171875	140.27000427246094	137.30999755859375	140.1300048828125	135.68560791015625	215200
2022-11-11	144.0800018310547	147.2100067138672	143.75999450683594	146.97999572753906	142.31834411621094	234900
2022-11-14	144.4600067138672	145.67999267578125	144.02999877929688	144.22999572753906	139.65557861328125	123800
2022-11-15	146.61000061035156	146.9600067138672	142.14999389648438	144.25999450683594	139.6846160888672	206600
2022-11-16	145.2100067138672	145.5500030517578	144.00999450683594	144.94000244140625	140.3430633544922	225800
2022-11-17	142.77000427246094	145.1699981689453	142.72000122070312	144.8800048828125	140.28497314453125	165500
2022-11-18	144.89999389648438	145.0	143.55999755859375	144.22999572753906	139.65557861328125	204900
2022-11-21	142.77999877929688	144.1300048828125	142.7100067138672	143.1699981689453	138.6291961669922	246400
2022-11-22	142.32000732421875	144.2899932861328	142.0399932861328	144.22999572753906	139.65557861328125	118100
2022-11-23	144.3699951171875	146.32000732421875	144.3699951171875	145.89999389648438	141.27259826660156	126800
2022-11-25	144.72999572753906	146.25	144.17999267578125	146.02999877929688	141.3984832763672	76000
2022-11-28	145.35000610351562	146.2899932861328	143.55999755859375	143.61000061035156	139.0552520751953	112600
2022-11-29	144.8699951171875	145.2899932861328	143.5500030517578	144.5800018310547	141.00677490234375	104900
2022-11-30	150.5800018310547	153.02000427246094	148.33999633789062	153.0	149.2187042236328	198400
2022-12-01	151.83999633789062	152.13999938964844	150.47999572753906	151.55999755859375	147.81427001953125	132100
2022-12-02	149.8000030517578	151.1300048828125	149.3699951171875	150.57000732421875	146.84873962402344	213000
2022-12-05	150.4199981689453	150.60000610351562	149.0	149.57000732421875	145.87347412109375	277300
2022-12-06	149.4600067138672	149.99000549316406	148.2100067138672	149.11000061035156	145.42481994628906	159300
2022-12-07	149.92999267578125	150.77000427246094	149.11000061035156	149.5399932861328	145.84417724609375	154500
2022-12-08	150.33999633789062	152.64999389648438	149.75999450683594	152.3300018310547	148.5652313232422	203800
2022-12-09	151.58999633789062	152.0	150.57000732421875	150.57000732421875	146.84873962402344	145000
2022-12-12	151.14999389648438	151.99000549316406	150.5	151.89999389648438	148.14585876464844	113200
2022-12-13	156.72000122070312	157.27000427246094	153.0399932861328	153.8699951171875	150.0671844482422	106700
2022-12-14	154.61000061035156	155.77999877929688	152.97999572753906	154.36000061035156	150.54507446289062	113000
2022-12-15	150.13999938964844	150.13999938964844	147.8800048828125	149.11000061035156	145.42481994628906	156800
2022-12-16	146.74000549316406	147.5399932861328	146.1300048828125	147.0800018310547	143.4449920654297	129700
2022-12-19	146.17999267578125	146.3699951171875	144.61000061035156	145.10000610351562	141.51394653320312	126900
2022-12-20	144.52999877929688	145.55999755859375	144.14999389648438	144.86000061035156	141.27987670898438	140800
2022-12-21	144.82000732421875	146.94000244140625	144.82000732421875	146.27999877929688	142.66477966308594	113000
2022-12-22	145.4499969482422	145.4499969482422	143.47999572753906	144.97999572753906	141.3968963623047	122600
2022-12-23	142.58999633789062	143.63999938964844	142.0	143.50999450683594	139.9632110595703	115900
2022-12-27	146.4199981689453	147.4499969482422	146.38999938964844	146.92999267578125	143.29869079589844	183700
2022-12-28	147.33999633789062	147.9199981689453	145.0	145.05999755859375	141.4749298095703	344700
2022-12-29	147.6999969482422	148.99000549316406	147.58999633789062	147.94000244140625	144.2837371826172	517100
2022-12-30	146.80999755859375	146.8699951171875	144.13999938964844	144.8699951171875	141.28961181640625	406600
2023-01-03	149.66000366210938	150.5500030517578	147.6999969482422	148.38999938964844	144.72262573242188	222300
2023-01-04	155.0800018310547	156.97999572753906	154.2899932861328	156.4199981689453	152.55416870117188	117500
2023-01-05	153.77999877929688	154.52999877929688	152.94000244140625	153.47999572753906	149.6868133544922	101100
2023-01-06	155.36000061035156	159.61000061035156	154.5	159.10000610351562	155.16793823242188	241300
2023-01-09	161.99000549316406	163.58999633789062	161.02000427246094	161.35000610351562	157.36231994628906	498900
2023-01-10	161.33999633789062	163.1300048828125	161.33999633789062	163.1300048828125	159.09832763671875	186300
2023-01-11	166.47000122070312	167.17999267578125	165.5800018310547	166.86000061035156	162.73614501953125	168200
2023-01-12	169.13999938964844	169.32000732421875	166.5	168.44000244140625	164.277099609375	152300
2023-01-13	167.58999633789062	171.3000030517578	167.5399932861328	171.0	166.77383422851562	170100
2023-01-17	173.27999877929688	174.00999450683594	171.14999389648438	171.47000122070312	167.23220825195312	313200
2023-01-18	174.35000610351562	174.74000549316406	171.77999877929688	172.0500030517578	167.79788208007812	178400
2023-01-19	168.67999267578125	169.77999877929688	167.0800018310547	168.30999755859375	164.15029907226562	181200
2023-01-20	168.5500030517578	170.27000427246094	168.22999572753906	170.02000427246094	165.8180694580078	381000
2023-01-23	170.2899932861328	172.0	170.19000244140625	171.6300048828125	167.38827514648438	275400
2023-01-24	171.41000366210938	173.22999572753906	170.63999938964844	172.74000549316406	168.4708251953125	247700
2023-01-25	172.19000244140625	174.11000061035156	171.77000427246094	173.52000427246094	169.23153686523438	147900
2023-01-26	175.08999633789062	175.27000427246094	169.9600067138672	171.3000030517578	167.06642150878906	374600
2023-01-27	172.89999389648438	175.1300048828125	172.5	173.9499969482422	169.65090942382812	290500
2023-01-30	172.72000122070312	174.08999633789062	172.57000732421875	172.75	168.48057556152344	201300
2023-01-31	173.4199981689453	174.72000122070312	172.9499969482422	174.69000244140625	170.37261962890625	281700
2023-02-01	173.9199981689453	177.63999938964844	172.85000610351562	176.69000244140625	172.3231964111328	219000
2023-02-02	177.3300018310547	177.69000244140625	175.39999389648438	176.52999877929688	172.16714477539062	221000
2023-02-03	175.86000061035156	180.41000366210938	175.77999877929688	178.75999450683594	174.34202575683594	180700
2023-02-06	175.08999633789062	175.41000366210938	173.3000030517578	174.3000030517578	169.99227905273438	157900
2023-02-07	171.86000061035156	175.05999755859375	170.88999938964844	174.67999267578125	170.36285400390625	150200
2023-02-08	172.1699981689453	172.35000610351562	171.11000061035156	171.9499969482422	167.70034790039062	258500
2023-02-09	174.6699981689453	175.35000610351562	172.58999633789062	173.0800018310547	168.8024139404297	103300
2023-02-10	170.5399932861328	171.1300048828125	169.5399932861328	171.1300048828125	166.90061950683594	118600
2023-02-13	171.52999877929688	174.5399932861328	171.4600067138672	174.24000549316406	169.93374633789062	89800
2023-02-14	173.08999633789062	176.0	172.38999938964844	175.6999969482422	171.35768127441406	154600
2023-02-15	174.89999389648438	176.83999633789062	174.8800048828125	176.8000030517578	172.43048095703125	89900
2023-02-16	174.74000549316406	176.66000366210938	174.60000610351562	175.27000427246094	170.93829345703125	167500
2023-02-17	174.2100067138672	176.0	174.08999633789062	175.4600067138672	171.1236114501953	129500
2023-02-21	172.0800018310547	172.94000244140625	171.25	171.41000366210938	167.1737060546875	104500
2023-02-22	171.6699981689453	172.89999389648438	171.17999267578125	171.4600067138672	167.2224578857422	77500
2023-02-23	172.10000610351562	172.91000366210938	170.52000427246094	172.75999450683594	168.49032592773438	119300
2023-02-24	166.6199951171875	167.1699981689453	163.99000549316406	165.3800048828125	161.292724609375	203900
2023-02-27	169.02000427246094	169.4499969482422	167.91000366210938	168.91000366210938	164.7354736328125	235600
2023-02-28	168.0800018310547	168.74000549316406	166.4199981689453	166.6300048828125	162.5118408203125	107300
2023-03-01	171.47999572753906	171.8800048828125	168.5399932861328	169.36000061035156	165.17434692382812	240200
2023-03-02	169.05999755859375	171.6199951171875	169.05999755859375	171.32000732421875	167.08592224121094	162700
2023-03-03	172.74000549316406	174.4199981689453	171.8300018310547	174.17999267578125	169.87522888183594	116200
2023-03-06	175.94000244140625	176.77000427246094	175.3000030517578	175.7100067138672	171.367431640625	95700
2023-03-07	174.94000244140625	175.0800018310547	171.58999633789062	171.8300018310547	167.58331298828125	121900
2023-03-08	171.4199981689453	172.1300048828125	170.0399932861328	170.4499969482422	166.2374267578125	132500
2023-03-09	170.41000366210938	171.16000366210938	167.4199981689453	167.8699951171875	163.72117614746094	124600
2023-03-10	170.63999938964844	171.39999389648438	168.24000549316406	168.30999755859375	164.15029907226562	129200
2023-03-13	165.99000549316406	169.47999572753906	165.99000549316406	167.3300018310547	163.19451904296875	130300
2023-03-14	171.1199951171875	172.42999267578125	170.36000061035156	171.67999267578125	167.43701171875	88100
2023-03-15	162.86000061035156	166.72999572753906	161.9600067138672	165.6699981689453	161.57554626464844	198400
2023-03-16	166.24000549316406	171.9499969482422	166.1999969482422	171.9499969482422	167.70034790039062	212600
2023-03-17	167.8000030517578	169.1999969482422	166.77999877929688	168.25999450683594	164.10153198242188	132100
2023-03-20	172.30999755859375	173.5800018310547	171.8699951171875	173.0	168.72439575195312	108100
2023-03-21	174.0500030517578	174.64999389648438	173.02999877929688	174.39999389648438	170.08978271484375	258300
2023-03-22	175.14999389648438	178.5	174.69000244140625	175.0	170.6749725341797	117800
2023-03-23	177.5	178.8800048828125	174.97000122070312	175.72000122070312	171.37716674804688	136400
2023-03-24	175.66000366210938	176.44000244140625	174.10000610351562	176.02999877929688	171.6795196533203	108900
2023-03-27	176.3000030517578	177.27000427246094	175.85000610351562	177.14999389648438	172.77182006835938	68500
2023-03-28	177.1699981689453	177.17999267578125	175.5800018310547	176.19000244140625	171.83555603027344	101000
2023-03-29	179.44000244140625	179.5800018310547	177.86000061035156	178.3300018310547	173.92266845703125	164600
2023-03-30	179.4499969482422	180.74000549316406	179.33999633789062	180.5500030517578	176.0878143310547	140900
2023-03-31	182.63999938964844	184.55999755859375	182.52999877929688	183.72999572753906	179.189208984375	173000
2023-04-03	182.94000244140625	184.9600067138672	182.75	184.72000122070312	180.15475463867188	119100
2023-04-04	184.10000610351562	186.89999389648438	184.0	186.49000549316406	181.88099670410156	110500
2023-04-05	185.35000610351562	186.14999389648438	183.61000061035156	184.5399932861328	179.9791717529297	92900
2023-04-06	181.1999969482422	182.02999877929688	180.07000732421875	181.0500030517578	176.57545471191406	289000
2023-04-10	181.5500030517578	181.5500030517578	178.82000732421875	180.8300018310547	176.3608856201172	83800
2023-04-11	184.36000061035156	185.0	183.41000366210938	183.66000366210938	179.12094116210938	101200
2023-04-12	184.0	191.33999633789062	183.0	189.9499969482422	185.2554931640625	163200
2023-04-13	193.42999267578125	196.8800048828125	193.25999450683594	196.83999633789062	191.97520446777344	199500
2023-04-14	195.9600067138672	197.07000732421875	195.50999450683594	196.58999633789062	191.73138427734375	137400
2023-04-17	191.6699981689453	191.6699981689453	189.86000061035156	190.47999572753906	185.7723846435547	263000
2023-04-18	192.97999572753906	193.89999389648438	192.00999450683594	193.27000427246094	188.49343872070312	225300
2023-04-19	193.63999938964844	195.0	193.42999267578125	194.5	189.69302368164062	166100
2023-04-20	195.33999633789062	197.69000244140625	194.52000427246094	196.60000610351562	191.7411346435547	175100
2023-04-21	196.5	199.75	195.36000061035156	199.24000549316406	195.7958221435547	292100
2023-04-24	197.8000030517578	198.92999267578125	197.5800018310547	198.3699951171875	194.9408416748047	501600
2023-04-25	195.57000732421875	195.58999633789062	192.66000366210938	193.14999389648438	189.8110809326172	241700
2023-04-26	192.6199951171875	193.57000732421875	191.39999389648438	191.58999633789062	188.27804565429688	216500
2023-04-27	195.69000244140625	195.89999389648438	193.1999969482422	194.8000030517578	191.43255615234375	154600
2023-04-28	191.1300048828125	192.42999267578125	190.38999938964844	191.99000549316406	188.67112731933594	306100
2023-05-01	194.17999267578125	194.17999267578125	191.0500030517578	191.30999755859375	188.0028839111328	131400
2023-05-02	190.0500030517578	192.5800018310547	189.50999450683594	192.47999572753906	189.15264892578125	123700
2023-05-03	194.27000427246094	195.42999267578125	193.35000610351562	193.64999389648438	190.3024444580078	130700
2023-05-04	192.2100067138672	193.83999633789062	192.0	193.07000732421875	189.7324676513672	149000
2023-05-05	192.41000366210938	194.19000244140625	192.19000244140625	193.57000732421875	190.2238311767578	94500
2023-05-08	195.38999938964844	195.47000122070312	194.75	195.00999450683594	191.63893127441406	79700
2023-05-09	192.49000549316406	193.4199981689453	192.02999877929688	192.8300018310547	189.49661254882812	83300
2023-05-10	192.22999572753906	192.27000427246094	189.91000366210938	191.4600067138672	188.15029907226562	85800
2023-05-11	192.1199951171875	194.33999633789062	191.57000732421875	193.83999633789062	190.48915100097656	118600
2023-05-12	192.2100067138672	192.32000732421875	191.1699981689453	192.30999755859375	188.985595703125	87300
2023-05-15	191.57000732421875	192.1699981689453	190.91000366210938	191.86000061035156	188.5433807373047	71800
2023-05-16	190.39999389648438	190.64999389648438	189.5399932861328	189.60000610351562	186.32244873046875	83200
2023-05-17	189.13999938964844	190.69000244140625	188.1300048828125	190.25999450683594	186.97103881835938	90900
2023-05-18	188.0800018310547	188.1999969482422	187.11000061035156	187.97999572753906	184.73043823242188	227300
2023-05-19	189.77000427246094	190.00999450683594	188.8000030517578	189.47000122070312	186.1947021484375	163000
2023-05-22	190.57000732421875	190.64999389648438	189.52000427246094	189.89999389648438	186.61724853515625	96200
2023-05-23	181.75999450683594	181.77000427246094	178.58999633789062	178.60000610351562	175.5126190185547	225500
2023-05-24	176.49000549316406	176.5500030517578	175.10000610351562	175.39999389648438	172.367919921875	203200
2023-05-25	175.42999267578125	177.61000061035156	175.00999450683594	177.49000549316406	174.4217987060547	156400
2023-05-26	180.7100067138672	181.9199981689453	180.6699981689453	181.39999389648438	178.26419067382812	181000
2023-05-30	181.63999938964844	181.63999938964844	178.74000549316406	179.6699981689453	176.56410217285156	206100
2023-05-31	175.11000061035156	175.19000244140625	172.25	175.08999633789062	172.0632781982422	314400
2023-06-01	172.58999633789062	174.14999389648438	171.75	173.85000610351562	170.84471130371094	219500
2023-06-02	178.8800048828125	179.6199951171875	177.67999267578125	178.0	174.9229736328125	261100
2023-06-05	174.88999938964844	175.4600067138672	174.0	174.55999755859375	171.5424346923828	192000
2023-06-06	173.66000366210938	174.57000732421875	173.5	173.89999389648438	170.89382934570312	158600
2023-06-07	174.7100067138672	175.42999267578125	173.00999450683594	173.00999450683594	170.0192413330078	337900
2023-06-08	176.22999572753906	176.86000061035156	175.61000061035156	176.4499969482422	173.39976501464844	320400
2023-06-09	176.74000549316406	177.27999877929688	176.0	176.39999389648438	173.35061645507812	99100
2023-06-12	179.8000030517578	180.8000030517578	179.25999450683594	180.5	177.3797607421875	133000
2023-06-13	181.1699981689453	182.55999755859375	181.1699981689453	181.77999877929688	178.63763427734375	112000
2023-06-14	183.61000061035156	184.85000610351562	182.5	183.75	180.57357788085938	126000
2023-06-15	183.24000549316406	185.10000610351562	182.94000244140625	185.0500030517578	181.85110473632812	104100
2023-06-16	190.0	190.6999969482422	189.13999938964844	189.1699981689453	185.89988708496094	143300
2023-06-20	185.1999969482422	186.02000427246094	184.0500030517578	184.63999938964844	181.44818115234375	119900
2023-06-21	182.33999633789062	184.63999938964844	182.24000549316406	184.22999572753906	181.04527282714844	112300
2023-06-22	182.6300048828125	184.33999633789062	182.6300048828125	184.25	181.06492614746094	72100
2023-06-23	179.97000122070312	181.64999389648438	179.8699951171875	181.0800018310547	177.94973754882812	130100
2023-06-26	182.4499969482422	183.11000061035156	182.0	182.1999969482422	179.0503692626953	78900
2023-06-27	183.52999877929688	185.1999969482422	183.25999450683594	185.17999267578125	181.9788360595703	73300
2023-06-28	185.24000549316406	185.97999572753906	184.8000030517578	185.72000122070312	182.509521484375	114400
2023-06-29	186.10000610351562	186.77999877929688	185.72000122070312	186.5800018310547	183.3546600341797	87200
2023-06-30	187.25	189.13999938964844	186.85000610351562	188.83999633789062	185.57559204101562	79000
2023-07-03	185.94000244140625	187.14999389648438	185.67999267578125	186.7899932861328	183.56101989746094	58600
2023-07-05	184.77000427246094	185.32000732421875	183.7100067138672	184.13999938964844	180.9568328857422	91700
2023-07-06	179.08999633789062	179.39999389648438	177.00999450683594	178.5500030517578	175.46347045898438	99100
2023-07-07	180.66000366210938	182.1999969482422	179.47999572753906	180.9199981689453	177.79249572753906	79100
2023-07-10	181.47000122070312	183.32000732421875	181.41000366210938	182.83999633789062	179.67930603027344	74600
2023-07-11	186.55999755859375	187.85000610351562	185.57000732421875	187.57000732421875	184.3275604248047	67800
2023-07-12	190.3800048828125	193.5	189.77999877929688	192.97999572753906	189.64401245117188	164400
2023-07-13	197.27999877929688	197.94000244140625	196.00999450683594	197.07000732421875	193.663330078125	159400
2023-07-14	199.6199951171875	200.75999450683594	199.30999755859375	199.58999633789062	196.13973999023438	118200
2023-07-17	192.83999633789062	193.82000732421875	191.5800018310547	193.49000549316406	190.1452178955078	138100
2023-07-18	191.3800048828125	193.49000549316406	191.1999969482422	193.42999267578125	190.0862274169922	109000
2023-07-19	191.22000122070312	191.6300048828125	189.3300018310547	190.25	186.96121215820312	219500
2023-07-20	190.24000549316406	191.05999755859375	189.0	189.8000030517578	186.5189971923828	174700
2023-07-21	191.85000610351562	193.52999877929688	191.1699981689453	192.97999572753906	189.64401245117188	185600
2023-07-24	188.1699981689453	190.49000549316406	188.0	189.97999572753906	186.69586181640625	137700
2023-07-25	189.64999389648438	190.7100067138672	182.2899932861328	182.4499969482422	179.29605102539062	415400
2023-07-26	179.32000732421875	181.25	178.6300048828125	180.61000061035156	177.4878692626953	297900
2023-07-27	184.42999267578125	185.49000549316406	182.36000061035156	182.50999450683594	179.35501098632812	167400
2023-07-28	184.55999755859375	186.33999633789062	184.3800048828125	185.3699951171875	182.16555786132812	119700
2023-07-31	186.82000732421875	187.6999969482422	186.1199951171875	186.25	183.03036499023438	79600
2023-08-01	182.52000427246094	182.97999572753906	181.5	182.44000244140625	179.28622436523438	239200
2023-08-02	180.0	180.1199951171875	177.10000610351562	177.88999938964844	174.81488037109375	226600
2023-08-03	176.25	178.55999755859375	176.07000732421875	177.66000366210938	174.58885192871094	100600
2023-08-04	179.08999633789062	180.64999389648438	177.74000549316406	177.9499969482422	174.87384033203125	101500
2023-08-07	180.47999572753906	180.67999267578125	178.85000610351562	180.30999755859375	177.1930389404297	66300
2023-08-08	176.47999572753906	178.25	175.75	178.0500030517578	174.9721221923828	138200
2023-08-09	177.66000366210938	178.4600067138672	176.66000366210938	177.57000732421875	174.50042724609375	154300
2023-08-10	182.94000244140625	185.25999450683594	181.82000732421875	182.1300048828125	178.98159790039062	125600
2023-08-11	179.89999389648438	180.77000427246094	179.42999267578125	180.08999633789062	176.97683715820312	72500
2023-08-14	177.13999938964844	178.69000244140625	176.5	178.69000244140625	175.60105895996094	67200
2023-08-15	176.63999938964844	176.77999877929688	174.61000061035156	174.8699951171875	171.84707641601562	161800
2023-08-16	175.0500030517578	175.92999267578125	173.5399932861328	173.6300048828125	170.62852478027344	335700
2023-08-17	172.44000244140625	172.5500030517578	169.42999267578125	169.75	166.81558227539062	301500
2023-08-18	166.41000366210938	169.52000427246094	166.0	168.8000030517578	165.8820037841797	373200
2023-08-21	170.97000122070312	171.60000610351562	170.0	171.25999450683594	168.2994842529297	126800
2023-08-22	171.9199981689453	172.3699951171875	170.33999633789062	170.61000061035156	167.6607208251953	271100
2023-08-23	170.38999938964844	172.27000427246094	170.3000030517578	171.72999572753906	168.76136779785156	85900
2023-08-24	170.8000030517578	171.3699951171875	168.39999389648438	168.69000244140625	165.77392578125	78700
2023-08-25	170.38999938964844	171.47999572753906	168.25	170.5500030517578	167.6017608642578	84900
2023-08-28	172.00999450683594	173.36000061035156	171.77999877929688	173.22000122070312	170.22560119628906	115100
2023-08-29	172.8699951171875	176.89999389648438	172.7899932861328	176.89999389648438	173.84197998046875	107100
2023-08-30	175.97999572753906	177.14999389648438	175.24000549316406	175.57000732421875	172.5349884033203	101000
2023-08-31	171.86000061035156	172.6199951171875	168.72999572753906	169.27999877929688	166.3537139892578	132000
2023-09-01	171.39999389648438	171.5500030517578	165.6999969482422	166.94000244140625	164.05416870117188	185200
2023-09-05	164.63999938964844	164.75999450683594	162.22000122070312	162.27000427246094	159.46490478515625	148500
2023-09-06	158.25	158.32000732421875	154.97999572753906	157.07000732421875	154.35479736328125	386600
2023-09-07	155.5500030517578	156.2899932861328	154.35000610351562	155.52000427246094	152.83157348632812	192600
2023-09-08	157.8699951171875	159.52999877929688	157.7100067138672	158.5800018310547	155.83868408203125	189100
2023-09-11	159.58999633789062	160.22999572753906	158.80999755859375	160.10000610351562	157.33241271972656	130500
2023-09-12	156.8699951171875	158.66000366210938	156.8000030517578	157.8300018310547	155.1016387939453	114400
2023-09-13	157.4499969482422	157.8699951171875	155.27000427246094	155.55999755859375	152.87088012695312	155800
2023-09-14	157.85000610351562	159.72000122070312	157.41000366210938	158.80999755859375	156.064697265625	199300
2023-09-15	163.33999633789062	164.0800018310547	160.83999633789062	160.8800048828125	158.0989227294922	486700
2023-09-18	158.3300018310547	159.05999755859375	157.91000366210938	158.4499969482422	155.71092224121094	160700
2023-09-19	156.92999267578125	158.22999572753906	156.1300048828125	158.0500030517578	155.31785583496094	155200
2023-09-20	156.7899932861328	158.6999969482422	155.60000610351562	155.7100067138672	153.01829528808594	261900
2023-09-21	154.85000610351562	155.85000610351562	154.0399932861328	154.32000732421875	151.65232849121094	239900
2023-09-22	155.92999267578125	157.1699981689453	154.32000732421875	154.77000427246094	152.0945587158203	127000
2023-09-25	151.75999450683594	151.91000366210938	150.02000427246094	151.2100067138672	148.59608459472656	156600
2023-09-26	148.33999633789062	149.3699951171875	147.89999389648438	148.00999450683594	145.45138549804688	299100
2023-09-27	148.08999633789062	148.22999572753906	145.3699951171875	147.07000732421875	144.5276641845703	328500
2023-09-28	148.60000610351562	150.16000366210938	148.4199981689453	149.58999633789062	147.0040740966797	171000
2023-09-29	154.17999267578125	154.4600067138672	150.8800048828125	151.11000061035156	148.497802734375	185300
2023-10-02	149.7899932861328	150.47999572753906	148.69000244140625	149.4600067138672	146.8763427734375	130100
2023-10-03	149.07000732421875	149.22999572753906	147.1199951171875	147.92999267578125	145.37277221679688	115400
2023-10-04	151.27999877929688	151.7899932861328	148.92999267578125	150.5800018310547	147.9769744873047	137300
2023-10-05	151.61000061035156	153.25999450683594	151.17999267578125	152.8000030517578	150.15859985351562	206700
2023-10-06	152.0800018310547	156.00999450683594	151.1999969482422	155.63999938964844	152.9495086669922	118800
2023-10-09	150.13999938964844	151.88999938964844	149.3699951171875	151.52000427246094	148.90072631835938	232300
2023-10-10	153.2899932861328	156.38999938964844	148.57000732421875	149.00999450683594	146.43411254882812	380900
2023-10-11	147.67999267578125	148.1699981689453	144.55999755859375	145.25	142.73912048339844	693500
2023-10-12	143.14999389648438	143.82000732421875	140.88999938964844	141.27000427246094	138.8279266357422	449600
2023-10-13	140.94000244140625	141.1699981689453	138.11000061035156	138.61000061035156	136.21389770507812	375100
2023-10-16	139.8300018310547	141.89999389648438	139.72999572753906	141.27999877929688	138.83773803710938	208400
2023-10-17	138.5	142.22000122070312	138.1699981689453	141.25	138.80825805664062	318700
2023-10-18	141.75	142.41000366210938	140.0	140.14999389648438	137.72727966308594	243300
2023-10-19	142.3000030517578	142.97999572753906	140.30999755859375	140.72999572753906	138.2972412109375	167100
2023-10-20	141.11000061035156	141.8300018310547	140.50999450683594	140.77000427246094	138.33656311035156	318000
2023-10-23	140.14999389648438	143.27000427246094	139.8000030517578	142.1300048828125	139.6730499267578	140000
2023-10-24	144.13999938964844	144.7899932861328	143.52999877929688	144.5500030517578	142.05120849609375	144800
2023-10-25	142.2899932861328	144.0	141.4199981689453	142.33999633789062	139.87940979003906	155500
2023-10-26	141.86000061035156	142.27999877929688	139.41000366210938	139.8300018310547	137.41281127929688	258600
2023-10-27	141.00999450683594	141.1300048828125	138.58999633789062	138.9199981689453	136.51853942871094	229900
2023-10-30	142.42999267578125	143.66000366210938	141.9499969482422	142.8800048828125	140.4100799560547	204900
2023-10-31	144.17999267578125	144.4600067138672	142.02000427246094	143.3000030517578	140.82281494140625	159400
2023-11-01	142.72999572753906	143.6999969482422	141.72999572753906	143.4600067138672	140.9800567626953	166100
2023-11-02	149.0800018310547	150.4600067138672	148.39999389648438	149.25	146.6699676513672	186200
2023-11-03	151.85000610351562	152.61000061035156	150.5800018310547	150.75	148.14404296875	147700
2023-11-06	149.6999969482422	150.00999450683594	148.77999877929688	149.4199981689453	146.8370361328125	114700
2023-11-07	148.27000427246094	149.5	147.89999389648438	148.9600067138672	146.38497924804688	215600
2023-11-08	150.4499969482422	151.74000549316406	149.74000549316406	150.89999389648438	148.2914276123047	160200
2023-11-09	152.83999633789062	153.8800048828125	151.86000061035156	152.1300048828125	149.50018310546875	303300
2023-11-10	146.7100067138672	148.14999389648438	145.25	148.07000732421875	145.51036071777344	221700
2023-11-13	146.3699951171875	147.72999572753906	145.77000427246094	147.44000244140625	144.89125061035156	168700
2023-11-14	152.1199951171875	154.25	152.07000732421875	153.86000061035156	151.2002716064453	173800
2023-11-15	155.41000366210938	156.25999450683594	155.1300048828125	155.85000610351562	153.1558837890625	119800
2023-11-16	152.5	154.0399932861328	152.4600067138672	153.11000061035156	150.46322631835938	156000
2023-11-17	154.3699951171875	155.24000549316406	153.35000610351562	155.0	152.32057189941406	162200
2023-11-20	156.44000244140625	157.9499969482422	156.32000732421875	157.6999969482422	154.97389221191406	249000
2023-11-21	154.44000244140625	154.6300048828125	153.6300048828125	154.08999633789062	151.42628479003906	206900
2023-11-22	154.89999389648438	155.5800018310547	154.0	155.3000030517578	152.61538696289062	177100
2023-11-24	154.16000366210938	154.92999267578125	153.9499969482422	154.74000549316406	152.0650634765625	65300
2023-11-27	153.50999450683594	154.11000061035156	152.19000244140625	152.6999969482422	150.06033325195312	145900
2023-11-28	148.83999633789062	150.63999938964844	148.02999877929688	149.75999450683594	147.171142578125	174800
2023-11-29	150.67999267578125	151.9199981689453	148.69000244140625	151.49000549316406	148.87124633789062	95700
2023-11-30	151.3000030517578	152.39999389648438	150.0	151.7899932861328	150.3530731201172	232900
2023-12-01	148.22000122070312	151.50999450683594	148.00999450683594	151.39999389648438	149.96676635742188	196000
2023-12-04	150.5	151.9600067138672	149.61000061035156	151.47000122070312	150.03611755371094	156800
2023-12-05	152.6699981689453	154.61000061035156	152.0800018310547	153.85000610351562	152.39358520507812	140800
2023-12-06	153.52000427246094	155.41000366210938	153.02000427246094	154.3699951171875	152.90866088867188	266000
2023-12-07	154.10000610351562	154.8800048828125	153.2100067138672	154.69000244140625	153.2256317138672	347700
2023-12-08	156.72999572753906	160.50999450683594	156.58999633789062	159.6199951171875	158.1089630126953	156100
2023-12-11	158.32000732421875	159.99000549316406	158.1699981689453	159.89999389648438	158.3863067626953	265000
2023-12-12	158.8000030517578	159.05999755859375	157.85000610351562	158.63999938964844	157.13824462890625	192200
2023-12-13	159.1699981689453	162.0	158.0	161.8699951171875	160.33766174316406	209300
2023-12-14	164.0	165.0	162.74000549316406	164.47000122070312	162.91305541992188	247000
2023-12-15	163.4199981689453	164.1199951171875	162.11000061035156	162.47000122070312	160.93197631835938	201700
2023-12-18	161.8000030517578	162.5	160.97000122070312	162.13999938964844	160.6051025390625	150300
2023-12-19	162.33999633789062	164.14999389648438	162.27999877929688	163.8699951171875	162.3187255859375	100100
2023-12-20	163.35000610351562	164.3000030517578	161.4499969482422	161.6699981689453	160.13955688476562	188200
2023-12-21	163.07000732421875	164.24000549316406	162.0	164.24000549316406	162.6852264404297	141700
2023-12-22	163.22999572753906	163.32000732421875	161.55999755859375	162.3800048828125	160.84283447265625	105300
2023-12-26	163.02000427246094	164.44000244140625	162.25	164.02000427246094	162.46731567382812	78500
2023-12-27	163.05999755859375	163.8800048828125	162.9600067138672	163.60000610351562	162.05128479003906	86100
2023-12-28	161.9499969482422	162.52999877929688	161.63999938964844	161.9600067138672	160.42681884765625	97400
2023-12-29	162.58999633789062	163.25	161.7100067138672	162.4499969482422	160.91217041015625	94800
2024-01-02	158.42999267578125	158.9199981689453	157.69000244140625	158.22000122070312	156.7222137451172	215500
2024-01-03	151.6999969482422	153.07000732421875	151.16000366210938	151.9499969482422	150.51156616210938	161100
2024-01-04	151.8300018310547	153.1999969482422	151.75999450683594	152.4199981689453	150.97711181640625	120500
2024-01-05	150.16000366210938	152.52999877929688	150.0500030517578	150.7899932861328	149.362548828125	96700
2024-01-08	149.74000549316406	152.60000610351562	149.64999389648438	152.35000610351562	150.9077911376953	229800
2024-01-09	149.0	149.82000732421875	148.5	148.6999969482422	147.29232788085938	172600
2024-01-10	149.3800048828125	150.64999389648438	149.0500030517578	150.25999450683594	148.8375701904297	100500
2024-01-11	148.9499969482422	149.4499969482422	146.6999969482422	148.82000732421875	147.4112091064453	544600
2024-01-12	145.83999633789062	147.60000610351562	145.6300048828125	146.9600067138672	145.56881713867188	266600
2024-01-16	144.5	145.1999969482422	144.0	144.38999938964844	143.02313232421875	241700
2024-01-17	140.41000366210938	141.60000610351562	139.74000549316406	141.47000122070312	140.1307830810547	301600
2024-01-18	144.42999267578125	144.88999938964844	143.61000061035156	144.75	143.37973022460938	215500
2024-01-19	142.61000061035156	144.8800048828125	142.0399932861328	144.85000610351562	143.47879028320312	212900
2024-01-22	144.2100067138672	144.85000610351562	143.9499969482422	144.41000366210938	143.04295349121094	296500
2024-01-23	145.14999389648438	145.8000030517578	144.82000732421875	145.60000610351562	144.22169494628906	235800
2024-01-24	150.08999633789062	150.17999267578125	148.61000061035156	149.4499969482422	148.0352325439453	288600
2024-01-25	147.97999572753906	157.17999267578125	147.5500030517578	156.5	155.01849365234375	487300
2024-01-26	167.02999877929688	169.33999633789062	166.83999633789062	167.75	166.16200256347656	334600
2024-01-29	167.47000122070312	169.3000030517578	167.1999969482422	168.9499969482422	167.3506317138672	183700
2024-01-30	169.74000549316406	170.16000366210938	168.8000030517578	169.7100067138672	168.10345458984375	207600
2024-01-31	168.49000549316406	169.1999969482422	166.0800018310547	166.1999969482422	164.6266632080078	256700
2024-02-01	167.0399932861328	168.8000030517578	166.38999938964844	168.5800018310547	166.98414611816406	180700
2024-02-02	168.32000732421875	168.57000732421875	167.0800018310547	168.25999450683594	166.6671600341797	173100
2024-02-05	167.19000244140625	168.5800018310547	166.47000122070312	168.14999389648438	166.55821228027344	220800
2024-02-06	166.47000122070312	168.25	166.24000549316406	168.25	166.6572723388672	162700
2024-02-07	169.24000549316406	170.0	168.6699981689453	169.41000366210938	167.80628967285156	128900
2024-02-08	172.47999572753906	173.82000732421875	171.91000366210938	172.8800048828125	171.24343872070312	175000
2024-02-09	174.00999450683594	175.2100067138672	172.85000610351562	175.0	173.34336853027344	178000
2024-02-12	175.69000244140625	177.39999389648438	175.63999938964844	176.27999877929688	174.6112518310547	162600
2024-02-13	171.50999450683594	172.35000610351562	169.75999450683594	170.7899932861328	169.1732177734375	159400
2024-02-14	171.49000549316406	173.30999755859375	171.30999755859375	173.2899932861328	171.64955139160156	252800
2024-02-15	175.4600067138672	176.66000366210938	174.67999267578125	176.64999389648438	174.9777374267578	330700
2024-02-16	176.22999572753906	177.0	175.25	175.3699951171875	173.70985412597656	253100
2024-02-20	176.25999450683594	177.77000427246094	176.16000366210938	177.6199951171875	175.93856811523438	172300
2024-02-21	177.1199951171875	179.3000030517578	177.0	179.3000030517578	177.6026611328125	235400
2024-02-22	180.24000549316406	182.6199951171875	180.02999877929688	182.30999755859375	180.58416748046875	187000
2024-02-23	183.5	184.25	183.02999877929688	183.80999755859375	182.06996154785156	237700
2024-02-26	182.91000366210938	183.3699951171875	182.10000610351562	182.8699951171875	181.13885498046875	186400
2024-02-27	183.27999877929688	184.6300048828125	183.22999572753906	184.25	182.50579833984375	109000
2024-02-28	182.72000122070312	184.5	182.5500030517578	184.22000122070312	182.47608947753906	138700
2024-02-29	182.49000549316406	183.60000610351562	181.63999938964844	182.97999572753906	181.24781799316406	154900
2024-03-01	183.5500030517578	184.1999969482422	182.27000427246094	183.9199981689453	182.17892456054688	104900
2024-03-04	182.4600067138672	182.83999633789062	181.55999755859375	182.25	180.5247344970703	119200
2024-03-05	180.22999572753906	181.0800018310547	178.5500030517578	179.42999267578125	177.73143005371094	161900
2024-03-06	182.22000122070312	182.38999938964844	181.02999877929688	181.4600067138672	179.74221801757812	161800
2024-03-07	183.25999450683594	184.5	182.89999389648438	184.44000244140625	182.69400024414062	107500
2024-03-08	186.0500030517578	186.1300048828125	183.74000549316406	183.88999938964844	182.1492156982422	156000
2024-03-11	185.19000244140625	186.1999969482422	183.75	185.86000061035156	184.10055541992188	124900
2024-03-12	184.5399932861328	187.80999755859375	183.4199981689453	187.75	185.97267150878906	218100
2024-03-13	188.89999389648438	190.5	188.85000610351562	189.77000427246094	187.9735565185547	131900
2024-03-14	190.82000732421875	191.6300048828125	189.60000610351562	190.49000549316406	188.68673706054688	394300
2024-03-15	188.75999450683594	190.1999969482422	187.30999755859375	188.8000030517578	187.0127410888672	203600
2024-03-18	187.00999450683594	187.19000244140625	186.0	186.00999450683594	184.24913024902344	230900
2024-03-19	185.80999755859375	187.19000244140625	178.60000610351562	179.44000244140625	177.7413330078125	331400
2024-03-20	182.72999572753906	186.60000610351562	182.5500030517578	186.33999633789062	184.57601928710938	193200
2024-03-21	185.63999938964844	186.07000732421875	182.05999755859375	182.9499969482422	181.21810913085938	312700
2024-03-22	179.97000122070312	180.10000610351562	178.27999877929688	178.8000030517578	177.10739135742188	160300
2024-03-25	177.92999267578125	179.16000366210938	177.8800048828125	178.52999877929688	176.83995056152344	132000
2024-03-26	178.8800048828125	179.32000732421875	177.1699981689453	177.1699981689453	175.49282836914062	164900
2024-03-27	178.1999969482422	180.38999938964844	178.1699981689453	179.97000122070312	178.26632690429688	101800
2024-03-28	180.25999450683594	181.1699981689453	180.00999450683594	181.02999877929688	179.3162841796875	331200
2024-04-01	180.61000061035156	181.92999267578125	179.94000244140625	179.9600067138672	178.2564239501953	113200
2024-04-02	176.8699951171875	177.60000610351562	176.16000366210938	177.1699981689453	175.49282836914062	162400
2024-04-03	176.52000427246094	177.5800018310547	176.22000122070312	176.77000427246094	175.09661865234375	216700
2024-04-04	178.1999969482422	178.63999938964844	174.22999572753906	174.36000061035156	172.7094268798828	113200
2024-04-05	172.83999633789062	173.92999267578125	172.27000427246094	173.07000732421875	171.431640625	201600
2024-04-08	174.47000122070312	175.57000732421875	174.39999389648438	175.4499969482422	173.7891082763672	127400
2024-04-09	174.0	174.25999450683594	171.94000244140625	173.5399932861328	171.89718627929688	128400
2024-04-10	169.22000122070312	170.89999389648438	168.5	170.22999572753906	168.61851501464844	194100
2024-04-11	170.82000732421875	171.36000061035156	168.11000061035156	171.1199951171875	169.50009155273438	119500
2024-04-12	166.25	166.97000122070312	164.75999450683594	165.41000366210938	163.8441619873047	157600
2024-04-15	170.5500030517578	170.75999450683594	167.0800018310547	167.14999389648438	165.5676727294922	169900
2024-04-16	167.11000061035156	174.14999389648438	161.49000549316406	172.32000732421875	170.68875122070312	391300
2024-04-17	174.49000549316406	174.69000244140625	170.0	170.75	169.13360595703125	227000
2024-04-18	169.3800048828125	172.0	168.63999938964844	170.17999267578125	168.56898498535156	176800
2024-04-19	168.61000061035156	169.1699981689453	167.3699951171875	168.17999267578125	168.17999267578125	122000
2024-04-22	168.0399932861328	170.0	167.63999938964844	168.88999938964844	168.88999938964844	124700
2024-04-23	169.86000061035156	172.25999450683594	169.50999450683594	171.80999755859375	171.80999755859375	262800
2024-04-24	172.5	172.6199951171875	170.44000244140625	171.6199951171875	171.6199951171875	191200
2024-04-25	165.1999969482422	168.9600067138672	165.0	167.91000366210938	167.91000366210938	212500
2024-04-26	168.86000061035156	170.5800018310547	168.27999877929688	169.2899932861328	169.2899932861328	127300
2024-04-29	167.25999450683594	167.58999633789062	166.0	166.97999572753906	166.97999572753906	126800
2024-04-30	165.47000122070312	166.89999389648438	164.14999389648438	164.14999389648438	164.14999389648438	107100
2024-05-01	164.1699981689453	167.50999450683594	163.41000366210938	164.02000427246094	164.02000427246094	112200
2024-05-02	165.50999450683594	165.50999450683594	163.35000610351562	164.94000244140625	164.94000244140625	103400
2024-05-03	170.3000030517578	170.77000427246094	168.14999389648438	168.5	168.5	92500
2024-05-06	168.07000732421875	169.30999755859375	167.57000732421875	169.0	169.0	123400
2024-05-07	169.74000549316406	170.5500030517578	169.39999389648438	170.2100067138672	170.2100067138672	146800
2024-05-08	170.0	170.74000549316406	169.25	169.83999633789062	169.83999633789062	85600
2024-05-09	168.19000244140625	170.66000366210938	168.14999389648438	170.1300048828125	170.1300048828125	75400
2024-05-10	170.24000549316406	170.6300048828125	169.38999938964844	169.52999877929688	169.52999877929688	125200
2024-05-13	169.11000061035156	169.47000122070312	168.19000244140625	168.75	168.75	107100
2024-05-14	170.86000061035156	172.0800018310547	169.6699981689453	171.9199981689453	171.9199981689453	113700
2024-05-15	170.14999389648438	171.7100067138672	170.05999755859375	171.22000122070312	171.22000122070312	196900
2024-05-16	170.39999389648438	171.58999633789062	169.8800048828125	170.2899932861328	170.2899932861328	125200
2024-05-17	169.41000366210938	170.60000610351562	169.0399932861328	170.44000244140625	170.44000244140625	87000
2024-05-20	169.9499969482422	170.1699981689453	168.4499969482422	168.85000610351562	168.85000610351562	102500
2024-05-21	167.27999877929688	167.42999267578125	166.25	166.60000610351562	166.60000610351562	136600
2024-05-22	163.58999633789062	163.72999572753906	161.41000366210938	162.27000427246094	162.27000427246094	141200
2024-05-23	163.85000610351562	163.9600067138672	160.75	161.30999755859375	161.30999755859375	148900
2024-05-24	163.22000122070312	163.41000366210938	162.4499969482422	163.0500030517578	163.0500030517578	144100
2024-05-28	162.3699951171875	162.66000366210938	161.0	161.6999969482422	161.6999969482422	142000
2024-05-29	158.33999633789062	159.02999877929688	156.3800048828125	156.3800048828125	156.3800048828125	301300
2024-05-30	158.05999755859375	159.4199981689453	157.74000549316406	158.91000366210938	158.91000366210938	395700
2024-05-31	159.5800018310547	160.7899932861328	158.50999450683594	160.74000549316406	160.74000549316406	202200
2024-06-03	160.67999267578125	161.33999633789062	159.38999938964844	160.58999633789062	160.58999633789062	193200
2024-06-04	161.3699951171875	161.80999755859375	159.6699981689453	160.6199951171875	160.6199951171875	154000
2024-06-05	163.83999633789062	164.75	162.61000061035156	164.75	164.75	125700
2024-06-06	166.1699981689453	166.4499969482422	165.6300048828125	166.02999877929688	166.02999877929688	116700
2024-06-07	164.3300018310547	165.4499969482422	163.92999267578125	164.5500030517578	164.5500030517578	69100
2024-06-10	159.74000549316406	161.39999389648438	159.1300048828125	160.91000366210938	160.91000366210938	230000
2024-06-11	158.67999267578125	159.50999450683594	157.4499969482422	158.77000427246094	158.77000427246094	219800
2024-06-12	159.27999877929688	159.97999572753906	158.82000732421875	158.82000732421875	158.82000732421875	155000
2024-06-13	158.8699951171875	158.91000366210938	156.55999755859375	157.35000610351562	157.35000610351562	184200
2024-06-14	152.0	153.00999450683594	151.61000061035156	152.83999633789062	152.83999633789062	560700
2024-06-17	152.3000030517578	155.55999755859375	151.3800048828125	155.10000610351562	155.10000610351562	299800
2024-06-18	152.61000061035156	152.99000549316406	151.9199981689453	152.4600067138672	152.4600067138672	446500
2024-06-20	152.91000366210938	153.25999450683594	152.1699981689453	152.57000732421875	152.57000732421875	567400
2024-06-21	152.33999633789062	153.9199981689453	152.0	153.38999938964844	153.38999938964844	292900
2024-06-24	155.77000427246094	156.8300018310547	155.00999450683594	155.36000061035156	155.36000061035156	170700
2024-06-25	155.9199981689453	158.92999267578125	155.7100067138672	158.6699981689453	158.6699981689453	266800
2024-06-26	154.3000030517578	156.24000549316406	153.72000122070312	155.52999877929688	155.52999877929688	239100
2024-06-27	154.27999877929688	154.63999938964844	152.85000610351562	153.13999938964844	153.13999938964844	221500
2024-06-28	152.61000061035156	154.1999969482422	152.4199981689453	153.35000610351562	153.35000610351562	203200
2024-07-01	154.67999267578125	155.11000061035156	152.39999389648438	153.2899932861328	153.2899932861328	177300
2024-07-02	152.1300048828125	153.50999450683594	151.60000610351562	153.5	153.5	350400
2024-07-03	154.94000244140625	155.3800048828125	154.22999572753906	154.5500030517578	154.5500030517578	156900
2024-07-05	156.17999267578125	156.27999877929688	154.07000732421875	155.8699951171875	155.8699951171875	207500
2024-07-08	153.35000610351562	153.52999877929688	150.52999877929688	150.66000366210938	150.66000366210938	218300
2024-07-09	150.0	150.39999389648438	148.13999938964844	148.33999633789062	148.33999633789062	258800
2024-07-10	150.5399932861328	151.72999572753906	150.33999633789062	151.52000427246094	151.52000427246094	231200
2024-07-11	154.24000549316406	154.9600067138672	153.75999450683594	154.1300048828125	154.1300048828125	279600
2024-07-12	157.17999267578125	159.05999755859375	157.13999938964844	158.52999877929688	158.52999877929688	225900
2024-07-15	154.1199951171875	154.4499969482422	152.99000549316406	153.32000732421875	153.32000732421875	243000
2024-07-16	151.91000366210938	151.92999267578125	150.44000244140625	151.60000610351562	151.60000610351562	186300
2024-07-17	150.85000610351562	151.97000122070312	150.50999450683594	150.80999755859375	150.80999755859375	267300
2024-07-18	151.80999755859375	152.1999969482422	150.0	150.4499969482422	150.4499969482422	183600
2024-07-19	148.24000549316406	148.8300018310547	147.75	148.0	148.0	308800
2024-07-22	150.8800048828125	152.77000427246094	150.27999877929688	152.19000244140625	152.19000244140625	176100
2024-07-23	150.6199951171875	150.66000366210938	144.3699951171875	146.16000366210938	146.16000366210938	516000
2024-07-24	145.7100067138672	146.16000366210938	141.67999267578125	141.97999572753906	141.97999572753906	638300
2024-07-25	140.9199981689453	143.69000244140625	140.5	142.83999633789062	142.83999633789062	821000
2024-07-26	142.6300048828125	144.8699951171875	142.4600067138672	144.27999877929688	144.27999877929688	766100
2024-07-29	141.05999755859375	142.69000244140625	140.9499969482422	142.2899932861328	142.2899932861328	880200
2024-07-30	142.4499969482422	142.5500030517578	140.1999969482422	140.8300018310547	140.8300018310547	1508300
2024-07-31	142.3800048828125	142.47999572753906	140.07000732421875	140.44000244140625	140.44000244140625	1335100
2024-08-01	139.16000366210938	139.9600067138672	137.49000549316406	137.9199981689453	137.9199981689453	1241300
2024-08-02	137.7100067138672	138.77000427246094	136.86000061035156	138.2100067138672	138.2100067138672	844400
2024-08-05	135.1699981689453	137.8000030517578	134.30999755859375	136.36000061035156	136.36000061035156	777700
2024-08-06	134.7899932861328	137.3300018310547	134.60000610351562	136.1300048828125	136.1300048828125	438100
2024-08-07	137.89999389648438	138.77999877929688	135.4199981689453	135.52999877929688	135.52999877929688	378400
2024-08-08	136.89999389648438	138.77999877929688	136.5399932861328	138.5	138.5	280500
2024-08-09	138.61000061035156	139.4499969482422	138.10000610351562	139.0	139.0	150800
2024-08-12	138.9499969482422	139.5500030517578	138.3699951171875	138.72000122070312	138.72000122070312	208000
2024-08-13	137.63999938964844	140.3000030517578	137.47000122070312	140.14999389648438	140.14999389648438	187300
2024-08-14	141.52000427246094	142.58999633789062	141.52000427246094	142.16000366210938	142.16000366210938	207500
2024-08-15	143.83999633789062	144.83999633789062	143.7899932861328	144.27999877929688	144.27999877929688	281500
2024-08-16	144.66000366210938	145.5399932861328	144.2899932861328	145.36000061035156	145.36000061035156	178000
2024-08-19	147.82000732421875	149.75999450683594	147.7899932861328	149.60000610351562	149.60000610351562	215800
2024-08-20	150.16000366210938	151.27000427246094	150.00999450683594	150.72999572753906	150.72999572753906	305500
2024-08-21	151.36000061035156	151.9499969482422	150.63999938964844	151.57000732421875	151.57000732421875	138200
2024-08-22	152.5399932861328	152.57000732421875	149.8000030517578	149.85000610351562	149.85000610351562	197500
2024-08-23	150.1999969482422	152.5	149.6699981689453	152.5	152.5	306400
2024-08-26	152.67999267578125	152.9600067138672	151.8000030517578	152.10000610351562	152.10000610351562	202800
2024-08-27	149.9199981689453	150.55999755859375	149.13999938964844	149.8000030517578	149.8000030517578	112400
2024-08-28	149.13999938964844	149.32000732421875	147.16000366210938	147.88999938964844	147.88999938964844	125600
2024-08-29	149.6999969482422	150.8000030517578	148.9199981689453	149.5800018310547	149.5800018310547	193900
2024-08-30	149.89999389648438	150.42999267578125	148.19000244140625	149.07000732421875	149.07000732421875	97600
2024-09-03	149.22999572753906	149.6199951171875	147.25999450683594	147.6300048828125	147.6300048828125	141000
2024-09-04	141.77999877929688	143.22999572753906	141.72999572753906	142.3000030517578	142.3000030517578	234700
2024-09-05	137.4199981689453	138.13999938964844	136.72000122070312	137.35000610351562	137.35000610351562	552200
2024-09-06	137.1699981689453	137.6999969482422	135.0	135.67999267578125	135.67999267578125	1335500
2024-09-09	136.02999877929688	137.00999450683594	135.8000030517578	136.4600067138672	136.4600067138672	679300
2024-09-10	135.39999389648438	135.60000610351562	134.1300048828125	135.36000061035156	135.36000061035156	404300
2024-09-11	134.55999755859375	135.39999389648438	132.6999969482422	135.08999633789062	135.08999633789062	523700
2024-09-12	133.3300018310547	135.10000610351562	133.00999450683594	134.8800048828125	134.8800048828125	480700
2024-09-13	134.9600067138672	136.0500030517578	134.36000061035156	134.9499969482422	134.9499969482422	220900
2024-09-16	134.77999877929688	135.38999938964844	134.0500030517578	135.22999572753906	135.22999572753906	357300
2024-09-17	135.52000427246094	135.72999572753906	134.64999389648438	134.94000244140625	134.94000244140625	252900
2024-09-18	134.4499969482422	135.0	132.3000030517578	133.3000030517578	133.3000030517578	263300
2024-09-19	136.41000366210938	137.77999877929688	135.52999877929688	137.3000030517578	137.3000030517578	169700
2024-09-20	133.19000244140625	133.4199981689453	131.8000030517578	132.72000122070312	132.72000122070312	452600
2024-09-23	131.27000427246094	132.97000122070312	131.16000366210938	132.24000549316406	132.24000549316406	342100
2024-09-24	136.9600067138672	138.38999938964844	136.0	138.2100067138672	138.2100067138672	582200
2024-09-25	138.14999389648438	138.36000061035156	137.60000610351562	137.77999877929688	137.77999877929688	373700
2024-09-26	149.9499969482422	152.9600067138672	149.0	152.9600067138672	152.9600067138672	862200
2024-09-27	155.3699951171875	157.39999389648438	155.22999572753906	156.2899932861328	156.2899932861328	535900
2024-09-30	155.02999877929688	155.22000122070312	153.22999572753906	153.61000061035156	153.61000061035156	365200
2024-10-01	150.14999389648438	150.27999877929688	146.16000366210938	147.47000122070312	147.47000122070312	616800
2024-10-02	146.97000122070312	148.3699951171875	146.3800048828125	147.66000366210938	147.66000366210938	239000
2024-10-03	146.08999633789062	146.3699951171875	144.66000366210938	145.86000061035156	145.86000061035156	187400
2024-10-04	144.72000122070312	146.8699951171875	144.3300018310547	146.6999969482422	146.6999969482422	281600
2024-10-07	147.97999572753906	149.99000549316406	147.92999267578125	148.92999267578125	148.92999267578125	280900
2024-10-08	144.08999633789062	144.77999877929688	142.80999755859375	144.67999267578125	144.67999267578125	196200
2024-10-09	144.0	144.6999969482422	142.7100067138672	144.0399932861328	144.0399932861328	296100
2024-10-10	143.49000549316406	143.99000549316406	142.4199981689453	143.99000549316406	143.99000549316406	294900
2024-10-11	142.6199951171875	143.66000366210938	142.2899932861328	142.97000122070312	142.97000122070312	183700
2024-10-14	139.2899932861328	141.24000549316406	138.47000122070312	139.47000122070312	139.47000122070312	279900
2024-10-15	137.86000061035156	137.97999572753906	125.0	128.39999389648438	128.39999389648438	1342000
2024-10-16	129.9600067138672	131.49000549316406	129.72000122070312	130.3000030517578	130.3000030517578	1081100
2024-10-17	131.9499969482422	132.75999450683594	130.77999877929688	130.9600067138672	130.9600067138672	942800
2024-10-18	136.08999633789062	136.08999633789062	135.00999450683594	135.3000030517578	135.3000030517578	478200
2024-10-21	133.6199951171875	133.82000732421875	132.0	132.4600067138672	132.4600067138672	465400
2024-10-22	132.69000244140625	134.14999389648438	132.52000427246094	133.4499969482422	133.4499969482422	253300
2024-10-23	132.25999450683594	133.07000732421875	131.35000610351562	132.02999877929688	132.02999877929688	239400
2024-10-24	136.89999389648438	137.3000030517578	135.27999877929688	135.8000030517578	135.8000030517578	325500
2024-10-25	135.69000244140625	136.24000549316406	134.27000427246094	134.75999450683594	134.75999450683594	204700
2024-10-28	136.4199981689453	137.52000427246094	136.25999450683594	137.3300018310547	137.3300018310547	359400
2024-10-29	136.30999755859375	137.0800018310547	135.7100067138672	136.17999267578125	136.17999267578125	284500
2024-10-30	132.32000732421875	134.6300048828125	131.9499969482422	134.16000366210938	134.16000366210938	180400
2024-10-31	133.44000244140625	133.6300048828125	131.5	132.58999633789062	132.58999633789062	272500
2024-11-01	132.89999389648438	133.08999633789062	131.52999877929688	131.6999969482422	131.6999969482422	337100
2024-11-04	132.52999877929688	132.88999938964844	131.2899932861328	131.41000366210938	131.41000366210938	255900
2024-11-05	131.02999877929688	131.97000122070312	130.75	131.5	131.5	283100
2024-11-06	130.0	131.41000366210938	128.2899932861328	129.22000122070312	129.22000122070312	508000
2024-11-07	133.36000061035156	134.99000549316406	133.13999938964844	134.60000610351562	134.60000610351562	420900
2024-11-08	128.97999572753906	129.11000061035156	128.00999450683594	129.10000610351562	129.10000610351562	486700
2024-11-11	128.3000030517578	128.6999969482422	127.13999938964844	127.23999786376953	127.23999786376953	592700
2024-11-12	123.44000244140625	123.54000091552734	120.02999877929688	121.91000366210938	121.91000366210938	627400
2024-11-13	121.31999969482422	121.55000305175781	120.41999816894531	121.25	121.25	661000
2024-11-14	123.05000305175781	124.0	122.54000091552734	122.5999984741211	122.5999984741211	444700
2024-11-15	123.79000091552734	123.86000061035156	122.83000183105469	123.22000122070312	123.22000122070312	498400
2024-11-18	123.37000274658203	124.75	123.19999694824219	124.47000122070312	124.47000122070312	538500
2024-11-19	120.77999877929688	122.9000015258789	120.30999755859375	122.47000122070312	122.47000122070312	488500
2024-11-20	122.44000244140625	122.5199966430664	120.87999725341797	121.62999725341797	121.62999725341797	604300
2024-11-21	120.0	121.12999725341797	119.55999755859375	120.5199966430664	120.5199966430664	354600
2024-11-22	120.16999816894531	122.05000305175781	120.0999984741211	121.30000305175781	121.30000305175781	403100
2024-11-25	124.45999908447266	125.19999694824219	123.16000366210938	124.0	124.0	386700
2024-11-26	126.33999633789062	126.4000015258789	123.69999694824219	124.6500015258789	124.6500015258789	352900
2024-11-27	124.45999908447266	125.13999938964844	124.19999694824219	124.91000366210938	124.91000366210938	196300
2024-11-29	122.77999877929688	127.5999984741211	122.51000213623047	124.30000305175781	124.30000305175781	239700
2024-12-02	126.33999633789062	128.0	125.0	127.5	127.5	519000
2024-12-03	128.27000427246094	128.69000244140625	127.20999908447266	128.25999450683594	128.25999450683594	277800
2024-12-04	128.57000732421875	129.41000366210938	127.19000244140625	127.19000244140625	127.19000244140625	351500
2024-12-05	128.2100067138672	129.13999938964844	127.80999755859375	128.57000732421875	128.57000732421875	339600
2024-12-06	133.6199951171875	133.9600067138672	132.50999450683594	133.8000030517578	133.8000030517578	851000
2024-12-09	138.25	139.2899932861328	137.5500030517578	138.0500030517578	138.0500030517578	827500
2024-12-10	135.05999755859375	135.27000427246094	133.2899932861328	133.61000061035156	133.61000061035156	335600
2024-12-11	134.97000122070312	135.99000549316406	134.8000030517578	135.64999389648438	135.64999389648438	307500
2024-12-12	135.13999938964844	136.35000610351562	134.1999969482422	134.1999969482422	134.1999969482422	332600
2024-12-13	135.5500030517578	135.89999389648438	133.3699951171875	133.66000366210938	133.66000366210938	203900
2024-12-16	131.8000030517578	133.22999572753906	131.49000549316406	132.11000061035156	132.11000061035156	463500
2024-12-17	133.00999450683594	134.9499969482422	132.63999938964844	132.9499969482422	132.9499969482422	461600
2024-12-18	132.5399932861328	133.82000732421875	129.02000427246094	129.52000427246094	129.52000427246094	367400
2024-12-19	131.0399932861328	131.2899932861328	129.5500030517578	130.10000610351562	130.10000610351562	889900
2024-12-20	129.55999755859375	131.67999267578125	129.55999755859375	130.5800018310547	130.5800018310547	412100
2024-12-23	129.4600067138672	132.0500030517578	129.4600067138672	131.7100067138672	131.7100067138672	538400
2024-12-24	133.19000244140625	133.2899932861328	130.0	132.32000732421875	132.32000732421875	140400
2024-12-26	131.35000610351562	132.97999572753906	131.0399932861328	132.5399932861328	132.5399932861328	151700
2024-12-27	132.2899932861328	133.02000427246094	131.25	132.30999755859375	132.30999755859375	255100
2024-12-30	131.39999389648438	131.50999450683594	130.1300048828125	131.24000549316406	131.24000549316406	273700
2024-12-31	130.86000061035156	132.60000610351562	130.3300018310547	130.69000244140625	130.69000244140625	160200
2025-01-02	129.35000610351562	130.4499969482422	128.58999633789062	129.57000732421875	129.57000732421875	344600
2025-01-03	126.91000366210938	127.06999969482422	125.4000015258789	126.25	126.25	309000
2025-01-06	130.42999267578125	132.5800018310547	129.86000061035156	131.5500030517578	131.5500030517578	598400
2025-01-07	133.8800048828125	134.27000427246094	132.5500030517578	133.0	133.0	432900
2025-01-08	130.75	131.61000061035156	129.66000366210938	131.1199951171875	131.1199951171875	289100
2025-01-10	133.82000732421875	133.8699951171875	131.5	132.39999389648438	132.39999389648438	396000
2025-01-13	131.6699981689453	134.02000427246094	131.33999633789062	134.02000427246094	134.02000427246094	284400
2025-01-14	135.32000732421875	135.3800048828125	133.5500030517578	134.0500030517578	134.0500030517578	219000
2025-01-15	133.77999877929688	133.91000366210938	130.4600067138672	130.67999267578125	130.67999267578125	309100
2025-01-16	140.39999389648438	144.22000122070312	139.85000610351562	144.1699981689453	144.1699981689453	828500
2025-01-17	142.60000610351562	142.92999267578125	141.22000122070312	142.0800018310547	142.0800018310547	253000
