Date	Open	High	Low	Close	Adj Close	Volume
2022-01-21	314.80999755859375	318.30999755859375	303.0400085449219	303.1700134277344	302.016357421875	28710700
2022-01-24	297.8399963378906	309.5299987792969	289.010009765625	308.7099914550781	307.5352478027344	38878100
2022-01-25	299.95001220703125	306.2300109863281	297.5799865722656	300.1499938964844	299.0078125	25108500
2022-01-26	307.010009765625	307.510009765625	290.8500061035156	294.6300048828125	293.5088195800781	28348800
2022-01-27	297.75	301.7099914550781	294.260009765625	294.6400146484375	293.5187683105469	21629900
2022-01-28	295.6199951171875	301.8999938964844	293.0299987792969	301.7099914550781	300.56182861328125	21871600
2022-01-31	300.67999267578125	313.7900085449219	299.32000732421875	313.260009765625	312.06793212890625	21579500
2022-02-01	314.55999755859375	319.6600036621094	312.1199951171875	319.0	317.7860412597656	18023800
2022-02-02	327.82000732421875	328.0	316.8699951171875	323.0	321.7708740234375	58458300
2022-02-03	244.64999389648438	248.0	235.75	237.75999450683594	236.85520935058594	188119900
2022-02-04	234.97000122070312	242.61000061035156	230.11000061035156	237.08999633789062	236.18777465820312	89342200
2022-02-07	237.6999969482422	238.3000030517578	224.00999450683594	224.91000366210938	224.05413818359375	88613800
2022-02-08	220.85000610351562	225.77000427246094	216.14999389648438	220.17999267578125	219.3421173095703	94729700
2022-02-09	224.1999969482422	233.3699951171875	222.2100067138672	232.0	231.1171417236328	86563300
2022-02-10	228.27000427246094	235.0	226.6999969482422	228.07000732421875	227.20213317871094	49310400
2022-02-11	228.4600067138672	230.4199981689453	218.77000427246094	219.5500030517578	218.7145233154297	46156900
2022-02-14	219.30999755859375	221.0	214.77999877929688	217.6999969482422	216.87156677246094	38184000
2022-02-15	220.47000122070312	221.14999389648438	215.05999755859375	221.0	220.15899658203125	42685500
2022-02-16	212.41000366210938	217.4600067138672	212.36000061035156	216.5399932861328	215.71597290039062	45817500
2022-02-17	214.02000427246094	217.5	207.16000366210938	207.7100067138672	206.91958618164062	38747500
2022-02-18	209.38999938964844	210.75	205.17999267578125	206.16000366210938	205.37547302246094	37128400
2022-02-22	202.33999633789062	207.47999572753906	200.05999755859375	202.0800018310547	201.31100463867188	39852400
2022-02-23	204.16000366210938	206.94000244140625	198.0500030517578	198.4499969482422	197.69482421875	44481400
2022-02-24	191.05999755859375	208.35000610351562	190.22000122070312	207.60000610351562	206.8100128173828	49957200
2022-02-25	204.94000244140625	211.32000732421875	203.17999267578125	210.47999572753906	209.6790313720703	37627600
2022-02-28	207.67999267578125	213.14999389648438	206.8300018310547	211.02999877929688	210.22694396972656	34239800
2022-03-01	209.8699951171875	211.75	202.22000122070312	203.49000549316406	202.7156524658203	27094900
2022-03-02	204.77999877929688	209.14999389648438	202.02000427246094	208.11000061035156	207.31805419921875	29452100
2022-03-03	209.02000427246094	209.0800018310547	201.4199981689453	202.97000122070312	202.19760131835938	27263500
2022-03-04	202.3699951171875	205.88999938964844	198.7899932861328	200.05999755859375	199.29869079589844	32130900
2022-03-07	200.7899932861328	200.88999938964844	187.27999877929688	187.47000122070312	186.756591796875	38560600
2022-03-08	187.85000610351562	196.6999969482422	186.11000061035156	190.2899932861328	189.56585693359375	37508100
2022-03-09	195.74000549316406	199.10000610351562	193.9199981689453	198.5	197.74462890625	31894700
2022-03-10	194.83999633789062	196.27999877929688	191.07000732421875	195.2100067138672	194.4671630859375	24853000
2022-03-11	192.63999938964844	193.55999755859375	186.6699981689453	187.61000061035156	186.8960723876953	34694500
2022-03-14	187.02999877929688	192.2899932861328	185.82000732421875	186.6300048828125	185.91981506347656	31010500
2022-03-15	190.8000030517578	192.27999877929688	185.91000366210938	192.02999877929688	191.29925537109375	31721700
2022-03-16	194.6999969482422	203.72999572753906	194.52000427246094	203.6300048828125	202.85511779785156	40640300
2022-03-17	201.6999969482422	208.0399932861328	201.11000061035156	207.83999633789062	207.049072265625	29499700
2022-03-18	206.6999969482422	216.8000030517578	206.0	216.49000549316406	215.6661834716797	52128000
2022-03-21	214.5	214.7100067138672	207.6300048828125	211.49000549316406	210.68519592285156	30142300
2022-03-22	211.3699951171875	219.4600067138672	210.17999267578125	216.64999389648438	215.8255615234375	31998800
2022-03-23	213.3300018310547	216.8000030517578	212.16000366210938	213.4600067138672	212.64772033691406	23717300
2022-03-24	215.0	220.6699981689453	214.7899932861328	219.57000732421875	218.73443603515625	31502300
2022-03-25	220.50999450683594	225.5	218.88999938964844	221.82000732421875	220.9759063720703	40039000
2022-03-28	222.1300048828125	224.0399932861328	219.5399932861328	223.58999633789062	222.7391357421875	26224100
2022-03-29	226.07000732421875	230.88999938964844	225.2899932861328	229.86000061035156	228.98529052734375	31417900
2022-03-30	228.91000366210938	231.14999389648438	226.7100067138672	227.85000610351562	226.98294067382812	25588000
2022-03-31	228.4499969482422	228.49000549316406	222.25999450683594	222.36000061035156	221.51382446289062	24192300
2022-04-01	224.5500030517578	227.27999877929688	222.6999969482422	224.85000610351562	223.994384765625	19544800
2022-04-04	225.97999572753906	234.35000610351562	225.86000061035156	233.88999938964844	232.9999542236328	28054800
2022-04-05	234.0800018310547	236.86000061035156	231.02000427246094	231.83999633789062	230.95774841308594	29727200
2022-04-06	226.91000366210938	228.99000549316406	221.41000366210938	223.3000030517578	222.4502410888672	28995100
2022-04-07	223.92999267578125	225.52000427246094	218.55999755859375	222.9499969482422	222.10157775878906	21037200
2022-04-08	222.3800048828125	225.1300048828125	220.02999877929688	222.3300018310547	221.48394775390625	18375700
2022-04-11	218.4199981689453	220.61000061035156	215.22000122070312	216.4600067138672	215.63629150390625	20516600
2022-04-12	220.24000549316406	222.02999877929688	213.1300048828125	214.13999938964844	213.32513427734375	20128800
2022-04-13	211.82000732421875	216.61000061035156	211.3300018310547	214.99000549316406	214.17189025878906	19231800
2022-04-14	214.88999938964844	214.99000549316406	210.0	210.17999267578125	209.38018798828125	18379500
2022-04-18	210.0	213.3800048828125	208.3000030517578	210.77000427246094	209.9679412841797	16580800
2022-04-19	210.52000427246094	218.42999267578125	209.0	217.30999755859375	216.48306274414062	20089900
2022-04-20	213.61000061035156	214.16000366210938	198.9199981689453	200.4199981689453	199.65733337402344	43036500
2022-04-21	201.60000610351562	202.97000122070312	185.5800018310547	188.07000732421875	187.3543243408203	49954100
2022-04-22	190.3699951171875	192.72000122070312	183.27000427246094	184.11000061035156	183.40939331054688	36426800
2022-04-25	182.72999572753906	187.17999267578125	181.66000366210938	186.99000549316406	186.27842712402344	29281100
2022-04-26	186.6300048828125	187.19000244140625	179.5	180.9499969482422	180.26141357421875	31747400
2022-04-27	174.42999267578125	181.2100067138672	169.0	174.9499969482422	174.28424072265625	71062900
2022-04-28	202.9199981689453	208.52999877929688	192.89999389648438	205.72999572753906	204.94711303710938	100890600
2022-04-29	204.4600067138672	212.47999572753906	199.89999389648438	200.47000122070312	199.70712280273438	49193400
2022-05-02	201.1699981689453	211.8800048828125	200.99000549316406	211.1300048828125	210.3265838623047	49915300
2022-05-03	210.4499969482422	214.89999389648438	208.08999633789062	212.02999877929688	211.22312927246094	41556300
2022-05-04	210.64999389648438	224.3000030517578	206.9600067138672	223.41000366210938	222.55984497070312	41375900
2022-05-05	218.74000549316406	220.1699981689453	206.16000366210938	208.27999877929688	207.48741149902344	41129200
2022-05-06	207.33999633789062	209.3800048828125	201.02000427246094	203.77000427246094	202.99456787109375	34747200
2022-05-09	199.83999633789062	202.57000732421875	195.5800018310547	196.2100067138672	195.46336364746094	36303200
2022-05-10	199.50999450683594	202.9600067138672	194.19000244140625	197.64999389648438	196.8978729248047	34452500
2022-05-11	196.3300018310547	200.6699981689453	188.27000427246094	188.74000549316406	188.0217742919922	31153400
2022-05-12	187.05999755859375	198.0500030517578	184.77999877929688	191.24000549316406	190.51226806640625	38262200
2022-05-13	192.5800018310547	199.88999938964844	191.27999877929688	198.6199951171875	197.8641815185547	24549800
2022-05-16	197.0500030517578	205.3699951171875	195.92999267578125	200.0399932861328	199.27874755859375	27112600
2022-05-17	202.1199951171875	205.4600067138672	198.36000061035156	202.6199951171875	201.8489532470703	24872700
2022-05-18	200.0	201.0	191.6300048828125	192.24000549316406	191.50848388671875	23960000
2022-05-19	191.1999969482422	195.2899932861328	189.60000610351562	191.2899932861328	190.5620574951172	24446900
2022-05-20	194.97000122070312	197.91000366210938	187.8699951171875	193.5399932861328	192.80348205566406	31465600
2022-05-23	195.19000244140625	196.99000549316406	191.24000549316406	196.22999572753906	195.48326110839844	25059200
2022-05-24	180.5500030517578	183.67999267578125	176.11000061035156	181.27999877929688	180.5901641845703	50406300
2022-05-25	180.39999389648438	185.4499969482422	179.32000732421875	183.8300018310547	183.1304473876953	28030200
2022-05-26	182.8800048828125	192.8300018310547	182.25999450683594	191.6300048828125	190.90078735351562	23056500
2022-05-27	191.36000061035156	195.3300018310547	189.8000030517578	195.1300048828125	194.387451171875	22562700
2022-05-31	194.88999938964844	197.60000610351562	192.00999450683594	193.63999938964844	192.90313720703125	26131100
2022-06-01	196.50999450683594	199.52999877929688	185.0	188.63999938964844	187.92213439941406	36623500
2022-06-02	188.4499969482422	200.94000244140625	187.72999572753906	198.86000061035156	198.10325622558594	31951600
2022-06-03	195.97999572753906	196.61000061035156	189.77999877929688	190.77999877929688	190.05401611328125	19465000
2022-06-06	193.99000549316406	196.9199981689453	188.39999389648438	194.25	193.5107879638672	30574200
2022-06-07	191.92999267578125	196.52999877929688	191.49000549316406	195.64999389648438	194.9054718017578	18828700
2022-06-08	194.6699981689453	202.02999877929688	194.41000366210938	196.63999938964844	195.89170837402344	22267200
2022-06-09	194.27999877929688	199.4499969482422	183.67999267578125	184.0	183.29978942871094	23501600
2022-06-10	183.0399932861328	183.10000610351562	175.02000427246094	175.57000732421875	174.90188598632812	27450800
2022-06-13	170.58999633789062	172.5800018310547	164.02999877929688	164.25999450683594	163.63491821289062	31749300
2022-06-14	166.02999877929688	166.75	161.36000061035156	163.72999572753906	163.10693359375	27244300
2022-06-15	167.1999969482422	172.16000366210938	163.97999572753906	169.35000610351562	168.70555114746094	30008300
2022-06-16	163.72000122070312	165.0800018310547	159.61000061035156	160.8699951171875	160.25782775878906	26944100
2022-06-17	161.67999267578125	165.89999389648438	159.89999389648438	163.74000549316406	163.11691284179688	31374200
2022-06-21	165.92999267578125	167.75999450683594	155.97000122070312	157.0500030517578	156.45236206054688	50724900
2022-06-22	158.3800048828125	160.7899932861328	155.44000244140625	155.85000610351562	155.25692749023438	47267800
2022-06-23	156.27000427246094	159.75	154.25	158.75	158.14588928222656	40499200
2022-06-24	161.72999572753906	170.25	161.3000030517578	170.16000366210938	169.51248168945312	68736000
2022-06-27	171.32000732421875	171.75	168.00999450683594	169.49000549316406	168.8450164794922	29174600
2022-06-28	169.89999389648438	171.3000030517578	160.61000061035156	160.67999267578125	160.0685577392578	27744500
2022-06-29	163.57000732421875	166.3300018310547	160.32000732421875	163.94000244140625	163.31614685058594	28595200
2022-06-30	162.14999389648438	165.22999572753906	158.49000549316406	161.25	160.63638305664062	35250600
2022-07-01	160.30999755859375	160.6199951171875	155.0	160.02999877929688	159.4210205078125	31423900
2022-07-05	158.13999938964844	168.25	157.02000427246094	168.19000244140625	167.5499725341797	28618600
2022-07-06	168.1999969482422	171.58999633789062	165.4600067138672	169.77000427246094	169.12396240234375	23085900
2022-07-07	169.4499969482422	172.72000122070312	167.77999877929688	172.19000244140625	171.53475952148438	24083400
2022-07-08	169.97999572753906	172.39999389648438	168.14999389648438	170.8800048828125	170.22975158691406	19249200
2022-07-11	167.07000732421875	167.49000549316406	161.91000366210938	162.8800048828125	162.2601776123047	21885600
2022-07-12	164.8000030517578	165.91000366210938	162.10000610351562	163.27000427246094	162.648681640625	16639700
2022-07-13	160.16000366210938	164.97999572753906	159.61000061035156	163.49000549316406	162.86785888671875	16555100
2022-07-14	161.22000122070312	162.58999633789062	157.27999877929688	158.0500030517578	157.4485626220703	23765200
2022-07-15	160.5399932861328	164.97999572753906	159.82000732421875	164.6999969482422	164.07325744628906	23342800
2022-07-18	166.75	171.69000244140625	165.63999938964844	167.22999572753906	166.5936279296875	23574300
2022-07-19	170.3699951171875	176.49000549316406	169.50999450683594	175.77999877929688	175.11109924316406	25933700
2022-07-20	177.49000549316406	183.60000610351562	176.6999969482422	183.08999633789062	182.39324951171875	24784300
2022-07-21	180.6300048828125	183.85000610351562	178.8699951171875	183.1699981689453	182.47296142578125	27195800
2022-07-22	173.07000732421875	175.60000610351562	168.41000366210938	169.27000427246094	168.62586975097656	42583900
2022-07-25	169.0	170.57000732421875	164.80999755859375	166.64999389648438	166.0158233642578	26166300
2022-07-26	165.94000244140625	166.0	157.9499969482422	159.14999389648438	158.54437255859375	28468400
2022-07-27	162.58999633789062	170.8699951171875	162.02000427246094	169.5800018310547	168.93467712402344	43846600
2022-07-28	161.05999755859375	161.50999450683594	154.85000610351562	160.72000122070312	160.1083984375	73214300
2022-07-29	157.69000244140625	160.13999938964844	155.1699981689453	159.10000610351562	158.4945526123047	42065400
2022-08-01	157.25	165.19000244140625	155.22999572753906	159.92999267578125	159.32139587402344	40596700
2022-08-02	158.30999755859375	162.24000549316406	158.00999450683594	160.19000244140625	159.58041381835938	27374500
2022-08-03	162.69000244140625	169.5399932861328	161.57000732421875	168.8000030517578	168.15765380859375	31721900
2022-08-04	168.3000030517578	172.14999389648438	166.8000030517578	170.57000732421875	169.92092895507812	23938200
2022-08-05	166.99000549316406	171.61000061035156	165.8000030517578	167.11000061035156	166.4740753173828	25832700
2022-08-08	168.0	177.50999450683594	167.1300048828125	170.25	169.60214233398438	27299100
2022-08-09	168.9499969482422	169.52999877929688	166.60000610351562	168.52999877929688	167.888671875	18655100
2022-08-10	175.99000549316406	180.47999572753906	173.9499969482422	178.33999633789062	177.66134643554688	30262100
2022-08-11	179.7100067138672	183.10000610351562	176.3699951171875	177.49000549316406	176.81459045410156	24079100
2022-08-12	180.80999755859375	181.4600067138672	178.91000366210938	180.5	179.81312561035156	21274000
2022-08-15	178.9600067138672	181.44000244140625	178.1999969482422	180.88999938964844	180.20162963867188	15878700
2022-08-16	179.44000244140625	180.99000549316406	177.0399932861328	179.47000122070312	178.7870330810547	21156700
2022-08-17	176.75999450683594	178.13999938964844	174.1699981689453	174.85000610351562	174.18463134765625	20118100
2022-08-18	174.33999633789062	175.75999450683594	171.86000061035156	174.66000366210938	173.99534606933594	18844500
2022-08-19	170.1999969482422	172.32000732421875	167.0500030517578	167.9600067138672	167.3208465576172	26240800
2022-08-22	165.49000549316406	165.49000549316406	162.25999450683594	163.0500030517578	162.42955017089844	19499700
2022-08-23	162.47999572753906	165.0500030517578	160.6999969482422	161.11000061035156	160.49691772460938	18111800
2022-08-24	160.60000610351562	165.4600067138672	159.77000427246094	163.25999450683594	162.63873291015625	20891500
2022-08-25	165.17999267578125	168.8800048828125	164.02000427246094	168.77999877929688	168.13772583007812	15550500
2022-08-26	168.47999572753906	170.9199981689453	161.6699981689453	161.77999877929688	161.1643524169922	24023600
2022-08-29	160.66000366210938	163.0500030517578	159.00999450683594	159.1699981689453	158.56430053710938	20052700
2022-08-30	160.35000610351562	161.66000366210938	155.91000366210938	157.16000366210938	156.5619659423828	19567900
2022-08-31	167.07000732421875	167.83999633789062	162.13999938964844	162.92999267578125	162.3099822998047	40953000
2022-09-01	163.5800018310547	167.36000061035156	160.35000610351562	165.36000061035156	164.73074340820312	30145700
2022-09-02	167.4499969482422	167.92999267578125	159.22000122070312	160.32000732421875	159.70993041992188	22634200
2022-09-06	160.10000610351562	161.69000244140625	157.69000244140625	158.5399932861328	157.93667602539062	19339800
2022-09-07	157.75999450683594	160.9600067138672	156.80999755859375	160.38999938964844	159.77964782714844	16831200
2022-09-08	158.7100067138672	162.22999572753906	157.74000549316406	162.05999755859375	161.44329833984375	22530800
2022-09-09	163.25	169.5399932861328	163.02000427246094	169.14999389648438	168.50631713867188	22086800
2022-09-12	167.38999938964844	171.38999938964844	167.27999877929688	168.9600067138672	168.31704711914062	23220400
2022-09-13	161.5399932861328	161.6300048828125	152.6699981689453	153.1300048828125	152.54727172851562	44444100
2022-09-14	153.3300018310547	153.5399932861328	149.0500030517578	151.47000122070312	150.8936004638672	43064200
2022-09-15	149.8000030517578	154.1999969482422	148.6999969482422	149.5500030517578	148.9809112548828	34606300
2022-09-16	148.0500030517578	148.5800018310547	144.2899932861328	146.2899932861328	145.73329162597656	40122800
2022-09-19	145.24000549316406	148.5800018310547	145.10000610351562	148.02000427246094	147.4567413330078	22169500
2022-09-20	145.77999877929688	148.83999633789062	145.22000122070312	146.08999633789062	145.5340576171875	23217400
2022-09-21	146.38999938964844	149.60000610351562	142.0	142.1199951171875	141.57916259765625	38338600
2022-09-22	141.5500030517578	144.5800018310547	140.8699951171875	142.82000732421875	142.27650451660156	34418500
2022-09-23	141.4199981689453	142.6199951171875	138.88999938964844	140.41000366210938	139.87570190429688	31710700
2022-09-26	140.1199951171875	142.24000549316406	136.19000244140625	136.3699951171875	135.85105895996094	30497000
2022-09-27	137.9199981689453	139.4199981689453	134.1199951171875	134.39999389648438	133.8885498046875	30826500
2022-09-28	134.6199951171875	142.02999877929688	134.27000427246094	141.61000061035156	141.0711212158203	32658500
2022-09-29	139.36000061035156	139.83999633789062	135.1999969482422	136.41000366210938	135.8909149169922	38985400
2022-09-30	136.0500030517578	140.99000549316406	135.5	135.67999267578125	135.16366577148438	33166400
2022-10-03	137.13999938964844	139.6199951171875	136.10000610351562	138.61000061035156	138.08253479003906	27723100
2022-10-04	140.49000549316406	142.38999938964844	139.33999633789062	140.27999877929688	139.7461700439453	34670700
2022-10-05	138.24000549316406	140.2100067138672	134.77999877929688	138.97999572753906	138.4511260986328	27979300
2022-10-06	137.72000122070312	141.4499969482422	136.60000610351562	139.07000732421875	138.54080200195312	36231100
2022-10-07	136.75999450683594	138.2899932861328	132.44000244140625	133.4499969482422	132.94216918945312	33214800
2022-10-10	133.5500030517578	136.11000061035156	131.8699951171875	133.7899932861328	133.28085327148438	24024000
2022-10-11	131.6199951171875	132.66000366210938	126.98999786376953	128.5399932861328	128.05084228515625	38481400
2022-10-12	128.32000732421875	129.6699981689453	126.25	127.5	127.01480865478516	34605200
2022-10-13	123.52999877929688	131.13999938964844	122.52999877929688	130.2899932861328	129.79420471191406	34325700
2022-10-14	131.0	131.7899932861328	126.5199966430664	126.76000213623047	126.27763366699219	23559400
2022-10-17	130.3000030517578	134.7899932861328	130.17999267578125	134.0399932861328	133.52992248535156	29612200
2022-10-18	137.08999633789062	137.83999633789062	131.39999389648438	132.8000030517578	132.29464721679688	25445000
2022-10-19	132.88999938964844	137.0	132.22000122070312	133.22999572753906	132.72299194335938	30691000
2022-10-20	132.92999267578125	136.77000427246094	131.30999755859375	131.52999877929688	131.02947998046875	26356300
2022-10-21	126.30999755859375	130.1199951171875	125.44000244140625	130.00999450683594	129.51524353027344	46348600
2022-10-24	127.25	133.47999572753906	124.56999969482422	129.72000122070312	129.22637939453125	63563400
2022-10-25	130.8800048828125	138.35000610351562	130.58999633789062	137.50999450683594	136.98672485351562	38433200
2022-10-26	131.67999267578125	135.5500030517578	128.52999877929688	129.82000732421875	129.3259735107422	82791500
2022-10-27	97.9800033569336	102.5	96.37999725341797	97.94000244140625	97.56729125976562	232316600
2022-10-28	99.58000183105469	100.8499984741211	97.51000213623047	99.19999694824219	98.82250213623047	95928300
2022-10-31	98.22000122070312	99.31999969482422	92.5999984741211	93.16000366210938	92.80549621582031	121361400
2022-11-01	94.33000183105469	97.48999786376953	93.55000305175781	95.19999694824219	94.83772277832031	110189600
2022-11-02	94.20999908447266	95.19999694824219	90.4800033569336	90.54000091552734	90.19546508789062	71821100
2022-11-03	90.08000183105469	90.45999908447266	88.41000366210938	88.91000366210938	88.5716552734375	60664000
2022-11-04	90.3499984741211	91.38999938964844	88.08999633789062	90.79000091552734	90.44450378417969	55638100
2022-11-07	94.77999877929688	96.87999725341797	93.0999984741211	96.72000122070312	96.35194396972656	81987300
2022-11-08	95.91999816894531	97.80000305175781	94.79000091552734	96.47000122070312	96.10289764404297	52088300
2022-11-09	101.72000122070312	104.9000015258789	100.73999786376953	101.47000122070312	101.0838623046875	107677300
2022-11-10	107.12000274658203	112.75	104.61000061035156	111.87000274658203	111.44429779052734	80671000
2022-11-11	109.2300033569336	114.9000015258789	108.80999755859375	113.0199966430664	112.58990478515625	59961700
2022-11-14	110.98999786376953	116.2699966430664	110.80000305175781	114.22000122070312	113.78534698486328	53395000
2022-11-15	116.06999969482422	118.73999786376953	114.41000366210938	117.08000183105469	116.63446044921875	50670500
2022-11-16	114.5	116.08000183105469	112.66000366210938	113.2300033569336	112.79911804199219	33287800
2022-11-17	110.41000366210938	112.33000183105469	109.80000305175781	111.44999694824219	111.02588653564453	35093800
2022-11-18	113.80000305175781	114.31999969482422	110.62000274658203	112.05000305175781	111.62361145019531	33357700
2022-11-21	111.5199966430664	112.37000274658203	109.19000244140625	109.86000061035156	109.44193267822266	24351100
2022-11-22	109.86000061035156	111.62000274658203	108.31999969482422	111.44000244140625	111.01593017578125	29029000
2022-11-23	111.72000122070312	112.66999816894531	110.7300033569336	112.23999786376953	111.81288146972656	21343100
2022-11-25	111.30000305175781	112.7300033569336	111.0199966430664	111.41000366210938	110.98603820800781	12007600
2022-11-28	110.77999877929688	112.04000091552734	108.37999725341797	108.77999877929688	108.36605072021484	23309400
2022-11-29	109.54000091552734	110.94000244140625	108.54000091552734	109.45999908447266	109.04345703125	23899200
2022-11-30	109.51000213623047	118.16000366210938	109.37999725341797	118.0999984741211	117.65058135986328	43348600
2022-12-01	119.19999694824219	121.19999694824219	118.4000015258789	120.44000244140625	119.98167419433594	36551400
2022-12-02	117.83000183105469	124.04000091552734	117.61000061035156	123.48999786376953	123.02007293701172	39950500
2022-12-05	121.75	124.66999816894531	121.3499984741211	122.43000030517578	121.964111328125	35474900
2022-12-06	119.91000366210938	120.55000305175781	113.73999786376953	114.12000274658203	113.68573760986328	43689200
2022-12-07	113.76000213623047	115.87999725341797	112.87999725341797	113.93000030517578	113.49645233154297	29461100
2022-12-08	116.38999938964844	117.33999633789062	114.58999633789062	115.33000183105469	114.89112854003906	30619400
2022-12-09	115.30000305175781	117.54000091552734	113.87000274658203	115.9000015258789	115.4589614868164	26033400
2022-12-12	115.18000030517578	115.72000122070312	113.13999938964844	114.70999908447266	114.27348327636719	24747100
2022-12-13	122.12999725341797	123.30000305175781	118.63999938964844	120.1500015258789	119.69277954101562	44701100
2022-12-14	119.38999938964844	124.13999938964844	119.38999938964844	121.58999633789062	121.1272964477539	36922000
2022-12-15	118.33000183105469	118.62999725341797	114.01000213623047	116.1500015258789	115.7080078125	34531000
2022-12-16	120.2300033569336	123.30999755859375	118.81999969482422	119.43000030517578	118.97551727294922	67064000
2022-12-19	116.83000183105469	117.80000305175781	114.33000183105469	114.4800033569336	114.04436492919922	29769900
2022-12-20	113.26000213623047	117.33000183105469	112.45999908447266	117.08999633789062	116.64441680908203	28742500
2022-12-21	116.69999694824219	120.33999633789062	115.62000274658203	119.76000213623047	119.30426788330078	20392800
2022-12-22	117.19999694824219	118.62000274658203	114.37999725341797	117.12000274658203	116.67430877685547	23618100
2022-12-23	116.02999877929688	118.18000030517578	115.54000091552734	118.04000091552734	117.59081268310547	17796600
2022-12-27	117.93000030517578	118.5999984741211	116.05000305175781	116.87999725341797	116.43521118164062	21392300
2022-12-28	116.25	118.1500015258789	115.51000213623047	115.62000274658203	115.18002319335938	19612500
2022-12-29	116.4000015258789	121.02999877929688	115.7699966430664	120.26000213623047	119.8023681640625	22366200
2022-12-30	118.16000366210938	120.41999816894531	117.73999786376953	120.33999633789062	119.88204956054688	19583800
2023-01-03	122.81999969482422	126.37000274658203	122.27999877929688	124.73999786376953	124.26531219482422	35528500
2023-01-04	127.37999725341797	129.0500030517578	125.8499984741211	127.37000274658203	126.88530731201172	32397100
2023-01-05	126.12999725341797	128.52000427246094	124.54000091552734	126.94000244140625	126.45694732666016	25447100
2023-01-06	128.97000122070312	130.3300018310547	126.04000091552734	130.02000427246094	129.52523803710938	27584500
2023-01-09	131.16000366210938	132.9499969482422	129.27999877929688	129.47000122070312	128.97732543945312	26649100
2023-01-10	127.2699966430664	133.44000244140625	127.1500015258789	132.99000549316406	132.48391723632812	28684400
2023-01-11	130.9600067138672	133.85000610351562	130.33999633789062	132.88999938964844	132.38430786132812	25423000
2023-01-12	133.44000244140625	137.67999267578125	131.75999450683594	136.7100067138672	136.1897735595703	30757700
2023-01-13	134.97000122070312	137.38999938964844	134.83999633789062	136.97999572753906	136.45872497558594	22423800
2023-01-17	136.17999267578125	136.75	134.25	135.36000061035156	134.84490966796875	21147600
2023-01-18	135.80999755859375	137.25	132.8000030517578	133.02000427246094	132.51380920410156	20215500
2023-01-19	132.49000549316406	137.4499969482422	132.13999938964844	136.14999389648438	135.6318817138672	28625200
2023-01-20	135.88999938964844	139.94000244140625	134.61000061035156	139.3699951171875	138.83963012695312	28688600
2023-01-23	139.2899932861328	143.75999450683594	138.66000366210938	143.27000427246094	142.7248077392578	27470100
2023-01-24	141.69000244140625	145.0	141.36000061035156	143.13999938964844	142.59530639648438	21970200
2023-01-25	141.22000122070312	143.1699981689453	140.30999755859375	141.5	140.96153259277344	26622000
2023-01-26	144.39999389648438	147.50999450683594	143.3000030517578	147.3000030517578	146.73948669433594	25482100
2023-01-27	148.24000549316406	153.19000244140625	147.38999938964844	151.74000549316406	151.16258239746094	35771900
2023-01-30	149.41000366210938	151.1199951171875	146.9499969482422	147.05999755859375	146.5003662109375	28040100
2023-01-31	147.9499969482422	149.8800048828125	147.52000427246094	148.97000122070312	148.40310668945312	29842100
2023-02-01	148.02999877929688	153.5800018310547	147.05999755859375	153.1199951171875	152.5373077392578	55661000
2023-02-02	183.3800048828125	197.16000366210938	180.16000366210938	188.77000427246094	188.05166625976562	150475700
2023-02-03	183.47000122070312	196.77000427246094	182.88999938964844	186.52999877929688	185.82017517089844	76809700
2023-02-06	186.52999877929688	190.6999969482422	185.52000427246094	186.05999755859375	185.35198974609375	42483800
2023-02-07	185.5800018310547	193.77999877929688	184.39999389648438	191.6199951171875	190.8907928466797	47080700
2023-02-08	190.0	190.8300018310547	182.9199981689453	183.42999267578125	182.73196411132812	36139100
2023-02-09	186.1300048828125	186.64999389648438	177.27000427246094	177.9199981689453	177.24293518066406	37118800
2023-02-10	176.35000610351562	178.88999938964844	173.35000610351562	174.14999389648438	173.48727416992188	33433600
2023-02-13	178.22000122070312	181.0	175.82000732421875	179.42999267578125	178.7471923828125	31463200
2023-02-14	177.16000366210938	181.50999450683594	175.8800048828125	179.47999572753906	178.79701232910156	24034600
2023-02-15	176.4199981689453	178.19000244140625	175.3300018310547	177.16000366210938	176.48582458496094	25308900
2023-02-16	172.75	175.85000610351562	171.7899932861328	172.44000244140625	171.78378295898438	25827500
2023-02-17	170.22000122070312	173.17999267578125	169.6999969482422	172.8800048828125	172.22213745117188	24171300
2023-02-21	174.30999755859375	178.1699981689453	171.8800048828125	172.0800018310547	171.4251708984375	34592600
2023-02-22	171.07000732421875	172.75999450683594	169.69000244140625	171.1199951171875	170.4688262939453	22433200
2023-02-23	172.0	173.69000244140625	169.3800048828125	172.0399932861328	171.3852996826172	20017800
2023-02-24	168.63999938964844	170.72000122070312	167.66000366210938	170.38999938964844	169.74159240722656	19791300
2023-02-27	171.8800048828125	173.1199951171875	169.05999755859375	169.5399932861328	168.8948211669922	19277000
2023-02-28	171.89999389648438	177.5500030517578	171.8699951171875	174.94000244140625	174.27427673339844	46051100
2023-03-01	174.58999633789062	177.85000610351562	173.0500030517578	173.4199981689453	172.76007080078125	30998400
2023-03-02	172.3800048828125	175.00999450683594	171.42999267578125	174.52999877929688	173.8658447265625	17352000
2023-03-03	178.9199981689453	186.6199951171875	177.0500030517578	185.25	184.5450439453125	45877700
2023-03-06	188.0	189.66000366210938	184.63999938964844	184.89999389648438	184.19638061523438	33209400
2023-03-07	189.0	190.36000061035156	184.00999450683594	184.50999450683594	183.80784606933594	36701500
2023-03-08	182.8699951171875	185.25999450683594	181.33999633789062	184.97000122070312	184.26611328125	19432400
2023-03-09	186.35000610351562	188.92999267578125	180.3000030517578	181.69000244140625	180.9985809326172	26582800
2023-03-10	181.00999450683594	184.77000427246094	178.8000030517578	179.50999450683594	178.82688903808594	25665000
2023-03-13	177.9600067138672	183.77999877929688	174.82000732421875	180.89999389648438	180.2115936279297	24728000
2023-03-14	187.5800018310547	194.32000732421875	186.55999755859375	194.02000427246094	193.28167724609375	41642600
2023-03-15	192.9499969482422	197.77999877929688	190.83999633789062	197.75	196.9974822998047	42123600
2023-03-16	198.25999450683594	205.75999450683594	196.08999633789062	204.92999267578125	204.150146484375	50447100
2023-03-17	200.55999755859375	201.89999389648438	195.42999267578125	195.61000061035156	194.86563110351562	50141100
2023-03-20	198.47999572753906	199.36000061035156	193.63999938964844	197.80999755859375	197.05726623535156	25186300
2023-03-21	203.1999969482422	203.5500030517578	197.9499969482422	202.16000366210938	201.3907012939453	31827000
2023-03-22	202.5	207.3699951171875	199.6699981689453	199.80999755859375	199.0496368408203	28477800
2023-03-23	202.83999633789062	207.8800048828125	202.14999389648438	204.27999877929688	203.50262451171875	27389700
2023-03-24	205.17999267578125	207.5800018310547	203.5500030517578	206.00999450683594	205.22604370117188	27716400
2023-03-27	204.80999755859375	205.86000061035156	201.36000061035156	202.83999633789062	202.06809997558594	18527200
2023-03-28	200.14999389648438	201.02999877929688	197.89999389648438	200.67999267578125	199.91632080078125	19127300
2023-03-29	203.55999755859375	205.72000122070312	202.5399932861328	205.35000610351562	204.56857299804688	18851100
2023-03-30	203.3800048828125	208.08999633789062	202.82000732421875	207.83999633789062	207.049072265625	22608300
2023-03-31	207.24000549316406	212.1699981689453	206.77000427246094	211.94000244140625	211.13348388671875	25440300
2023-04-03	208.83999633789062	213.49000549316406	208.1999969482422	213.07000732421875	212.25918579101562	17924600
2023-04-04	213.38999938964844	216.24000549316406	212.5399932861328	214.72000122070312	213.90289306640625	21026400
2023-04-05	214.14999389648438	215.19000244140625	209.94000244140625	211.47999572753906	210.67523193359375	19396600
2023-04-06	209.25	216.94000244140625	208.64999389648438	216.10000610351562	215.27764892578125	26104400
2023-04-10	214.7100067138672	215.66000366210938	210.66000366210938	214.75	213.93280029296875	16106100
2023-04-11	215.47999572753906	216.02000427246094	213.41000366210938	213.85000610351562	213.03622436523438	16710100
2023-04-12	214.83999633789062	216.83999633789062	212.5800018310547	214.0	213.18563842773438	18972200
2023-04-13	215.72999572753906	221.14999389648438	215.69000244140625	220.35000610351562	219.51148986816406	23310400
2023-04-14	217.8800048828125	222.11000061035156	217.5500030517578	221.49000549316406	220.64715576171875	21591200
2023-04-17	219.7899932861328	220.97999572753906	217.1300048828125	218.86000061035156	218.02716064453125	15481900
2023-04-18	219.91000366210938	220.44000244140625	216.2100067138672	217.88999938964844	217.0608367919922	12281000
2023-04-19	213.47000122070312	217.3300018310547	212.92999267578125	215.6999969482422	214.87916564941406	15898100
2023-04-20	213.47999572753906	216.75	212.77000427246094	213.07000732421875	212.25918579101562	16475400
2023-04-21	210.2100067138672	213.41000366210938	209.5800018310547	212.88999938964844	212.0798797607422	17717200
2023-04-24	213.67999267578125	213.9199981689453	210.7100067138672	212.7899932861328	211.98023986816406	15750900
2023-04-25	210.82000732421875	211.25999450683594	207.1300048828125	207.5500030517578	206.76019287109375	19198200
2023-04-26	212.5	214.11000061035156	208.8800048828125	209.39999389648438	208.6031494140625	41992700
2023-04-27	239.88999938964844	241.69000244140625	236.77000427246094	238.55999755859375	237.6521759033203	71196500
2023-04-28	239.00999450683594	240.42999267578125	235.75	240.32000732421875	239.40548706054688	39554000
2023-05-01	238.6199951171875	244.0	236.4600067138672	243.17999267578125	242.2545928955078	29143900
2023-05-02	243.17999267578125	244.9199981689453	238.99000549316406	239.24000549316406	238.32960510253906	24350100
2023-05-03	239.47000122070312	241.75	232.75	237.02999877929688	236.1280059814453	34463900
2023-05-04	236.05999755859375	238.1999969482422	232.92999267578125	233.52000427246094	232.63136291503906	17889400
2023-05-05	232.24000549316406	234.67999267578125	229.85000610351562	232.77999877929688	231.8941650390625	26978900
2023-05-08	231.4199981689453	235.6199951171875	230.27000427246094	233.27000427246094	232.38230895996094	16400500
2023-05-09	231.4600067138672	235.8800048828125	231.0800018310547	233.3699951171875	232.48191833496094	16865600
2023-05-10	236.1699981689453	236.75	230.72000122070312	233.0800018310547	232.19305419921875	19119000
2023-05-11	233.0500030517578	238.2100067138672	232.3000030517578	235.7899932861328	234.89271545410156	20449000
2023-05-12	236.74000549316406	236.9600067138672	231.4499969482422	233.80999755859375	232.92025756835938	16155300
2023-05-15	236.9199981689453	240.25999450683594	235.3300018310547	238.86000061035156	237.95103454589844	20653200
2023-05-16	235.7899932861328	239.63999938964844	235.52000427246094	238.82000732421875	237.91119384765625	18163800
2023-05-17	238.4499969482422	243.83999633789062	238.13999938964844	242.49000549316406	241.56724548339844	21193100
2023-05-18	241.3000030517578	247.08999633789062	241.19000244140625	246.85000610351562	245.91065979003906	22943300
2023-05-19	247.47000122070312	248.69000244140625	243.41000366210938	245.63999938964844	244.70526123046875	21599800
2023-05-22	245.41000366210938	253.57000732421875	245.1199951171875	248.32000732421875	247.37506103515625	27738500
2023-05-23	246.80999755859375	251.61000061035156	246.64999389648438	246.74000549316406	245.80105590820312	17748100
2023-05-24	245.27999877929688	249.58999633789062	244.9499969482422	249.2100067138672	248.26165771484375	17724300
2023-05-25	253.39999389648438	255.6199951171875	249.1699981689453	252.69000244140625	251.72842407226562	22371400
2023-05-26	252.92999267578125	262.30999755859375	252.7100067138672	262.0400085449219	261.0428161621094	25727200
2023-05-30	265.25	268.6499938964844	261.2900085449219	262.5199890136719	261.52099609375	23816500
2023-05-31	260.0	265.0	258.45001220703125	264.7200012207031	263.7126159667969	25473700
2023-06-01	265.8999938964844	274.0	265.8900146484375	272.6099853515625	271.57257080078125	25609500
2023-06-02	272.6600036621094	275.3500061035156	271.1199951171875	272.6099853515625	271.57257080078125	19405300
2023-06-05	270.29998779296875	275.57000732421875	269.55999755859375	271.3900146484375	270.35723876953125	20742900
2023-06-06	270.1400146484375	276.57000732421875	269.69000244140625	271.1199951171875	270.08831787109375	19419000
2023-06-07	271.6700134277344	274.25	262.79998779296875	263.6000061035156	262.596923828125	26163600
2023-06-08	260.6199951171875	267.6499938964844	258.8800048828125	264.5799865722656	263.5731506347656	20899400
2023-06-09	262.4800109863281	267.95001220703125	261.70001220703125	264.95001220703125	263.9417419433594	16938500
2023-06-12	267.1700134277344	271.75	265.3299865722656	271.04998779296875	270.0185241699219	15442500
2023-06-13	274.8800048828125	275.7200012207031	269.0899963378906	271.32000732421875	270.28753662109375	16164000
2023-06-14	271.8900146484375	274.989990234375	268.32000732421875	273.3500061035156	272.309814453125	19175100
2023-06-15	272.29998779296875	283.989990234375	271.4200134277344	281.8299865722656	280.75750732421875	25973500
2023-06-16	284.75	287.8500061035156	280.1300048828125	281.0	279.9306945800781	43102500
2023-06-20	278.7300109863281	284.79998779296875	276.2200012207031	284.3299865722656	283.24798583984375	20701600
2023-06-21	283.5299987792969	284.0	278.3599853515625	281.6400146484375	280.5682373046875	20556200
2023-06-22	279.0799865722656	285.260009765625	277.7900085449219	284.8800048828125	283.7958984375	17563100
2023-06-23	281.510009765625	289.6700134277344	278.95001220703125	288.7300109863281	287.63128662109375	50988400
2023-06-26	288.70001220703125	289.7900085449219	277.6000061035156	278.4700012207031	277.4103088378906	24232700
2023-06-27	282.010009765625	289.3500061035156	280.6499938964844	287.04998779296875	285.9576416015625	26108300
2023-06-28	284.82000732421875	289.54998779296875	284.05999755859375	285.2900085449219	284.2043762207031	16722100
2023-06-29	284.5	286.57000732421875	280.69000244140625	281.5299987792969	280.45867919921875	15395700
2023-06-30	284.760009765625	289.04998779296875	284.4200134277344	286.9800109863281	285.8879089355469	19676000
2023-07-03	286.70001220703125	289.3999938964844	284.8500061035156	286.0199890136719	284.9315490722656	8629300
2023-07-05	287.6499938964844	298.1199951171875	286.3599853515625	294.3699951171875	293.2497863769531	33865500
2023-07-06	295.8900146484375	298.1199951171875	291.30999755859375	291.989990234375	290.87884521484375	47600500
2023-07-07	292.17999267578125	296.20001220703125	288.6600036621094	290.5299987792969	289.4244079589844	25546200
2023-07-10	295.54998779296875	298.1300048828125	287.04998779296875	294.1000061035156	292.9808349609375	37058300
2023-07-11	293.8999938964844	300.17999267578125	291.8999938964844	298.2900085449219	297.1549072265625	27585900
2023-07-12	301.75	309.45001220703125	300.1000061035156	309.3399963378906	308.162841796875	36677100
2023-07-13	313.6199951171875	316.239990234375	310.2900085449219	313.4100036621094	312.21734619140625	30281000
2023-07-14	311.7900085449219	314.8800048828125	307.3599853515625	308.8699951171875	307.6946105957031	22576000
2023-07-17	307.5400085449219	311.7099914550781	304.7099914550781	310.6199951171875	309.4379577636719	25323100
2023-07-18	310.8800048828125	314.20001220703125	307.6199951171875	312.04998779296875	310.862548828125	20764600
2023-07-19	313.0299987792969	318.67999267578125	310.5199890136719	316.010009765625	314.8074645996094	21763700
2023-07-20	313.5	315.5400085449219	302.2200012207031	302.5199890136719	301.3687744140625	23836900
2023-07-21	304.57000732421875	305.4599914550781	291.20001220703125	294.260009765625	293.1402282714844	42089700
2023-07-24	295.7799987792969	297.5199890136719	288.29998779296875	291.6099853515625	290.50030517578125	24915700
2023-07-25	295.19000244140625	298.29998779296875	291.8599853515625	294.4700012207031	293.34942626953125	19585600
2023-07-26	301.19000244140625	301.7699890136719	291.8999938964844	298.57000732421875	297.433837890625	47256900
2023-07-27	325.1199951171875	325.3500061035156	309.8399963378906	311.7099914550781	310.5238342285156	64229200
2023-07-28	316.8800048828125	326.20001220703125	314.25	325.4800109863281	324.2414245605469	39220300
2023-07-31	323.69000244140625	325.6600036621094	317.5899963378906	318.6000061035156	317.3876037597656	25799600
2023-08-01	317.5400085449219	324.1400146484375	314.6600036621094	322.7099914550781	321.4819641113281	22817900
2023-08-02	318.0	318.3900146484375	310.6499938964844	314.30999755859375	313.1139221191406	20461100
2023-08-03	309.92999267578125	315.95001220703125	309.92999267578125	313.19000244140625	311.9981994628906	15180200
2023-08-04	314.9599914550781	318.4100036621094	310.20001220703125	310.7300109863281	309.54754638671875	17600200
2023-08-07	313.2300109863281	317.07000732421875	310.4599914550781	316.55999755859375	315.3553771972656	16236500
2023-08-08	314.3999938964844	317.8900146484375	310.1099853515625	312.6400146484375	311.4502868652344	15183500
2023-08-09	312.8800048828125	313.6300048828125	302.8500061035156	305.2099914550781	304.0485534667969	19955800
2023-08-10	307.94000244140625	312.3399963378906	303.8699951171875	305.739990234375	304.5765380859375	14358900
2023-08-11	302.57000732421875	304.7200012207031	300.3599853515625	301.6400146484375	300.4921569824219	13967800
2023-08-14	300.9800109863281	306.2099914550781	298.25	306.19000244140625	305.02484130859375	15641900
2023-08-15	306.1400146484375	307.2300109863281	300.0299987792969	301.95001220703125	300.80096435546875	11623600
2023-08-16	300.20001220703125	301.0799865722656	294.2799987792969	294.2900085449219	293.17010498046875	18547700
2023-08-17	293.04998779296875	296.04998779296875	284.95001220703125	285.0899963378906	284.005126953125	23950100
2023-08-18	279.0299987792969	285.69000244140625	274.3800048828125	283.25	282.172119140625	34061200
2023-08-21	283.45001220703125	290.5	281.8500061035156	289.8999938964844	288.7967834472656	20181500
2023-08-22	292.54998779296875	292.8999938964844	286.75	287.6000061035156	286.5055847167969	12999900
2023-08-23	288.5	297.3999938964844	287.6700134277344	294.239990234375	293.1202697753906	18287000
2023-08-24	298.5	299.4599914550781	286.6400146484375	286.75	285.6587829589844	18360900
2023-08-25	286.1300048828125	288.3900146484375	276.0299987792969	285.5	284.41357421875	23701400
2023-08-28	288.0	291.45001220703125	285.79998779296875	290.260009765625	289.15545654296875	14239300
2023-08-29	288.5799865722656	299.1499938964844	288.17999267578125	297.989990234375	296.8560485839844	20844500
2023-08-30	297.1700134277344	298.2900085449219	293.42999267578125	295.1000061035156	293.97705078125	17717000
2023-08-31	295.79998779296875	301.1000061035156	295.6600036621094	295.8900146484375	294.7640380859375	17229900
2023-09-01	299.3699951171875	301.739990234375	294.4700012207031	296.3800048828125	295.2521667480469	12819800
2023-09-05	297.0199890136719	301.3900146484375	295.510009765625	300.1499938964844	299.0078125	14956000
2023-09-06	301.7099914550781	303.29998779296875	295.6600036621094	299.1700134277344	298.0315246582031	15418100
2023-09-07	298.0	307.04998779296875	292.2200012207031	298.6700134277344	297.5334777832031	33748700
2023-09-08	299.2200012207031	305.25	296.7799987792969	297.8900146484375	296.7564392089844	17548000
2023-09-11	301.4100036621094	309.0400085449219	301.2799987792969	307.55999755859375	306.3896179199219	19489300
2023-09-12	306.3299865722656	308.6600036621094	300.2300109863281	301.6600036621094	300.5120849609375	13480400
2023-09-13	302.3599853515625	307.17999267578125	301.32000732421875	305.05999755859375	303.89910888671875	13210900
2023-09-14	306.739990234375	312.8699951171875	305.0299987792969	311.7200012207031	310.5337829589844	19343100
2023-09-15	311.6099853515625	312.0	298.75	300.30999755859375	299.1672058105469	28106400
2023-09-18	298.19000244140625	303.6000061035156	297.79998779296875	302.54998779296875	301.3986511230469	14234200
2023-09-19	302.4800109863281	306.1700134277344	299.80999755859375	305.07000732421875	303.90911865234375	15924400
2023-09-20	305.04998779296875	308.05999755859375	299.42999267578125	299.6700134277344	298.5296325683594	19379500
2023-09-21	295.70001220703125	300.260009765625	293.2699890136719	295.7300109863281	294.6046142578125	21300500
2023-09-22	299.29998779296875	305.3800048828125	298.2699890136719	299.0799865722656	297.9418640136719	25369600
2023-09-25	295.6400146484375	300.95001220703125	293.70001220703125	300.8299865722656	299.68524169921875	18987000
2023-09-26	297.6600036621094	300.29998779296875	296.010009765625	298.9599914550781	297.82232666015625	19417200
2023-09-27	300.45001220703125	301.29998779296875	286.7900085449219	297.739990234375	296.6069641113281	36429800
2023-09-28	298.94000244140625	306.3299865722656	296.70001220703125	303.9599914550781	302.80328369140625	22167100
2023-09-29	307.3800048828125	310.6400146484375	299.3599853515625	300.2099914550781	299.06756591796875	25356600
2023-10-02	302.739990234375	307.17999267578125	301.6300048828125	306.82000732421875	305.6524353027344	16265600
2023-10-03	304.260009765625	306.7699890136719	299.6400146484375	300.94000244140625	299.7948303222656	17362300
2023-10-04	298.7300109863281	306.8999938964844	298.5	305.5799865722656	304.4171447753906	16880500
2023-10-05	304.6300048828125	306.2099914550781	299.5	304.7900085449219	303.6301574707031	19130000
2023-10-06	301.44000244140625	316.30999755859375	300.9100036621094	315.42999267578125	314.2296447753906	21784000
2023-10-09	312.5	320.3299865722656	311.82000732421875	318.3599853515625	317.14849853515625	22503700
2023-10-10	319.1199951171875	324.6600036621094	318.1600036621094	321.8399963378906	320.6152648925781	19038000
2023-10-11	323.010009765625	328.8399963378906	322.95001220703125	327.82000732421875	326.572509765625	22036300
2023-10-12	328.0	330.5400085449219	322.69000244140625	324.1600036621094	322.92645263671875	20530500
2023-10-13	323.5299987792969	325.04998779296875	312.3699951171875	314.69000244140625	313.49249267578125	21341000
2023-10-16	318.6400146484375	321.82000732421875	315.5199890136719	321.1499938964844	319.9278564453125	16536100
2023-10-17	318.17999267578125	324.3999938964844	317.29998779296875	324.0	322.76702880859375	16387800
2023-10-18	321.3900146484375	325.94000244140625	315.55999755859375	316.9700012207031	315.7638244628906	16851000
2023-10-19	319.8800048828125	321.8900146484375	311.75	312.80999755859375	311.6196594238281	18709200
2023-10-20	314.1400146484375	315.29998779296875	306.4700012207031	308.6499938964844	307.4754638671875	22287400
2023-10-23	309.5	317.3599853515625	307.260009765625	314.010009765625	312.8150634765625	17796800
2023-10-24	316.7799987792969	318.3500061035156	310.6300048828125	312.54998779296875	311.360595703125	19525500
2023-10-25	310.0	310.8800048828125	298.8399963378906	299.5299987792969	298.39019775390625	42192500
2023-10-26	295.0	295.0	279.3999938964844	288.3500061035156	287.25274658203125	66684100
2023-10-27	294.4800109863281	299.30999755859375	292.9700012207031	296.7300109863281	295.6008605957031	29596300
2023-10-30	299.0899963378906	309.3999938964844	299.04998779296875	302.6600036621094	301.50823974609375	28435100
2023-10-31	303.30999755859375	303.67999267578125	296.8599853515625	301.2699890136719	300.12353515625	19434200
2023-11-01	301.8500061035156	312.739990234375	301.8500061035156	311.8500061035156	310.6632995605469	20434600
2023-11-02	317.29998779296875	318.82000732421875	308.3299865722656	310.8699951171875	309.68701171875	21631800
2023-11-03	312.54998779296875	315.54998779296875	311.0199890136719	314.6000061035156	313.40283203125	16754100
2023-11-06	315.9800109863281	318.3299865722656	314.45001220703125	315.79998779296875	314.5982360839844	12887700
2023-11-07	317.05999755859375	321.0	315.1199951171875	318.82000732421875	317.6067810058594	14055600
2023-11-08	318.1400146484375	321.3299865722656	314.8800048828125	319.7799987792969	318.5631103515625	13609700
2023-11-09	319.4200134277344	324.17999267578125	318.79998779296875	320.54998779296875	319.3301696777344	16103100
2023-11-10	319.94000244140625	329.1000061035156	319.4599914550781	328.7699890136719	327.51885986328125	19096200
2023-11-13	326.20001220703125	332.3299865722656	325.70001220703125	329.19000244140625	327.9372863769531	16908900
2023-11-14	334.5400085449219	338.1000061035156	333.3299865722656	336.30999755859375	335.0301818847656	17179400
2023-11-15	337.92999267578125	338.3999938964844	330.0199890136719	332.7099914550781	331.4438781738281	14531200
2023-11-16	329.3699951171875	334.5799865722656	326.3800048828125	334.19000244140625	332.9182434082031	18932600
2023-11-17	330.260009765625	335.5	329.3500061035156	335.0400085449219	333.76507568359375	14494400
2023-11-20	334.8900146484375	341.8699951171875	334.19000244140625	339.9700012207031	338.6763000488281	16960500
2023-11-21	338.3299865722656	339.8999938964844	335.8999938964844	336.9800109863281	335.69769287109375	12027900
2023-11-22	339.2099914550781	342.9200134277344	338.5799865722656	341.489990234375	340.1904602050781	10702700
2023-11-24	340.1300048828125	341.8599853515625	336.7699890136719	338.2300109863281	336.9429016113281	5467500
2023-11-27	336.17999267578125	339.8999938964844	334.20001220703125	334.70001220703125	333.4263610839844	15684500
2023-11-28	333.3999938964844	339.3800048828125	333.3999938964844	338.989990234375	337.70001220703125	12637200
2023-11-29	339.69000244140625	339.8999938964844	330.7799987792969	332.20001220703125	330.93585205078125	16024500
2023-11-30	331.8900146484375	333.5	322.3999938964844	327.1499938964844	325.9050598144531	23146400
2023-12-01	325.4800109863281	326.8599853515625	320.760009765625	324.82000732421875	323.5839538574219	15264700
2023-12-04	317.2900085449219	320.8599853515625	313.6600036621094	320.0199890136719	318.80218505859375	19037100
2023-12-05	318.9800109863281	321.8800048828125	315.3900146484375	318.2900085449219	317.07879638671875	16952100
2023-12-06	321.92999267578125	322.25	317.0400085449219	317.45001220703125	316.2419738769531	11294300
2023-12-07	317.7699890136719	328.239990234375	317.7699890136719	326.5899963378906	325.3471984863281	15905100
2023-12-08	323.0899963378906	333.1700134277344	323.0	332.75	331.4837341308594	14077500
2023-12-11	329.3999938964844	329.8900146484375	320.0	325.2799987792969	324.0421447753906	25802500
2023-12-12	324.6000061035156	334.4700012207031	324.55999755859375	334.2200012207031	332.9481506347656	18485500
2023-12-13	333.92999267578125	338.3699951171875	332.6400146484375	334.739990234375	333.4661560058594	16353300
2023-12-14	333.8500061035156	334.70001220703125	328.6400146484375	333.1700134277344	331.90216064453125	19607300
2023-12-15	331.989990234375	338.6600036621094	331.2200012207031	334.9200134277344	333.6455078125	30001600
2023-12-18	337.4800109863281	347.55999755859375	337.0199890136719	344.6199951171875	343.3085632324219	18993900
2023-12-19	345.5799865722656	353.6000061035156	345.1199951171875	350.3599853515625	349.0267333984375	17729400
2023-12-20	348.6499938964844	354.9599914550781	347.7900085449219	349.2799987792969	347.95086669921875	16369900
2023-12-21	352.9800109863281	356.4100036621094	349.2099914550781	354.0899963378906	352.7425537109375	15289600
2023-12-22	355.5799865722656	357.20001220703125	351.2200012207031	353.3900146484375	352.0451965332031	11764200
2023-12-26	354.989990234375	356.9800109863281	353.45001220703125	354.8299865722656	353.4797058105469	9898600
2023-12-27	356.07000732421875	359.0	355.30999755859375	357.8299865722656	356.46832275390625	13207900
2023-12-28	359.70001220703125	361.8999938964844	357.80999755859375	358.32000732421875	356.9564514160156	11798800
2023-12-29	358.989990234375	360.0	351.82000732421875	353.9599914550781	352.6130676269531	14980500
2024-01-02	351.32000732421875	353.1600036621094	340.010009765625	346.2900085449219	344.97222900390625	19042200
2024-01-03	344.9800109863281	347.95001220703125	343.17999267578125	344.4700012207031	343.1591491699219	15451100
2024-01-04	344.5	348.1499938964844	343.3999938964844	347.1199951171875	345.7990417480469	12099900
2024-01-05	346.989990234375	353.5	346.260009765625	351.95001220703125	350.6106872558594	13920700
2024-01-08	354.70001220703125	358.9800109863281	352.04998779296875	358.6600036621094	357.295166015625	13890200
2024-01-09	356.3999938964844	360.6400146484375	355.3599853515625	357.42999267578125	356.0697937011719	13463900
2024-01-10	360.1700134277344	372.94000244140625	359.0799865722656	370.4700012207031	369.0602111816406	22117200
2024-01-11	372.1300048828125	372.7799987792969	362.92999267578125	369.6700134277344	368.26324462890625	17205400
2024-01-12	370.1600036621094	377.05999755859375	369.5400085449219	374.489990234375	373.06494140625	19295700
2024-01-16	373.6499938964844	375.6099853515625	367.2300109863281	367.4599914550781	366.0616760253906	15306900
2024-01-17	366.29998779296875	368.5400085449219	358.6099853515625	368.3699951171875	366.96820068359375	12724800
2024-01-18	371.489990234375	376.8500061035156	370.95001220703125	376.1300048828125	374.6986999511719	16354300
2024-01-19	379.0	384.3599853515625	377.9700012207031	383.45001220703125	381.9908447265625	21470100
2024-01-22	387.95001220703125	390.3500061035156	381.1600036621094	381.7799987792969	380.3271789550781	17680500
2024-01-23	384.6199951171875	388.3800048828125	382.0799865722656	385.20001220703125	383.73419189453125	15506100
2024-01-24	390.0	396.1499938964844	387.80999755859375	390.70001220703125	389.2132263183594	15698500
2024-01-25	390.1700134277344	395.489990234375	385.6600036621094	393.17999267578125	391.68377685546875	15091100
2024-01-26	394.3500061035156	396.7900085449219	391.5899963378906	394.1400146484375	392.6401672363281	13163700
2024-01-29	394.989990234375	402.92999267578125	393.1000061035156	401.0199890136719	399.49395751953125	18742400
2024-01-30	403.5899963378906	406.3599853515625	399.57000732421875	400.05999755859375	398.53759765625	18614700
2024-01-31	389.0	398.0	387.1000061035156	390.1400146484375	388.6553649902344	20180800
2024-02-01	393.94000244140625	400.5	393.04998779296875	394.7799987792969	393.2777099609375	29727100
2024-02-02	459.6000061035156	485.9599914550781	453.010009765625	474.989990234375	473.1824645996094	84615500
2024-02-05	469.8800048828125	471.8999938964844	459.2200012207031	459.4100036621094	457.6617431640625	40832400
2024-02-06	464.0	467.1199951171875	453.0	454.7200012207031	452.9896240234375	21655200
2024-02-07	458.0	471.5199890136719	456.17999267578125	469.5899963378906	467.8030090332031	23066000
2024-02-08	468.32000732421875	470.5899963378906	465.0299987792969	470.0	468.21148681640625	18815100
2024-02-09	472.95001220703125	473.5899963378906	467.4700012207031	468.1099853515625	466.3286437988281	18413100
2024-02-12	468.19000244140625	479.1499938964844	466.5799865722656	468.8999938964844	467.11566162109375	19382000
2024-02-13	456.8699951171875	467.8900146484375	455.0899963378906	460.1199951171875	458.3690490722656	20916600
2024-02-14	467.92999267578125	474.1099853515625	466.0899963378906	473.2799987792969	471.47900390625	16858400
2024-02-15	475.2799987792969	488.6199951171875	472.2200012207031	484.0299987792969	482.1881103515625	24212300
2024-02-16	478.1099853515625	478.9599914550781	469.2099914550781	473.32000732421875	471.5188293457031	23306500
2024-02-20	469.7200012207031	476.17999267578125	466.55999755859375	471.75	469.9548034667969	18015500
2024-02-21	466.5	469.0	461.7900085449219	468.0299987792969	466.74365234375	12977100
2024-02-22	480.239990234375	489.989990234375	476.05999755859375	486.1300048828125	484.7939147949219	21625800
2024-02-23	488.04998779296875	494.3599853515625	482.3500061035156	484.0299987792969	482.69970703125	18374300
2024-02-26	483.4700012207031	486.1400146484375	480.6000061035156	481.739990234375	480.41595458984375	12101400
2024-02-27	479.9800109863281	487.2699890136719	479.9200134277344	487.04998779296875	485.71136474609375	10809600
2024-02-28	485.0	491.04998779296875	482.75	484.0199890136719	482.689697265625	12715500
2024-02-29	488.44000244140625	491.70001220703125	482.6099853515625	490.1300048828125	488.7829284667969	17732000
2024-03-01	492.1099853515625	504.25	491.8500061035156	502.29998779296875	500.9194641113281	16273600
2024-03-04	503.0	504.4200134277344	496.4200134277344	498.19000244140625	496.82073974609375	12324100
2024-03-05	495.0	495.5799865722656	487.8900146484375	490.2200012207031	488.8726806640625	15325300
2024-03-06	497.6300048828125	502.9700012207031	494.2900085449219	496.0899963378906	494.7265319824219	11757900
2024-03-07	503.2799987792969	519.8499755859375	501.3800048828125	512.1900024414062	510.78228759765625	18586400
2024-03-08	514.1900024414062	523.5700073242188	499.3500061035156	505.95001220703125	504.5594787597656	18575200
2024-03-11	497.010009765625	497.32000732421875	476.0	483.5899963378906	482.2608642578125	20428300
2024-03-12	493.260009765625	502.30999755859375	484.7300109863281	499.75	498.3764953613281	15448200
2024-03-13	495.3900146484375	500.9800109863281	491.0299987792969	495.57000732421875	494.20794677734375	12090700
2024-03-14	500.260009765625	501.3500061035156	488.1600036621094	491.8299865722656	490.4782409667969	12620000
2024-03-15	489.010009765625	491.8299865722656	481.29998779296875	484.1000061035156	482.76947021484375	29141700
2024-03-18	491.9100036621094	497.4200134277344	486.80999755859375	496.9800109863281	495.6141052246094	11755300
2024-03-19	488.1700134277344	496.6300048828125	481.2799987792969	496.239990234375	494.8761291503906	10903100
2024-03-20	499.5	508.20001220703125	495.1700134277344	505.5199890136719	504.130615234375	11711100
2024-03-21	514.7100219726562	515.0399780273438	506.010009765625	507.760009765625	506.3644714355469	9712500
2024-03-22	507.0	509.9700012207031	504.3399963378906	509.5799865722656	508.1794738769531	8117000
2024-03-25	505.7900085449219	507.2200012207031	500.239990234375	503.0199890136719	501.6374816894531	8380600
2024-03-26	505.1300048828125	510.0	495.2099914550781	495.8900146484375	494.527099609375	11205400
2024-03-27	499.29998779296875	499.8900146484375	488.07000732421875	493.8599853515625	492.502685546875	9989700
2024-03-28	492.8399963378906	492.8900146484375	485.1499938964844	485.5799865722656	484.2453918457031	15212800
2024-04-01	487.20001220703125	497.42999267578125	481.7799987792969	491.3500061035156	489.99957275390625	9247000
2024-04-02	485.1000061035156	497.5299987792969	484.6499938964844	497.3699951171875	496.0030212402344	11081000
2024-04-03	498.92999267578125	507.239990234375	498.75	506.739990234375	505.3472595214844	12099200
2024-04-04	516.4199829101562	530.0	510.5799865722656	510.9200134277344	509.5157775878906	26476300
2024-04-05	516.8599853515625	530.7000122070312	514.4099731445312	527.3400268554688	525.890625	19242000
2024-04-08	529.280029296875	531.489990234375	518.8900146484375	519.25	517.8229370117188	13260600
2024-04-09	522.22998046875	525.8699951171875	506.739990234375	516.9000244140625	515.4793701171875	10881400
2024-04-10	509.2900085449219	522.5599975585938	505.79998779296875	519.8300170898438	518.4013061523438	11418500
2024-04-11	521.1099853515625	523.8599853515625	517.2899780273438	523.1599731445312	521.7221069335938	10369500
2024-04-12	517.75	520.1900024414062	509.3299865722656	511.8999938964844	510.49310302734375	11944900
2024-04-15	516.719970703125	518.530029296875	497.2799987792969	500.2300109863281	498.85516357421875	13512900
2024-04-16	498.1099853515625	504.7699890136719	497.1099853515625	499.760009765625	498.3864440917969	9847900
2024-04-17	503.1000061035156	503.1600036621094	487.1400146484375	494.1700134277344	492.81182861328125	12193700
2024-04-18	499.82000732421875	512.2100219726562	499.0400085449219	501.79998779296875	500.42083740234375	14808700
2024-04-19	502.79998779296875	502.79998779296875	475.7300109863281	481.07000732421875	479.7478332519531	25111000
2024-04-22	489.7200012207031	492.010009765625	473.3999938964844	481.7300109863281	480.406005859375	17271100
2024-04-23	491.25	498.760009765625	488.9700012207031	496.1000061035156	494.73651123046875	15079200
2024-04-24	508.05999755859375	510.0	484.5799865722656	493.5	492.1436462402344	37772700
2024-04-25	421.3999938964844	445.7699890136719	414.5	441.3800048828125	440.1669006347656	82890700
2024-04-26	441.4599914550781	446.44000244140625	431.9599914550781	443.2900085449219	442.0716857910156	32691400
2024-04-29	439.55999755859375	439.760009765625	428.55999755859375	432.6199951171875	431.43096923828125	21502600
2024-04-30	431.04998779296875	439.6199951171875	429.7200012207031	430.1700134277344	428.98773193359375	18429500
2024-05-01	428.6000061035156	449.9599914550781	427.1099853515625	439.19000244140625	437.9829406738281	20344900
2024-05-02	438.8399963378906	443.9599914550781	432.2799987792969	441.67999267578125	440.466064453125	15221300
2024-05-03	445.92999267578125	454.1700134277344	443.8500061035156	451.9599914550781	450.7178039550781	16489100
2024-05-06	455.5799865722656	466.1600036621094	453.3399963378906	465.67999267578125	464.4001159667969	15094600
2024-05-07	466.2900085449219	471.5299987792969	461.30999755859375	468.239990234375	466.95306396484375	13406800
2024-05-08	463.5	475.5799865722656	463.0	472.6000061035156	471.30108642578125	11683900
2024-05-09	470.0	476.0799865722656	467.6300048828125	475.4200134277344	474.11334228515625	9437700
2024-05-10	477.0899963378906	477.5	469.6000061035156	476.20001220703125	474.8912048339844	10750000
2024-05-13	472.75	473.3500061035156	462.8500061035156	468.010009765625	466.7237548828125	14668800
2024-05-14	463.3699951171875	472.5400085449219	460.0799865722656	471.8500061035156	470.55316162109375	10478600
2024-05-15	474.9800109863281	482.5	471.20001220703125	481.5400085449219	480.216552734375	13100500
2024-05-16	475.0	477.69000244140625	472.75	473.2300109863281	471.92938232421875	16608200
2024-05-17	470.8299865722656	472.79998779296875	468.4200134277344	471.9100036621094	470.6130065917969	10807300
2024-05-20	469.95001220703125	473.20001220703125	467.0400085449219	468.8399963378906	467.55145263671875	11745100
2024-05-21	467.1199951171875	470.70001220703125	462.2699890136719	464.6300048828125	463.3529968261719	11742200
2024-05-22	467.8699951171875	473.7200012207031	465.6499938964844	467.7799987792969	466.4943542480469	10078600
2024-05-23	472.8800048828125	474.3599853515625	461.5400085449219	465.7799987792969	464.49981689453125	11747900
2024-05-24	467.6199951171875	479.8500061035156	466.29998779296875	478.2200012207031	476.9056396484375	12012300
2024-05-28	476.5799865722656	480.8599853515625	474.8399963378906	479.9200134277344	478.6009826660156	10175800
2024-05-29	474.6600036621094	479.8500061035156	473.70001220703125	474.3599853515625	473.0562438964844	9226200
2024-05-30	471.6700134277344	471.7300109863281	464.7099914550781	467.04998779296875	465.766357421875	10735200
2024-05-31	465.79998779296875	469.1199951171875	454.4599914550781	466.8299865722656	465.5469665527344	16919800
2024-06-03	470.8599853515625	479.6000061035156	468.239990234375	477.489990234375	476.1776428222656	11279400
2024-06-04	477.0	478.8900146484375	473.2300109863281	476.989990234375	475.67901611328125	7088700
2024-06-05	484.45001220703125	496.6499938964844	483.9100036621094	495.05999755859375	493.6993713378906	15690500
2024-06-06	492.9800109863281	502.82000732421875	490.8900146484375	493.760009765625	492.4029541015625	10667300
2024-06-07	495.9100036621094	498.9100036621094	490.1700134277344	492.9599914550781	491.6051330566406	9380700
2024-06-10	493.8599853515625	502.6600036621094	493.4100036621094	502.6000061035156	501.2186584472656	11236900
2024-06-11	500.1600036621094	507.6000061035156	498.2699890136719	507.4700012207031	506.0752258300781	9673700
2024-06-12	513.989990234375	514.010009765625	504.4700012207031	508.8399963378906	507.4414978027344	11983200
2024-06-13	505.7099914550781	509.3599853515625	501.3599853515625	504.1000061035156	502.71453857421875	9954600
2024-06-14	502.6499938964844	507.1499938964844	500.75	504.1600036621094	503.2735595703125	10243300
2024-06-17	501.6700134277344	510.75	496.010009765625	506.6300048828125	505.7392272949219	11266600
2024-06-18	504.55999755859375	506.0	495.0199890136719	499.489990234375	498.61175537109375	13060400
2024-06-20	502.0	503.6700134277344	496.7699890136719	501.70001220703125	500.8179016113281	11801200
2024-06-21	503.45001220703125	503.45001220703125	492.3900146484375	494.7799987792969	493.9100341796875	23130700
2024-06-24	499.20001220703125	507.79998779296875	494.2900085449219	498.9100036621094	498.03277587890625	13525300
2024-06-25	497.04998779296875	510.7099914550781	495.5	510.6000061035156	509.7022399902344	12109800
2024-06-26	506.6499938964844	513.8099975585938	504.67999267578125	513.1199951171875	512.2178344726562	8882300
2024-06-27	514.25	522.8800048828125	513.9000244140625	519.5599975585938	518.646484375	10121200
2024-06-28	517.1500244140625	521.8800048828125	503.8399963378906	504.2200012207031	503.33343505859375	15855100
2024-07-01	504.95001220703125	506.5799865722656	493.1700134277344	504.67999267578125	503.7926330566406	10328200
2024-07-02	500.760009765625	510.5	499.45001220703125	509.5	508.6041564941406	7739500
2024-07-03	506.3699951171875	511.2799987792969	506.0199890136719	509.9599914550781	509.0633544921875	6005600
2024-07-05	511.6000061035156	540.8699951171875	511.6000061035156	539.9099731445312	538.9606323242188	21354100
2024-07-08	542.3499755859375	542.8099975585938	526.6500244140625	529.3200073242188	528.3893432617188	14917500
2024-07-09	533.75	537.47998046875	528.1900024414062	530.0	529.068115234375	8753200
2024-07-10	530.7899780273438	538.8800048828125	528.3599853515625	534.6900024414062	533.7498779296875	10983300
2024-07-11	530.8900146484375	535.4600219726562	508.3699951171875	512.7000122070312	511.79852294921875	16458300
2024-07-12	497.760009765625	508.0899963378906	494.2300109863281	498.8699951171875	497.9928283691406	19750500
2024-07-15	498.6300048828125	506.67999267578125	493.3699951171875	496.1600036621094	495.2876281738281	12539200
2024-07-16	501.5	503.95001220703125	485.7900085449219	489.7900085449219	488.9288330078125	14075800
2024-07-17	479.1700134277344	479.1700134277344	459.1199951171875	461.989990234375	461.17767333984375	28076600
2024-07-18	475.0	479.239990234375	464.5400085449219	475.8500061035156	475.0133361816406	19267200
2024-07-19	476.05999755859375	486.7099914550781	475.7099914550781	476.7900085449219	475.9516906738281	15149400
2024-07-22	486.5799865722656	492.05999755859375	483.8999938964844	487.3999938964844	486.5429992675781	12023100
2024-07-23	489.8399963378906	495.2200012207031	487.7200012207031	488.69000244140625	487.83074951171875	9455500
2024-07-24	472.30999755859375	476.29998779296875	460.5799865722656	461.2699890136719	460.45892333984375	17649700
2024-07-25	463.260009765625	463.54998779296875	442.6499938964844	453.4100036621094	452.61279296875	18240500
2024-07-26	464.20001220703125	469.7699890136719	459.4200134277344	465.70001220703125	464.8811950683594	14222400
2024-07-29	469.8800048828125	473.9599914550781	465.0199890136719	465.7099914550781	464.8911437988281	11339600
2024-07-30	467.0	472.7300109863281	456.70001220703125	463.19000244140625	462.3755798339844	11390400
2024-07-31	471.0199890136719	476.5	466.75	474.8299865722656	473.9951171875	24285800
2024-08-01	521.0	527.1699829101562	492.1000061035156	497.739990234375	496.86480712890625	43083100
2024-08-02	489.0	501.1499938964844	476.1499938964844	488.1400146484375	487.2817077636719	24044700
2024-08-05	451.3500061035156	483.4800109863281	450.79998779296875	475.7300109863281	474.8935546875	21396200
2024-08-06	479.0	502.55999755859375	478.6499938964844	494.0899963378906	493.2212219238281	20955000
2024-08-07	503.1300048828125	510.1499938964844	486.8599853515625	488.9200134277344	488.06036376953125	20105300
2024-08-08	497.5	509.9599914550781	494.7200012207031	509.6300048828125	508.7339172363281	16156800
2024-08-09	507.7099914550781	518.3400268554688	505.70001220703125	517.77001953125	516.859619140625	13696600
2024-08-12	516.8599853515625	518.02001953125	509.1000061035156	515.9500122070312	515.0427856445312	9767400
2024-08-13	520.010009765625	531.5	518.1500244140625	528.5399780273438	527.6106567382812	13743800
2024-08-14	528.0599975585938	534.0	523.1300048828125	526.760009765625	525.8338623046875	11444200
2024-08-15	531.7899780273438	539.77001953125	526.7000122070312	537.3300170898438	536.3851928710938	13482100
2024-08-16	531.9000244140625	533.6599731445312	524.6599731445312	527.4199829101562	526.4926147460938	14776700
2024-08-19	526.8699951171875	531.6599731445312	522.760009765625	529.280029296875	528.349365234375	9879700
2024-08-20	528.3499755859375	531.0900268554688	525.8800048828125	526.72998046875	525.8038330078125	7944400
2024-08-21	527.1500244140625	539.4000244140625	526.9299926757812	535.1599731445312	534.218994140625	13423300
2024-08-22	537.0	544.22998046875	528.5900268554688	531.9299926757812	530.9947509765625	15708300
2024-08-23	536.9199829101562	539.8699951171875	525.0599975585938	528.0	527.0715942382812	11323900
2024-08-26	527.5999755859375	528.0	514.9500122070312	521.1199951171875	520.2037353515625	9584000
2024-08-27	518.97998046875	524.010009765625	515.3099975585938	519.0999755859375	518.187255859375	6282700
2024-08-28	517.6699829101562	521.0900268554688	512.4500122070312	516.780029296875	515.871337890625	9106100
2024-08-29	519.0499877929688	527.2000122070312	515.6799926757812	518.219970703125	517.3087768554688	8317400
2024-08-30	521.3499755859375	523.5399780273438	515.2000122070312	521.3099975585938	520.3934326171875	9157500
2024-09-03	519.6400146484375	525.489990234375	508.6199951171875	511.760009765625	510.86016845703125	12459100
2024-09-04	506.07000732421875	516.5900268554688	504.07000732421875	512.739990234375	511.8384094238281	8335200
2024-09-05	511.7200012207031	521.6300048828125	511.1499938964844	516.8599853515625	515.951171875	8640900
2024-09-06	521.8800048828125	524.5800170898438	498.25	500.2699890136719	499.3903503417969	14744500
2024-09-09	506.1600036621094	511.3299865722656	502.0799865722656	504.7900085449219	503.9024353027344	11047800
2024-09-10	508.1600036621094	514.1799926757812	500.0299987792969	504.7900085449219	503.9024353027344	9899000
2024-09-11	507.010009765625	513.1199951171875	495.6000061035156	511.8299865722656	510.9300231933594	10782500
2024-09-12	517.0499877929688	526.7100219726562	515.219970703125	525.5999755859375	524.6758422851562	11993300
2024-09-13	520.3400268554688	527.5800170898438	517.1099853515625	524.6199951171875	523.6975708007812	10321400
2024-09-16	524.5399780273438	534.0999755859375	517.4000244140625	533.280029296875	532.8502197265625	9527600
2024-09-17	537.5999755859375	542.0999755859375	530.5700073242188	536.3200073242188	535.8877563476562	11690800
2024-09-18	537.0700073242188	544.2000122070312	533.9000244140625	537.9500122070312	537.5164184570312	10323500
2024-09-19	550.0	562.0700073242188	546.52001953125	559.0999755859375	558.6493530273438	15647000
2024-09-20	560.0	564.5	556.2999877929688	561.3499755859375	560.8975219726562	22066800
2024-09-23	569.5	573.97998046875	562.4099731445312	564.4099731445312	563.955078125	12830700
2024-09-24	566.6799926757812	567.75	554.1900024414062	563.3300170898438	562.8759765625	12993000
2024-09-25	564.0499877929688	576.8800048828125	563.719970703125	568.3099975585938	567.8519287109375	16543400
2024-09-26	575.72998046875	577.4000244140625	562.3499755859375	567.8400268554688	567.3823852539062	14400800
2024-09-27	570.0999755859375	570.8400268554688	564.510009765625	567.3599853515625	566.9027099609375	9398400
2024-09-30	567.7000122070312	574.6799926757812	564.7999877929688	572.4400024414062	571.9786376953125	12792300
2024-10-01	577.97998046875	583.0399780273438	570.0999755859375	576.469970703125	576.00537109375	15259300
2024-10-02	574.8599853515625	576.0	569.3400268554688	572.8099975585938	572.3483276367188	6524700
2024-10-03	570.1500244140625	583.3599853515625	568.72998046875	582.77001953125	582.30029296875	11581000
2024-10-04	583.72998046875	596.8499755859375	581.4299926757812	595.9400024414062	595.459716796875	14169500
2024-10-07	598.219970703125	602.9500122070312	584.0399780273438	584.780029296875	584.3087158203125	12014200
2024-10-08	589.6900024414062	593.5599975585938	585.969970703125	592.8900146484375	592.4121704101562	7857400
2024-10-09	593.989990234375	594.3900146484375	581.6099853515625	590.510009765625	590.0340576171875	9529700
2024-10-10	587.5700073242188	590.22998046875	582.52001953125	583.8300170898438	583.3594360351562	7740400
2024-10-11	584.8300170898438	591.2100219726562	582.7100219726562	589.9500122070312	589.4745483398438	8587100
2024-10-14	594.219970703125	600.0999755859375	589.9600219726562	590.4199829101562	589.944091796875	8252000
2024-10-15	590.1599731445312	590.6099853515625	580.1400146484375	586.27001953125	585.7974853515625	9564200
2024-10-16	581.4000244140625	582.0800170898438	574.030029296875	576.7899780273438	576.3250732421875	11268400
2024-10-17	583.3300170898438	584.969970703125	575.2000122070312	576.9299926757812	576.4650268554688	8701200
2024-10-18	581.0999755859375	583.969970703125	575.25	576.469970703125	576.00537109375	7694300
2024-10-21	576.030029296875	577.239990234375	569.1099853515625	575.1599731445312	574.6964111328125	8171900
2024-10-22	574.2899780273438	583.530029296875	572.1199951171875	582.010009765625	581.5409545898438	8544500
2024-10-23	579.969970703125	585.0	562.5	563.6900024414062	563.2356567382812	14248400
2024-10-24	567.1300048828125	568.8800048828125	561.52001953125	567.780029296875	567.3223876953125	7184700
2024-10-25	573.9299926757812	581.2899780273438	571.719970703125	573.25	572.7879638671875	11337900
2024-10-28	582.0	583.75	574.1199951171875	578.1599731445312	577.6939697265625	10925100
2024-10-29	580.1500244140625	593.6699829101562	575.4000244140625	593.280029296875	592.8018798828125	13019100
2024-10-30	600.97998046875	601.2000122070312	589.3800048828125	591.7999877929688	591.322998046875	26864900
2024-10-31	585.0	589.9000244140625	563.010009765625	567.5800170898438	567.12255859375	26838400
2024-11-01	567.6099853515625	573.6699829101562	562.5599975585938	567.1599731445312	566.702880859375	15303200
2024-11-04	564.0999755859375	568.6900024414062	557.8900146484375	560.6799926757812	560.2280883789062	12064600
2024-11-05	567.2999877929688	573.47998046875	566.6699829101562	572.4299926757812	571.9686279296875	9775400
2024-11-06	562.75	573.0	555.1699829101562	572.0499877929688	571.5889282226562	18305400
2024-11-07	576.8900146484375	594.7999877929688	575.2100219726562	591.7000122070312	591.22314453125	14653700
2024-11-08	591.5399780273438	593.0999755859375	584.52001953125	589.3400268554688	588.8650512695312	9415700
2024-11-11	586.3599853515625	587.0	576.510009765625	583.1699829101562	582.699951171875	10209100
2024-11-12	588.5399780273438	599.6599731445312	580.3800048828125	584.8200073242188	584.3486328125	16287700
2024-11-13	582.6099853515625	585.6400146484375	575.1699829101562	580.0	579.5325317382812	10757600
2024-11-14	577.0	580.760009765625	573.010009765625	577.1599731445312	576.69482421875	11053700
2024-11-15	571.219970703125	572.5700073242188	551.5	554.0800170898438	553.6334228515625	17712900
2024-11-18	557.0399780273438	559.9000244140625	550.0900268554688	554.4000244140625	553.9531860351562	14346700
2024-11-19	551.8599853515625	561.4299926757812	550.5999755859375	561.0900268554688	560.6378173828125	9522400
2024-11-20	562.9299926757812	566.3499755859375	554.2000122070312	565.52001953125	565.064208984375	9797300
2024-11-21	569.52001953125	570.0	549.0499877929688	563.0900268554688	562.6361694335938	11154700
2024-11-22	563.5499877929688	563.8300170898438	554.5900268554688	559.1400146484375	558.6893920898438	9164000
2024-11-25	562.0999755859375	572.5900268554688	556.3900146484375	565.1099853515625	564.654541015625	13599800
2024-11-26	566.0	577.5	565.2000122070312	573.5399780273438	573.0776977539062	10356600
2024-11-27	574.8900146484375	574.97998046875	564.0999755859375	569.2000122070312	568.7412719726562	7200200
2024-11-29	569.0	578.4600219726562	566.9000244140625	574.3200073242188	573.8571166992188	7130500
2024-12-02	577.5	594.5	575.5700073242188	592.8300170898438	592.3522338867188	12522400
2024-12-03	595.0	614.2000122070312	591.25	613.6500244140625	613.1554565429688	14907200
2024-12-04	612.9600219726562	617.780029296875	605.0999755859375	613.780029296875	613.2853393554688	14697000
2024-12-05	617.0800170898438	619.9000244140625	607.0499877929688	608.9299926757812	608.439208984375	8081200
2024-12-06	610.0999755859375	629.7899780273438	608.530029296875	623.77001953125	623.2672729492188	16935500
2024-12-09	623.9199829101562	626.4000244140625	606.1699829101562	613.5700073242188	613.0755004882812	11426000
2024-12-10	617.5599975585938	625.5900268554688	612.739990234375	619.3200073242188	618.8208618164062	10938900
2024-12-11	623.3699951171875	638.4000244140625	621.530029296875	632.6799926757812	632.1700439453125	10837200
2024-12-12	631.5	636.6599731445312	627.2100219726562	630.7899780273438	630.2815551757812	7474700
2024-12-13	627.219970703125	631.0800170898438	616.8900146484375	620.3499755859375	619.8499755859375	8453300
2024-12-16	629.97998046875	631.1500244140625	618.5800170898438	624.239990234375	624.239990234375	10885600
2024-12-17	626.1699829101562	632.3699951171875	616.5399780273438	619.4400024414062	619.4400024414062	12897800
2024-12-18	621.0	627.3599853515625	596.3200073242188	597.1900024414062	597.1900024414062	17075500
2024-12-19	610.3900146484375	611.52001953125	595.0	595.5700073242188	595.5700073242188	14958100
2024-12-20	590.5800170898438	603.1099853515625	580.0	585.25	585.25	48989400
2024-12-23	589.5999755859375	601.0900268554688	586.25	599.8499755859375	599.8499755859375	10205800
2024-12-24	602.719970703125	607.989990234375	599.280029296875	607.75	607.75	4726100
2024-12-26	605.47998046875	606.2999877929688	598.9400024414062	603.3499755859375	603.3499755859375	6081400
2024-12-27	599.4099731445312	601.8499755859375	589.7999877929688	599.8099975585938	599.8099975585938	8084200
2024-12-30	588.75	596.9400024414062	585.5800170898438	591.239990234375	591.239990234375	7025900
2024-12-31	592.27001953125	593.969970703125	583.8499755859375	585.510009765625	585.510009765625	6019500
2025-01-02	589.719970703125	604.9099731445312	587.8200073242188	599.239990234375	599.239990234375	12682300
2025-01-03	604.760009765625	609.5	596.4099731445312	604.6300048828125	604.6300048828125	11436800
2025-01-06	611.8300170898438	630.989990234375	605.6199951171875	630.2000122070312	630.2000122070312	14560800
2025-01-07	631.7000122070312	632.0999755859375	608.22998046875	617.8900146484375	617.8900146484375	12071500
2025-01-08	613.4000244140625	616.4400024414062	602.7899780273438	610.719970703125	610.719970703125	10085800
2025-01-10	610.030029296875	629.9099731445312	597.3400268554688	615.8599853515625	615.8599853515625	19256600
2025-01-13	607.0999755859375	608.969970703125	598.4500122070312	608.3300170898438	608.3300170898438	10785000
2025-01-14	605.0700073242188	605.489990234375	588.5499877929688	594.25	594.25	13598000
2025-01-15	610.2100219726562	622.4600219726562	606.5	617.1199951171875	617.1199951171875	15524300
2025-01-16	611.5	616.25	609.7100219726562	611.2999877929688	611.2999877929688	8355300
2025-01-17	624.0499877929688	624.969970703125	603.6699829101562	612.77001953125	612.77001953125	17244000
