Date	Open	High	Low	Close	Adj Close	Volume
2022-01-21	302.69000244140625	304.1099853515625	295.6099853515625	296.0299987792969	288.54656982421875	57984400
2022-01-24	292.20001220703125	297.1099853515625	276.04998779296875	296.3699951171875	288.8779602050781	85731500
2022-01-25	291.5199890136719	294.989990234375	285.1700134277344	288.489990234375	281.19708251953125	72848600
2022-01-26	307.989990234375	308.5	293.0299987792969	296.7099914550781	289.2093200683594	90428900
2022-01-27	302.6600036621094	307.29998779296875	297.92999267578125	299.8399963378906	292.2601623535156	53481300
2022-01-28	300.2300109863281	308.4800109863281	294.45001220703125	308.260009765625	300.4673767089844	49743700
2022-01-31	308.95001220703125	312.3800048828125	306.3699951171875	310.9800109863281	303.1186218261719	46444500
2022-02-01	310.4100036621094	310.6300048828125	305.1300048828125	308.760009765625	300.9547119140625	40950400
2022-02-02	309.6300048828125	315.1199951171875	308.8800048828125	313.4599914550781	305.5358581542969	36636000
2022-02-03	309.489990234375	311.2300109863281	299.9599914550781	301.25	293.6345520019531	43730000
2022-02-04	300.2099914550781	308.79998779296875	299.9700012207031	305.94000244140625	298.2059631347656	35096500
2022-02-07	306.1700134277344	307.8399963378906	299.8999938964844	300.95001220703125	293.3421325683594	28533300
2022-02-08	301.25	305.55999755859375	299.95001220703125	304.55999755859375	296.86083984375	32421200
2022-02-09	309.8699951171875	311.92999267578125	307.3900146484375	311.2099914550781	303.3427734375	31284700
2022-02-10	304.0400085449219	309.1199951171875	300.70001220703125	302.3800048828125	294.7359924316406	45386200
2022-02-11	303.19000244140625	304.2900085449219	294.2200012207031	295.0400085449219	287.58154296875	39175600
2022-02-14	293.7699890136719	296.760009765625	291.3500061035156	295.0	287.5425720214844	36359500
2022-02-15	300.010009765625	300.79998779296875	297.0199890136719	300.4700012207031	292.8742980957031	27058300
2022-02-16	298.3699951171875	300.8699951171875	293.67999267578125	299.5	292.5324401855469	29982100
2022-02-17	296.3599853515625	296.79998779296875	290.0	290.7300109863281	283.9664306640625	32461600
2022-02-18	293.04998779296875	293.8599853515625	286.30999755859375	287.92999267578125	281.2315979003906	34264000
2022-02-22	285.0	291.5400085449219	284.5	287.7200012207031	281.0264892578125	41736100
2022-02-23	290.17999267578125	291.70001220703125	280.1000061035156	280.2699890136719	273.7497863769531	37811200
2022-02-24	272.510009765625	295.1600036621094	271.5199890136719	294.5899963378906	287.7366638183594	56989700
2022-02-25	295.1400146484375	297.6300048828125	291.6499938964844	297.30999755859375	290.3934020996094	32546700
2022-02-28	294.30999755859375	299.1400146484375	293.0	298.7900085449219	291.83892822265625	34627500
2022-03-01	296.3999938964844	299.9700012207031	292.1499938964844	294.95001220703125	288.08831787109375	31217800
2022-03-02	295.3599853515625	301.4700012207031	293.70001220703125	300.19000244140625	293.2063903808594	31873000
2022-03-03	302.8900146484375	303.1300048828125	294.04998779296875	295.9200134277344	289.0357666015625	27314500
2022-03-04	294.2900085449219	295.6600036621094	287.1700134277344	289.8599853515625	283.1167297363281	32356500
2022-03-07	288.5299987792969	289.69000244140625	278.5299987792969	278.9100036621094	272.42144775390625	43157200
2022-03-08	277.79998779296875	283.9599914550781	270.0	275.8500061035156	269.4325866699219	48159500
2022-03-09	283.44000244140625	289.6000061035156	280.7799987792969	288.5	281.7883605957031	35204500
2022-03-10	283.0199890136719	286.6000061035156	280.5799865722656	285.5899963378906	278.94598388671875	30628000
2022-03-11	287.9599914550781	289.510009765625	279.42999267578125	280.07000732421875	273.55450439453125	27209300
2022-03-14	280.3399963378906	285.3999938964844	275.82000732421875	276.44000244140625	270.0089111328125	30660700
2022-03-15	280.3500061035156	287.82000732421875	278.7300109863281	287.1499938964844	280.46978759765625	34245100
2022-03-16	289.1099853515625	294.57000732421875	283.20001220703125	294.3900146484375	287.5413513183594	37826300
2022-03-17	293.2900085449219	295.6099853515625	289.3699951171875	295.2200012207031	288.35198974609375	30816600
2022-03-18	295.3699951171875	301.0	292.7300109863281	300.42999267578125	293.44073486328125	43390600
2022-03-21	298.8900146484375	300.1400146484375	294.8999938964844	299.1600036621094	292.20037841796875	28351200
2022-03-22	299.79998779296875	305.0	298.7699890136719	304.05999755859375	296.986328125	27599700
2022-03-23	300.510009765625	303.2300109863281	297.7200012207031	299.489990234375	292.5226745605469	25715400
2022-03-24	299.1400146484375	304.20001220703125	298.32000732421875	304.1000061035156	297.02545166015625	24484500
2022-03-25	305.2300109863281	305.5	299.2900085449219	303.67999267578125	296.615234375	22566500
2022-03-28	304.3299865722656	310.79998779296875	304.3299865722656	310.70001220703125	303.471923828125	29578200
2022-03-29	313.9100036621094	315.82000732421875	309.04998779296875	315.4100036621094	308.07232666015625	30393400
2022-03-30	313.760009765625	315.95001220703125	311.5799865722656	313.8599853515625	306.55841064453125	28163600
2022-03-31	313.8999938964844	315.1400146484375	307.8900146484375	308.30999755859375	301.137451171875	33422100
2022-04-01	309.3699951171875	310.1300048828125	305.5400085449219	309.4200134277344	302.2216796875	27110500
2022-04-04	310.0899963378906	315.1099853515625	309.7099914550781	314.9700012207031	307.6425476074219	24289600
2022-04-05	313.2699890136719	314.8699951171875	309.8699951171875	310.8800048828125	303.6477355957031	23156700
2022-04-06	305.19000244140625	307.0	296.7099914550781	299.5	292.5324401855469	40110400
2022-04-07	296.6600036621094	303.6499938964844	296.3500061035156	301.3699951171875	294.35894775390625	31411200
2022-04-08	300.44000244140625	301.1199951171875	296.2799987792969	296.9700012207031	290.06134033203125	24361900
2022-04-11	291.7900085449219	292.6099853515625	285.0	285.260009765625	278.6237487792969	34569300
2022-04-12	289.239990234375	290.739990234375	280.489990234375	282.05999755859375	275.4981689453125	30966700
2022-04-13	282.7300109863281	288.5799865722656	281.29998779296875	287.6199951171875	280.9288024902344	21907200
2022-04-14	288.0899963378906	288.30999755859375	279.32000732421875	279.8299865722656	273.32000732421875	28221600
2022-04-18	278.9100036621094	282.4599914550781	278.3399963378906	280.5199890136719	273.9939270019531	20778000
2022-04-19	279.3800048828125	286.1700134277344	278.4100036621094	285.29998779296875	278.66278076171875	22297700
2022-04-20	289.3999938964844	289.70001220703125	285.3699951171875	286.3599853515625	279.69805908203125	22906700
2022-04-21	288.5799865722656	293.29998779296875	280.05999755859375	280.80999755859375	274.27728271484375	29454600
2022-04-22	281.67999267578125	283.20001220703125	273.3800048828125	274.0299987792969	267.6549987792969	29405800
2022-04-25	273.2900085449219	281.1099853515625	270.7699890136719	280.7200012207031	274.1893310546875	35678900
2022-04-26	277.5	278.3599853515625	270.0	270.2200012207031	263.93359375	46518400
2022-04-27	282.1000061035156	290.9700012207031	279.1600036621094	283.2200012207031	276.6311950683594	63477700
2022-04-28	285.19000244140625	290.9800109863281	281.4599914550781	289.6300048828125	282.89208984375	33646600
2022-04-29	288.6099853515625	289.8800048828125	276.5	277.5199890136719	271.06378173828125	37073900
2022-05-02	277.7099914550781	284.94000244140625	276.2200012207031	284.4700012207031	277.8521423339844	35151100
2022-05-03	283.9599914550781	284.1300048828125	280.1499938964844	281.7799987792969	275.2247009277344	25978600
2022-05-04	282.5899963378906	290.8800048828125	276.7300109863281	289.9800109863281	283.23394775390625	33599300
2022-05-05	285.5400085449219	286.3500061035156	274.3399963378906	277.3500061035156	270.8977355957031	43260400
2022-05-06	274.80999755859375	279.25	271.2699890136719	274.7300109863281	268.3387451171875	37780300
2022-05-09	270.05999755859375	272.3599853515625	263.32000732421875	264.5799865722656	258.42486572265625	47726000
2022-05-10	271.69000244140625	273.75	265.07000732421875	269.5	263.2304382324219	39336400
2022-05-11	265.67999267578125	271.3599853515625	259.29998779296875	260.54998779296875	254.48858642578125	48975900
2022-05-12	257.69000244140625	259.8800048828125	250.02000427246094	255.35000610351562	249.40956115722656	51033800
2022-05-13	257.3500061035156	263.0400085449219	255.35000610351562	261.1199951171875	255.0453338623047	34925100
2022-05-16	259.9599914550781	265.82000732421875	255.77999877929688	261.5	255.4164276123047	32550900
2022-05-17	266.1099853515625	268.3299865722656	262.4599914550781	266.82000732421875	260.6127624511719	28828800
2022-05-18	263.0	263.6000061035156	252.77000427246094	254.0800018310547	248.7471160888672	31356000
2022-05-19	253.89999389648438	257.6700134277344	251.8800048828125	253.13999938964844	247.8268280029297	32692300
2022-05-20	257.239990234375	258.5400085449219	246.44000244140625	252.55999755859375	247.25900268554688	39199300
2022-05-23	255.49000549316406	261.5	253.42999267578125	260.6499938964844	255.17919921875	33175400
2022-05-24	257.8900146484375	261.3299865722656	253.5	259.6199951171875	254.1707763671875	29043900
2022-05-25	258.1400146484375	264.5799865722656	257.1300048828125	262.5199890136719	257.00994873046875	28547900
2022-05-26	262.2699890136719	267.1099853515625	261.42999267578125	265.8999938964844	260.3190002441406	25002100
2022-05-27	268.4800109863281	273.3399963378906	267.55999755859375	273.239990234375	267.50494384765625	26910800
2022-05-31	272.5299987792969	274.7699890136719	268.92999267578125	271.8699951171875	266.1636962890625	37827700
2022-06-01	275.20001220703125	277.69000244140625	270.0400085449219	272.4200134277344	266.7021789550781	25292200
2022-06-02	264.45001220703125	274.6499938964844	261.6000061035156	274.5799865722656	268.8167724609375	44008200
2022-06-03	270.30999755859375	273.45001220703125	268.4100036621094	270.0199890136719	264.3525390625	28059000
2022-06-06	272.05999755859375	274.17999267578125	267.2200012207031	268.75	263.1091613769531	22400300
2022-06-07	266.6400146484375	273.1300048828125	265.94000244140625	272.5	266.7804870605469	22860700
2022-06-08	271.7099914550781	273.0	269.6099853515625	270.4100036621094	264.7342834472656	17372300
2022-06-09	267.7799987792969	272.7099914550781	264.6300048828125	264.7900085449219	259.2323303222656	26439700
2022-06-10	260.5799865722656	260.5799865722656	252.52999877929688	252.99000549316406	247.6800079345703	31422800
2022-06-13	245.11000061035156	249.02000427246094	241.52999877929688	242.25999450683594	237.17518615722656	46135800
2022-06-14	243.86000061035156	245.74000549316406	241.50999450683594	244.49000549316406	239.3583984375	28651500
2022-06-15	248.30999755859375	255.3000030517578	246.4199981689453	251.75999450683594	246.47576904296875	33111700
2022-06-16	245.97999572753906	247.4199981689453	243.02000427246094	244.97000122070312	239.82830810546875	33169200
2022-06-17	244.6999969482422	250.5	244.02999877929688	247.64999389648438	242.4520721435547	43084800
2022-06-21	250.25999450683594	254.75	249.50999450683594	253.74000549316406	248.4142303466797	29928300
2022-06-22	251.88999938964844	257.1700134277344	250.3699951171875	253.1300048828125	247.81704711914062	25939900
2022-06-23	255.57000732421875	259.3699951171875	253.6300048828125	258.8599853515625	253.42677307128906	25861400
2022-06-24	261.80999755859375	267.9800109863281	261.7200012207031	267.70001220703125	262.0812072753906	33923200
2022-06-27	268.2099914550781	268.29998779296875	263.2799987792969	264.8900146484375	259.3302307128906	24615100
2022-06-28	263.9800109863281	266.9100036621094	256.32000732421875	256.4800109863281	251.0967254638672	27295500
2022-06-29	257.5899963378906	261.9700012207031	255.75999450683594	260.260009765625	254.7974090576172	20069800
2022-06-30	257.04998779296875	259.5299987792969	252.89999389648438	256.8299865722656	251.4393768310547	31730900
2022-07-01	256.3900146484375	259.7699890136719	254.61000061035156	259.5799865722656	254.1316375732422	22837700
2022-07-05	256.1600036621094	262.9800109863281	254.74000549316406	262.8500061035156	257.3329772949219	22941000
2022-07-06	263.75	267.989990234375	262.3999938964844	266.2099914550781	260.6224670410156	23824400
2022-07-07	265.1199951171875	269.05999755859375	265.0199890136719	268.3999938964844	262.7664794921875	20859900
2022-07-08	264.7900085449219	268.1000061035156	263.2900085449219	267.6600036621094	262.0420837402344	19658800
2022-07-11	265.6499938964844	266.5299987792969	262.17999267578125	264.510009765625	258.9581298828125	19455200
2022-07-12	265.8800048828125	265.94000244140625	252.0399932861328	253.6699981689453	248.34571838378906	35868500
2022-07-13	250.19000244140625	253.5500030517578	248.11000061035156	252.72000122070312	247.4156494140625	29497400
2022-07-14	250.57000732421875	255.13999938964844	245.94000244140625	254.0800018310547	248.7471160888672	25102800
2022-07-15	255.72000122070312	260.3699951171875	254.77000427246094	256.7200012207031	251.33168029785156	29774100
2022-07-18	259.75	260.8399963378906	253.3000030517578	254.25	248.91354370117188	20975000
2022-07-19	257.5799865722656	259.7200012207031	253.67999267578125	259.5299987792969	254.08273315429688	25012600
2022-07-20	259.8999938964844	264.8699951171875	258.9100036621094	262.2699890136719	256.7651672363281	22788300
2022-07-21	259.7900085449219	264.8900146484375	257.0299987792969	264.8399963378906	259.2812805175781	22404700
2022-07-22	265.239990234375	265.3299865722656	259.07000732421875	260.3599853515625	254.89527893066406	21881300
2022-07-25	261.0	261.5	256.80999755859375	258.8299865722656	253.3973846435547	21056000
2022-07-26	259.8599853515625	259.8800048828125	249.57000732421875	251.89999389648438	246.61282348632812	39348000
2022-07-27	261.1600036621094	270.04998779296875	258.8500061035156	268.739990234375	263.099365234375	45994000
2022-07-28	269.75	277.8399963378906	267.8699951171875	276.4100036621094	270.60845947265625	33459300
2022-07-29	277.70001220703125	282.0	276.6300048828125	280.739990234375	274.8475036621094	32152800
2022-08-01	277.82000732421875	281.2799987792969	275.8399963378906	278.010009765625	272.1748352050781	21539600
2022-08-02	276.0	277.8900146484375	272.3800048828125	274.82000732421875	269.05181884765625	22754200
2022-08-03	276.760009765625	283.5	276.6099853515625	282.4700012207031	276.5412292480469	23518900
2022-08-04	281.79998779296875	283.79998779296875	280.1700134277344	283.6499938964844	277.6965026855469	18098700
2022-08-05	279.1499938964844	283.6499938964844	278.67999267578125	282.9100036621094	276.9720153808594	16774600
2022-08-08	284.04998779296875	285.9200134277344	279.32000732421875	280.32000732421875	274.43634033203125	18739200
2022-08-09	279.6400146484375	283.0799865722656	277.6099853515625	282.29998779296875	276.3747863769531	23405200
2022-08-10	288.1700134277344	289.80999755859375	286.94000244140625	289.1600036621094	283.0907897949219	24687800
2022-08-11	290.8500061035156	291.2099914550781	286.510009765625	287.0199890136719	280.99566650390625	20065900
2022-08-12	288.4800109863281	291.9100036621094	286.94000244140625	291.9100036621094	285.7830810546875	22619700
2022-08-15	291.0	294.17999267578125	290.1099853515625	293.4700012207031	287.31036376953125	18085700
2022-08-16	291.989990234375	294.0400085449219	290.4200134277344	292.7099914550781	286.5663146972656	18102900
2022-08-17	289.739990234375	293.3500061035156	289.4700012207031	291.32000732421875	285.81085205078125	18253400
2022-08-18	290.19000244140625	291.9100036621094	289.0799865722656	290.1700134277344	284.6825866699219	17186200
2022-08-19	288.8999938964844	289.25	285.55999755859375	286.1499938964844	280.7386169433594	20570000
2022-08-22	282.0799865722656	282.4599914550781	277.2200012207031	277.75	272.4974670410156	25061100
2022-08-23	276.44000244140625	278.8599853515625	275.3999938964844	276.44000244140625	271.2122802734375	17527400
2022-08-24	275.4100036621094	277.2300109863281	275.1099853515625	275.7900085449219	270.5745544433594	18137000
2022-08-25	277.3299865722656	279.0199890136719	274.5199890136719	278.8500061035156	273.5766296386719	16583400
2022-08-26	279.0799865722656	280.3399963378906	267.9800109863281	268.0899963378906	263.0201721191406	27549300
2022-08-29	265.8500061035156	267.3999938964844	263.8500061035156	265.2300109863281	260.2142639160156	20338500
2022-08-30	266.6700134277344	267.04998779296875	260.6600036621094	262.9700012207031	257.9969482421875	22767100
2022-08-31	265.3900146484375	267.1099853515625	261.3299865722656	261.4700012207031	256.52532958984375	24791800
2022-09-01	258.8699951171875	260.8900146484375	255.41000366210938	260.3999938964844	255.4755401611328	23263400
2022-09-02	261.70001220703125	264.739990234375	254.47000122070312	256.05999755859375	251.21766662597656	22855400
2022-09-06	256.20001220703125	257.8299865722656	251.94000244140625	253.25	248.46078491210938	21328200
2022-09-07	254.6999969482422	258.8299865722656	253.22000122070312	258.0899963378906	253.209228515625	24126700
2022-09-08	257.510009765625	260.42999267578125	254.7899932861328	258.5199890136719	253.63113403320312	20319900
2022-09-09	260.5	265.2300109863281	260.2900085449219	264.4599914550781	259.45880126953125	22084700
2022-09-12	265.7799987792969	267.45001220703125	265.1600036621094	266.6499938964844	261.607421875	18747700
2022-09-13	258.8399963378906	260.3999938964844	251.58999633789062	251.99000549316406	247.22462463378906	33353300
2022-09-14	253.52999877929688	254.22999572753906	249.86000061035156	252.22000122070312	247.45025634765625	23913000
2022-09-15	249.77000427246094	251.39999389648438	244.02000427246094	245.3800048828125	240.73960876464844	31530900
2022-09-16	244.25999450683594	245.3000030517578	242.05999755859375	244.74000549316406	240.1117401123047	39791800
2022-09-19	242.47000122070312	245.13999938964844	240.85000610351562	244.52000427246094	239.89588928222656	26826900
2022-09-20	242.07000732421875	243.50999450683594	239.63999938964844	242.4499969482422	237.86502075195312	26660300
2022-09-21	244.27000427246094	247.66000366210938	238.89999389648438	238.9499969482422	234.43121337890625	28625600
2022-09-22	237.8699951171875	243.86000061035156	237.57000732421875	240.97999572753906	236.42282104492188	31061200
2022-09-23	239.5399932861328	241.1300048828125	235.1999969482422	237.9199981689453	233.42068481445312	34176000
2022-09-26	237.0500030517578	241.4499969482422	236.89999389648438	237.4499969482422	232.95957946777344	27694200
2022-09-27	239.97999572753906	241.8000030517578	234.5	236.41000366210938	231.9392547607422	27018700
2022-09-28	236.80999755859375	242.3300018310547	234.72999572753906	241.07000732421875	236.51113891601562	29029700
2022-09-29	238.88999938964844	239.9499969482422	234.41000366210938	237.5	233.00863647460938	27484200
2022-09-30	238.2899932861328	240.5399932861328	232.72999572753906	232.89999389648438	228.49563598632812	35694800
2022-10-03	235.41000366210938	241.61000061035156	234.66000366210938	240.74000549316406	236.18739318847656	28880400
2022-10-04	245.08999633789062	250.36000061035156	244.97999572753906	248.8800048828125	244.1734619140625	34888400
2022-10-05	245.99000549316406	250.5800018310547	244.10000610351562	249.1999969482422	244.48739624023438	20347100
2022-10-06	247.92999267578125	250.33999633789062	246.0800018310547	246.7899932861328	242.12294006347656	20239900
2022-10-07	240.89999389648438	241.32000732421875	233.1699981689453	234.24000549316406	229.810302734375	37769600
2022-10-10	233.0500030517578	234.55999755859375	226.72999572753906	229.25	224.9146728515625	29743600
2022-10-11	227.6199951171875	229.05999755859375	224.11000061035156	225.41000366210938	221.1472625732422	30474000
2022-10-12	225.39999389648438	227.86000061035156	223.9600067138672	225.75	221.48081970214844	21903900
2022-10-13	219.85000610351562	236.10000610351562	219.1300048828125	234.24000549316406	229.810302734375	42551800
2022-10-14	235.5399932861328	237.24000549316406	228.33999633789062	228.55999755859375	224.23770141601562	30198600
2022-10-17	235.82000732421875	238.9600067138672	235.13999938964844	237.52999877929688	233.03805541992188	28142300
2022-10-18	243.24000549316406	243.92999267578125	235.3699951171875	238.5	233.98971557617188	26329600
2022-10-19	237.0399932861328	239.61000061035156	234.2899932861328	236.47999572753906	232.0079345703125	19985700
2022-10-20	235.77000427246094	241.30999755859375	234.8699951171875	236.14999389648438	231.6841583251953	21811000
2022-10-21	234.74000549316406	243.0	234.5	242.1199951171875	237.541259765625	26299700
2022-10-24	243.75999450683594	247.83999633789062	241.3000030517578	247.25	242.57427978515625	24911200
2022-10-25	247.25999450683594	251.0399932861328	245.8300018310547	250.66000366210938	245.91976928710938	34775500
2022-10-26	231.1699981689453	238.3000030517578	230.05999755859375	231.32000732421875	226.94552612304688	82543200
2022-10-27	231.0399932861328	233.69000244140625	225.77999877929688	226.75	222.46192932128906	40424600
2022-10-28	226.24000549316406	236.60000610351562	226.0500030517578	235.8699951171875	231.40943908691406	40647700
2022-10-31	233.75999450683594	234.9199981689453	231.14999389648438	232.1300048828125	227.7401885986328	28357300
2022-11-01	234.60000610351562	235.74000549316406	227.3300018310547	228.1699981689453	223.8550567626953	30592300
2022-11-02	229.4600067138672	231.3000030517578	220.0399932861328	220.10000610351562	215.9376983642578	38407000
2022-11-03	220.08999633789062	220.41000366210938	213.97999572753906	214.25	210.19833374023438	36633900
2022-11-04	217.5500030517578	221.58999633789062	213.42999267578125	221.38999938964844	217.2032928466797	36789100
2022-11-07	221.99000549316406	228.41000366210938	221.27999877929688	227.8699951171875	223.5607452392578	33498000
2022-11-08	228.6999969482422	231.64999389648438	225.83999633789062	228.8699951171875	224.5418243408203	28192500
2022-11-09	227.3699951171875	228.6300048828125	224.3300018310547	224.50999450683594	220.26429748535156	27852900
2022-11-10	235.42999267578125	243.3300018310547	235.0	242.97999572753906	238.38499450683594	46268000
2022-11-11	242.99000549316406	247.99000549316406	241.92999267578125	247.11000061035156	242.4369354248047	34620200
2022-11-14	241.99000549316406	243.91000366210938	239.2100067138672	241.5500030517578	236.98207092285156	31123300
2022-11-15	245.66000366210938	247.0	240.02999877929688	241.97000122070312	237.3941192626953	31390100
2022-11-16	242.7899932861328	243.8000030517578	240.4199981689453	241.72999572753906	237.8269805908203	24093300
2022-11-17	237.77999877929688	243.25	237.6300048828125	241.67999267578125	237.77780151367188	23123500
2022-11-18	243.50999450683594	243.74000549316406	239.02999877929688	241.22000122070312	237.32521057128906	27613500
2022-11-21	241.42999267578125	244.6699981689453	241.19000244140625	242.0500030517578	238.14183044433594	26394700
2022-11-22	243.58999633789062	245.30999755859375	240.7100067138672	245.02999877929688	241.07371520996094	19665700
2022-11-23	245.11000061035156	248.27999877929688	244.27000427246094	247.5800018310547	243.58253479003906	19508500
2022-11-25	247.30999755859375	248.6999969482422	246.72999572753906	247.49000549316406	243.49400329589844	9200800
2022-11-28	246.0800018310547	246.64999389648438	240.8000030517578	241.75999450683594	237.8564910888672	24778200
2022-11-29	241.39999389648438	242.7899932861328	238.2100067138672	240.3300018310547	236.44961547851562	17956300
2022-11-30	240.57000732421875	255.3300018310547	239.86000061035156	255.13999938964844	251.0204620361328	47594200
2022-12-01	253.8699951171875	256.1199951171875	250.9199981689453	254.69000244140625	250.57772827148438	26041500
2022-12-02	249.82000732421875	256.05999755859375	249.69000244140625	255.02000427246094	250.9024200439453	21528500
2022-12-05	252.00999450683594	253.82000732421875	248.05999755859375	250.1999969482422	246.16024780273438	23435300
2022-12-06	250.82000732421875	251.86000061035156	243.77999877929688	245.1199951171875	241.16224670410156	22463700
2022-12-07	244.8300018310547	246.16000366210938	242.2100067138672	244.3699951171875	240.4243621826172	20481500
2022-12-08	244.83999633789062	248.74000549316406	243.05999755859375	247.39999389648438	243.4054412841797	22611800
2022-12-09	244.6999969482422	248.30999755859375	244.16000366210938	245.4199981689453	241.45741271972656	20609700
2022-12-12	247.4499969482422	252.5399932861328	247.1699981689453	252.50999450683594	248.4329376220703	30665100
2022-12-13	261.69000244140625	263.9200134277344	253.07000732421875	256.9200134277344	252.771728515625	42196900
2022-12-14	257.1300048828125	262.5899963378906	254.30999755859375	257.2200012207031	253.06687927246094	35410900
2022-12-15	253.72000122070312	254.1999969482422	247.33999633789062	249.00999450683594	244.98944091796875	35560400
2022-12-16	248.5500030517578	249.83999633789062	243.50999450683594	244.69000244140625	240.73919677734375	86102000
2022-12-19	244.86000061035156	245.2100067138672	238.7100067138672	240.4499969482422	236.56768798828125	29696400
2022-12-20	239.39999389648438	242.91000366210938	238.4199981689453	241.8000030517578	237.8958740234375	25150800
2022-12-21	241.69000244140625	245.6199951171875	240.11000061035156	244.42999267578125	240.48338317871094	23690600
2022-12-22	241.25999450683594	241.99000549316406	233.8699951171875	238.19000244140625	234.34413146972656	28651700
2022-12-23	236.11000061035156	238.8699951171875	233.94000244140625	238.72999572753906	234.8754119873047	21207000
2022-12-27	238.6999969482422	238.92999267578125	235.8300018310547	236.9600067138672	233.13401794433594	16688600
2022-12-28	236.88999938964844	239.72000122070312	234.1699981689453	234.52999877929688	230.7432403564453	17457100
2022-12-29	235.64999389648438	241.9199981689453	235.64999389648438	241.00999450683594	237.1186065673828	19770700
2022-12-30	238.2100067138672	239.9600067138672	236.66000366210938	239.82000732421875	235.94786071777344	21938500
2023-01-03	243.0800018310547	245.75	237.39999389648438	239.5800018310547	235.71173095703125	25740000
2023-01-04	232.27999877929688	232.8699951171875	225.9600067138672	229.10000610351562	225.40093994140625	50623400
2023-01-05	227.1999969482422	227.5500030517578	221.75999450683594	222.30999755859375	218.7205352783203	39585600
2023-01-06	223.0	225.75999450683594	219.35000610351562	224.92999267578125	221.29824829101562	43613600
2023-01-09	226.4499969482422	231.24000549316406	226.41000366210938	227.1199951171875	223.45289611816406	27369800
2023-01-10	227.75999450683594	231.30999755859375	227.3300018310547	228.85000610351562	225.15496826171875	27033900
2023-01-11	231.2899932861328	235.9499969482422	231.11000061035156	235.77000427246094	231.96322631835938	28669300
2023-01-12	235.25999450683594	239.89999389648438	233.55999755859375	238.50999450683594	234.6589813232422	27269500
2023-01-13	237.0	239.3699951171875	234.9199981689453	239.22999572753906	235.3673553466797	21333300
2023-01-17	237.97000122070312	240.91000366210938	237.08999633789062	240.35000610351562	236.4692840576172	29831300
2023-01-18	241.57000732421875	242.3800048828125	235.52000427246094	235.80999755859375	232.00257873535156	30028700
2023-01-19	233.77999877929688	235.52000427246094	230.67999267578125	231.92999267578125	228.18521118164062	28623000
2023-01-20	234.86000061035156	240.74000549316406	234.50999450683594	240.22000122070312	236.34136962890625	35389800
2023-01-23	241.10000610351562	245.1699981689453	239.64999389648438	242.5800018310547	238.66326904296875	31934000
2023-01-24	242.5	243.9499969482422	240.44000244140625	242.0399932861328	238.1320037841797	40234400
2023-01-25	234.47999572753906	243.3000030517578	230.89999389648438	240.61000061035156	236.72508239746094	66526600
2023-01-26	243.64999389648438	248.30999755859375	242.0	248.0	243.99575805664062	33454500
2023-01-27	248.99000549316406	249.8300018310547	246.8300018310547	248.16000366210938	244.15318298339844	26498900
2023-01-30	244.50999450683594	245.60000610351562	242.1999969482422	242.7100067138672	238.7911834716797	25867400
2023-01-31	243.4499969482422	247.9499969482422	242.9499969482422	247.80999755859375	243.80880737304688	26541100
2023-02-01	248.0	255.17999267578125	245.47000122070312	252.75	248.6690673828125	31259900
2023-02-02	258.82000732421875	264.69000244140625	257.25	264.6000061035156	260.3277587890625	39940400
2023-02-03	259.5400085449219	264.20001220703125	257.1000061035156	258.3500061035156	254.1786651611328	29077300
2023-02-06	257.44000244140625	258.29998779296875	254.77999877929688	256.7699890136719	252.6241455078125	22518000
2023-02-07	260.5299987792969	268.7699890136719	260.0799865722656	267.55999755859375	263.2399597167969	50841400
2023-02-08	273.20001220703125	276.760009765625	266.2099914550781	266.7300109863281	262.42333984375	54686000
2023-02-09	273.79998779296875	273.9800109863281	262.79998779296875	263.6199951171875	259.363525390625	42375100
2023-02-10	261.5299987792969	264.0899963378906	260.6600036621094	263.1000061035156	258.8519287109375	25818500
2023-02-13	267.6400146484375	274.6000061035156	267.1499938964844	271.32000732421875	266.939208984375	44630900
2023-02-14	272.6700134277344	274.9700012207031	269.2799987792969	272.1700134277344	267.7755432128906	37047900
2023-02-15	268.32000732421875	270.7300109863281	266.17999267578125	269.32000732421875	265.63519287109375	28922400
2023-02-16	264.0199890136719	266.739990234375	261.8999938964844	262.1499938964844	258.5633239746094	29603600
2023-02-17	259.3900146484375	260.0899963378906	256.0	258.05999755859375	254.5292205810547	30000100
2023-02-21	254.47999572753906	255.49000549316406	251.58999633789062	252.6699981689453	249.21299743652344	28397400
2023-02-22	254.08999633789062	254.33999633789062	250.33999633789062	251.50999450683594	248.06886291503906	22491100
2023-02-23	255.55999755859375	256.8399963378906	250.47999572753906	254.77000427246094	251.28427124023438	29219100
2023-02-24	249.9600067138672	251.0	248.10000610351562	249.22000122070312	245.81021118164062	24990900
2023-02-27	252.4600067138672	252.82000732421875	249.38999938964844	250.16000366210938	246.73733520507812	21190000
2023-02-28	249.07000732421875	251.49000549316406	248.72999572753906	249.4199981689453	246.00747680664062	22491000
2023-03-01	250.75999450683594	250.92999267578125	245.7899932861328	246.27000427246094	242.9005584716797	27565300
2023-03-02	246.5500030517578	251.39999389648438	245.61000061035156	251.11000061035156	247.67434692382812	24808200
2023-03-03	252.19000244140625	255.6199951171875	251.38999938964844	255.2899932861328	251.79713439941406	30760100
2023-03-06	256.42999267578125	260.1199951171875	255.97999572753906	256.8699951171875	253.35552978515625	24109800
2023-03-07	256.29998779296875	257.69000244140625	253.38999938964844	254.14999389648438	250.6727294921875	21473200
2023-03-08	254.0399932861328	254.5399932861328	250.80999755859375	253.6999969482422	250.22889709472656	17340200
2023-03-09	255.82000732421875	259.55999755859375	251.5800018310547	252.32000732421875	248.8677978515625	26653400
2023-03-10	251.0800018310547	252.7899932861328	247.60000610351562	248.58999633789062	245.18882751464844	28333900
2023-03-13	247.39999389648438	257.9100036621094	245.72999572753906	253.9199981689453	250.44590759277344	33339700
2023-03-14	256.75	261.07000732421875	255.86000061035156	260.7900085449219	257.2218933105469	33620300
2023-03-15	259.9800109863281	266.4800109863281	259.2099914550781	265.44000244140625	261.8082580566406	46028000
2023-03-16	265.2099914550781	276.55999755859375	263.2799987792969	276.20001220703125	272.421142578125	54768800
2023-03-17	278.260009765625	283.3299865722656	276.32000732421875	279.42999267578125	275.60687255859375	69527400
2023-03-20	276.9800109863281	277.4800109863281	269.8500061035156	272.2300109863281	268.5054016113281	43466600
2023-03-21	274.8800048828125	275.0	269.5199890136719	273.7799987792969	270.0341796875	34558700
2023-03-22	273.3999938964844	281.0400085449219	272.17999267578125	272.2900085449219	268.5645751953125	34873300
2023-03-23	277.94000244140625	281.05999755859375	275.20001220703125	277.6600036621094	273.861083984375	36610900
2023-03-24	277.239990234375	280.6300048828125	275.2799987792969	280.57000732421875	276.7312927246094	28172000
2023-03-27	280.5	281.4599914550781	275.5199890136719	276.3800048828125	272.5986022949219	26840200
2023-03-28	275.7900085449219	276.1400146484375	272.04998779296875	275.2300109863281	271.4643249511719	21878600
2023-03-29	278.9599914550781	281.1400146484375	278.4100036621094	280.510009765625	276.6720886230469	25087000
2023-03-30	284.2300109863281	284.4599914550781	281.4800109863281	284.04998779296875	280.1636657714844	25053400
2023-03-31	283.7300109863281	289.2699890136719	283.0	288.29998779296875	284.3554992675781	32766000
2023-04-03	286.5199890136719	288.2699890136719	283.95001220703125	287.2300109863281	283.3002014160156	24883300
2023-04-04	287.2300109863281	290.45001220703125	285.6700134277344	287.17999267578125	283.2508544921875	25824300
2023-04-05	285.8500061035156	287.1499938964844	282.9200134277344	284.3399963378906	280.4496765136719	22064800
2023-04-06	283.2099914550781	292.0799865722656	282.0299987792969	291.6000061035156	287.6103515625	29770300
2023-04-10	289.2099914550781	289.6000061035156	284.7099914550781	289.3900146484375	285.4305725097656	23103000
2023-04-11	285.75	285.9800109863281	281.6400146484375	282.8299865722656	278.9603271484375	27276600
2023-04-12	284.7900085449219	287.010009765625	281.9599914550781	283.489990234375	279.611328125	27403400
2023-04-13	283.5899963378906	289.8999938964844	283.1700134277344	289.8399963378906	285.8744201660156	24222700
2023-04-14	287.0	288.4800109863281	283.69000244140625	286.1400146484375	282.2250671386719	20987900
2023-04-17	289.92999267578125	291.6000061035156	286.1600036621094	288.79998779296875	284.8486328125	23836200
2023-04-18	291.57000732421875	291.760009765625	287.010009765625	288.3699951171875	284.4245300292969	20161800
2023-04-19	285.989990234375	289.04998779296875	284.5400085449219	288.45001220703125	284.5034484863281	17150300
2023-04-20	285.25	289.0299987792969	285.0799865722656	286.1099853515625	282.1954345703125	23244400
2023-04-21	285.010009765625	286.2699890136719	283.05999755859375	285.760009765625	281.85028076171875	21676400
2023-04-24	282.0899963378906	284.95001220703125	278.7200012207031	281.7699890136719	277.91485595703125	26611000
2023-04-25	279.510009765625	281.6000061035156	275.3699951171875	275.4200134277344	271.6517639160156	45772200
2023-04-26	296.70001220703125	299.57000732421875	292.7300109863281	295.3699951171875	291.3287353515625	64599200
2023-04-27	295.9700012207031	305.20001220703125	295.25	304.8299865722656	300.65936279296875	46462600
2023-04-28	304.010009765625	308.92999267578125	303.30999755859375	307.260009765625	303.0561218261719	36446700
2023-05-01	306.9700012207031	308.6000061035156	305.1499938964844	305.55999755859375	301.37933349609375	21294100
2023-05-02	307.760009765625	309.17999267578125	303.9100036621094	305.4100036621094	301.2314147949219	26404400
2023-05-03	306.6199951171875	308.6099853515625	304.0899963378906	304.3999938964844	300.2352294921875	22360800
2023-05-04	306.239990234375	307.760009765625	303.3999938964844	305.4100036621094	301.2314147949219	22519900
2023-05-05	305.7200012207031	311.9700012207031	304.2699890136719	310.6499938964844	306.39971923828125	28181200
2023-05-08	310.1300048828125	310.20001220703125	306.0899963378906	308.6499938964844	304.4270935058594	21318600
2023-05-09	308.0	310.0400085449219	306.30999755859375	307.0	302.7996826171875	21340800
2023-05-10	308.6199951171875	313.0	307.6700134277344	312.30999755859375	308.0370178222656	30078000
2023-05-11	310.1000061035156	311.1199951171875	306.260009765625	310.1099853515625	305.86712646484375	31680200
2023-05-12	310.54998779296875	310.6499938964844	306.6000061035156	308.9700012207031	304.7427062988281	19758100
2023-05-15	309.1000061035156	309.8999938964844	307.5899963378906	309.4599914550781	305.2259826660156	16336500
2023-05-16	309.8299865722656	313.7099914550781	309.8299865722656	311.739990234375	307.47479248046875	26730300
2023-05-17	312.2900085449219	314.42999267578125	310.739990234375	314.0	310.38092041015625	24315000
2023-05-18	314.5299987792969	319.0400085449219	313.7200012207031	318.5199890136719	314.8487854003906	27276000
2023-05-19	316.739990234375	318.75	316.3699951171875	318.3399963378906	314.6708984375	27529500
2023-05-22	318.6000061035156	322.5899963378906	318.010009765625	321.17999267578125	317.4781799316406	24115700
2023-05-23	320.0299987792969	322.7200012207031	315.25	315.260009765625	311.6263732910156	30797200
2023-05-24	314.7300109863281	316.5	312.6099853515625	313.8500061035156	310.232666015625	23384900
2023-05-25	323.239990234375	326.8999938964844	320.0	325.9200134277344	322.16357421875	43301700
2023-05-26	324.0199890136719	333.3999938964844	323.8800048828125	332.8900146484375	329.05322265625	36630600
2023-05-30	335.2300109863281	335.739990234375	330.5199890136719	331.2099914550781	327.392578125	29503100
2023-05-31	332.2900085449219	335.94000244140625	327.3299865722656	328.3900146484375	324.6050720214844	45950600
2023-06-01	325.92999267578125	333.5299987792969	324.7200012207031	332.5799865722656	328.74676513671875	26773900
2023-06-02	334.25	337.5	332.54998779296875	335.3999938964844	331.5342712402344	25864000
2023-06-05	335.2200012207031	338.55999755859375	334.6600036621094	335.94000244140625	332.06805419921875	21307100
2023-06-06	335.3299865722656	335.3699951171875	332.1700134277344	333.67999267578125	329.8340759277344	20396200
2023-06-07	331.6499938964844	334.489990234375	322.5	323.3800048828125	319.6528015136719	40717100
2023-06-08	323.94000244140625	326.6400146484375	323.3500061035156	325.260009765625	321.5111083984375	23277700
2023-06-09	324.989990234375	329.989990234375	324.4100036621094	326.7900085449219	323.0235290527344	22514900
2023-06-12	328.5799865722656	332.1000061035156	325.1600036621094	331.8500061035156	328.0251770019531	24260300
2023-06-13	334.4700012207031	336.9800109863281	330.3900146484375	334.2900085449219	330.43707275390625	22951300
2023-06-14	334.3399963378906	339.0400085449219	332.80999755859375	337.3399963378906	333.451904296875	26003800
2023-06-15	337.4800109863281	349.8399963378906	337.20001220703125	348.1000061035156	344.0879211425781	38899100
2023-06-16	351.32000732421875	351.4700012207031	341.95001220703125	342.3299865722656	338.3843688964844	46533600
2023-06-20	339.30999755859375	342.0799865722656	335.8599853515625	338.04998779296875	334.1537170410156	26375400
2023-06-21	336.3699951171875	337.7300109863281	332.07000732421875	333.55999755859375	329.7154541015625	25117800
2023-06-22	334.1199951171875	340.1199951171875	333.3399963378906	339.7099914550781	335.7945861816406	23556800
2023-06-23	334.3599853515625	337.9599914550781	333.45001220703125	335.0199890136719	331.15863037109375	23084700
2023-06-26	333.7200012207031	336.1099853515625	328.489990234375	328.6000061035156	324.8126525878906	21520600
2023-06-27	331.8599853515625	336.1499938964844	329.29998779296875	334.57000732421875	330.7138366699219	24354100
2023-06-28	334.6600036621094	337.9800109863281	333.80999755859375	335.8500061035156	331.9791259765625	20259500
2023-06-29	334.7099914550781	336.1099853515625	332.6199951171875	335.04998779296875	331.1883239746094	16997000
2023-06-30	337.75	342.7300109863281	337.20001220703125	340.5400085449219	336.61505126953125	26823800
2023-07-03	339.19000244140625	340.8999938964844	336.57000732421875	337.989990234375	334.09442138671875	12508700
2023-07-05	335.0899963378906	341.6499938964844	334.7300109863281	338.1499938964844	334.2525939941406	18172400
2023-07-06	337.29998779296875	342.989990234375	335.5	341.2699890136719	337.33660888671875	28161200
2023-07-07	339.32000732421875	341.7900085449219	337.0	337.2200012207031	333.33331298828125	21185300
2023-07-10	334.6000061035156	335.2300109863281	327.5899963378906	331.8299865722656	328.0054016113281	32791400
2023-07-11	331.05999755859375	332.8599853515625	327.0	332.4700012207031	328.6380615234375	26698200
2023-07-12	336.6000061035156	341.6499938964844	335.6700134277344	337.20001220703125	333.3135681152344	29995300
2023-07-13	339.55999755859375	343.739990234375	339.0199890136719	342.6600036621094	338.7106018066406	20567200
2023-07-14	347.5899963378906	351.42999267578125	344.30999755859375	345.239990234375	341.2608337402344	28302200
2023-07-17	345.67999267578125	346.989990234375	342.20001220703125	345.7300109863281	341.7452087402344	20363900
2023-07-18	345.8299865722656	366.7799987792969	342.1700134277344	359.489990234375	355.3465576171875	64872700
2023-07-19	361.75	362.4599914550781	352.44000244140625	355.0799865722656	350.98748779296875	39732900
2023-07-20	353.57000732421875	357.9700012207031	345.3699951171875	346.8699951171875	342.8720703125	33778400
2023-07-21	349.1499938964844	350.29998779296875	339.8299865722656	343.7699890136719	339.8077697753906	69368900
2023-07-24	345.8500061035156	346.9200134277344	342.30999755859375	345.1099853515625	341.1323547363281	26678100
2023-07-25	347.1099853515625	351.8900146484375	345.07000732421875	350.9800109863281	346.9347229003906	41637700
2023-07-26	341.44000244140625	344.6700134277344	333.1099853515625	337.7699890136719	333.8769226074219	58383700
2023-07-27	340.4800109863281	341.3299865722656	329.04998779296875	330.7200012207031	326.908203125	39635300
2023-07-28	333.6700134277344	340.010009765625	333.1700134277344	338.3699951171875	334.4700012207031	28484900
2023-07-31	336.9200134277344	337.70001220703125	333.3599853515625	335.9200134277344	332.04827880859375	25446000
2023-08-01	335.19000244140625	338.5400085449219	333.70001220703125	336.3399963378906	332.4634704589844	18311900
2023-08-02	333.6300048828125	333.6300048828125	326.3599853515625	327.5	323.7253112792969	27761300
2023-08-03	326.0	329.8800048828125	325.95001220703125	326.6600036621094	322.8949890136719	18253700
2023-08-04	331.8800048828125	335.1400146484375	327.239990234375	327.7799987792969	324.0021057128906	23727700
2023-08-07	328.3699951171875	331.1099853515625	327.5199890136719	330.1099853515625	326.30523681640625	17741500
2023-08-08	326.9599914550781	328.75	323.0	326.04998779296875	322.2920227050781	22327600
2023-08-09	326.4700012207031	327.1099853515625	321.04998779296875	322.2300109863281	318.5160827636719	22373300
2023-08-10	326.0199890136719	328.260009765625	321.17999267578125	322.92999267578125	319.2079772949219	20113700
2023-08-11	320.260009765625	322.4100036621094	319.2099914550781	321.010009765625	317.31011962890625	24342600
2023-08-14	321.3900146484375	324.05999755859375	320.0799865722656	324.0400085449219	320.3052673339844	18836100
2023-08-15	323.0	325.0899963378906	320.8999938964844	321.8599853515625	318.15032958984375	16966300
2023-08-16	320.79998779296875	324.4200134277344	319.79998779296875	320.3999938964844	317.3777160644531	20698900
2023-08-17	320.5400085449219	321.8699951171875	316.2099914550781	316.8800048828125	313.89093017578125	21257200
2023-08-18	314.489990234375	318.3800048828125	311.54998779296875	316.4800109863281	313.4947204589844	24744800
2023-08-21	317.92999267578125	322.7699890136719	317.0400085449219	321.8800048828125	318.8437194824219	24040000
2023-08-22	325.5	326.0799865722656	321.4599914550781	322.4599914550781	319.4182434082031	16102000
2023-08-23	323.82000732421875	329.20001220703125	323.4599914550781	327.0	323.9154357910156	21166400
2023-08-24	332.8500061035156	332.9800109863281	319.9599914550781	319.9700012207031	316.9517822265625	23281400
2023-08-25	321.4700012207031	325.3599853515625	318.79998779296875	322.9800109863281	319.93341064453125	21684100
2023-08-28	325.6600036621094	326.1499938964844	321.7200012207031	323.70001220703125	320.6465759277344	14808500
2023-08-29	321.8800048828125	328.9800109863281	321.8800048828125	328.4100036621094	325.3121337890625	19284600
2023-08-30	328.6700134277344	329.80999755859375	326.45001220703125	328.7900085449219	325.68853759765625	15222100
2023-08-31	329.20001220703125	330.9100036621094	326.7799987792969	327.760009765625	324.6683044433594	26411000
2023-09-01	331.30999755859375	331.989990234375	326.7799987792969	328.6600036621094	325.5597839355469	14931200
2023-09-05	329.0	334.8500061035156	328.6600036621094	333.54998779296875	330.40362548828125	18553900
2023-09-06	333.3800048828125	334.4599914550781	330.17999267578125	332.8800048828125	329.7399597167969	17535800
2023-09-07	331.2900085449219	333.0799865722656	329.0299987792969	329.9100036621094	326.7980041503906	18381000
2023-09-08	330.0899963378906	336.1600036621094	329.4599914550781	334.2699890136719	331.1168518066406	19530100
2023-09-11	337.239990234375	338.4200134277344	335.42999267578125	337.94000244140625	334.75225830078125	16583300
2023-09-12	335.82000732421875	336.7900085449219	331.4800109863281	331.7699890136719	328.64044189453125	17565500
2023-09-13	331.30999755859375	336.8500061035156	331.1700134277344	336.05999755859375	332.8899841308594	16544400
2023-09-14	339.1499938964844	340.8599853515625	336.57000732421875	338.70001220703125	335.5050964355469	20267000
2023-09-15	336.9200134277344	337.3999938964844	329.6499938964844	330.2200012207031	327.1051025390625	37666900
2023-09-18	327.79998779296875	330.3999938964844	326.3599853515625	329.05999755859375	325.9560241699219	16834200
2023-09-19	326.1700134277344	329.3900146484375	324.510009765625	328.6499938964844	325.5498962402344	16505900
2023-09-20	329.510009765625	329.5899963378906	320.510009765625	320.7699890136719	317.7441711425781	21436500
2023-09-21	319.260009765625	325.3500061035156	315.0	319.5299987792969	316.515869140625	35529500
2023-09-22	321.32000732421875	321.45001220703125	316.1499938964844	317.010009765625	314.0196838378906	21447900
2023-09-25	316.5899963378906	317.6700134277344	315.0	317.5400085449219	314.5447082519531	17836000
2023-09-26	315.1300048828125	315.8800048828125	310.0199890136719	312.1400146484375	309.1955871582031	26297600
2023-09-27	312.29998779296875	314.29998779296875	309.69000244140625	312.7900085449219	309.8394775390625	19410100
2023-09-28	310.989990234375	315.4800109863281	309.45001220703125	313.6400146484375	310.68145751953125	19683600
2023-09-29	317.75	319.4700012207031	314.9800109863281	315.75	312.77154541015625	24140300
2023-10-02	316.2799987792969	321.8900146484375	315.17999267578125	321.79998779296875	318.76446533203125	20570000
2023-10-03	320.8299865722656	321.3900146484375	311.2099914550781	313.3900146484375	310.433837890625	21033500
2023-10-04	314.0299987792969	320.0400085449219	314.0	318.9599914550781	315.9512939453125	20720100
2023-10-05	319.0899963378906	319.9800109863281	314.8999938964844	319.3599853515625	316.34747314453125	16965600
2023-10-06	316.54998779296875	329.19000244140625	316.29998779296875	327.260009765625	324.1729736328125	25645500
2023-10-09	324.75	330.29998779296875	323.17999267578125	329.82000732421875	326.7088317871094	19891200
2023-10-10	330.9599914550781	331.1000061035156	327.6700134277344	328.3900146484375	325.2923889160156	20557100
2023-10-11	331.2099914550781	332.82000732421875	329.1400146484375	332.4200134277344	329.2843322753906	20063200
2023-10-12	330.57000732421875	333.6300048828125	328.7200012207031	331.1600036621094	328.0362243652344	19313100
2023-10-13	332.3800048828125	333.8299865722656	326.3599853515625	327.7300109863281	324.6385498046875	21072400
2023-10-16	331.04998779296875	336.1400146484375	330.6000061035156	332.6400146484375	329.5022277832031	22158000
2023-10-17	329.5899963378906	333.4599914550781	327.4100036621094	332.05999755859375	328.927734375	18338500
2023-10-18	332.489990234375	335.5899963378906	328.29998779296875	330.1099853515625	326.99609375	23153600
2023-10-19	332.1499938964844	336.8800048828125	330.9100036621094	331.32000732421875	328.1946716308594	25052100
2023-10-20	331.7200012207031	331.9200134277344	325.45001220703125	326.6700134277344	323.58856201171875	25012600
2023-10-23	325.4700012207031	332.7300109863281	324.3900146484375	329.32000732421875	326.2135314941406	24374700
2023-10-24	331.29998779296875	331.8399963378906	327.6000061035156	330.5299987792969	327.412109375	31153600
2023-10-25	345.0199890136719	346.20001220703125	337.6199951171875	340.6700134277344	337.4565124511719	55053800
2023-10-26	340.5400085449219	341.6300048828125	326.94000244140625	327.8900146484375	324.79705810546875	37828500
2023-10-27	330.42999267578125	336.7200012207031	328.3999938964844	329.80999755859375	326.698974609375	29856500
2023-10-30	333.4100036621094	339.45001220703125	331.8299865722656	337.30999755859375	334.1282043457031	22828100
2023-10-31	338.8500061035156	339.0	334.69000244140625	338.1099853515625	334.920654296875	20265300
2023-11-01	339.7900085449219	347.4200134277344	339.6499938964844	346.07000732421875	342.8055725097656	28158800
2023-11-02	347.239990234375	348.8299865722656	344.7699890136719	348.32000732421875	345.0343322753906	24348100
2023-11-03	349.6300048828125	354.3900146484375	347.3299865722656	352.79998779296875	349.4720764160156	23624000
2023-11-06	353.45001220703125	357.5400085449219	353.3500061035156	356.5299987792969	353.1668701171875	23828300
2023-11-07	359.3999938964844	362.4599914550781	357.6300048828125	360.5299987792969	357.1291809082031	25833900
2023-11-08	361.67999267578125	363.8699951171875	360.54998779296875	363.20001220703125	359.77398681640625	26767800
2023-11-09	362.29998779296875	364.7900085449219	360.3599853515625	360.69000244140625	357.28765869140625	24847300
2023-11-10	361.489990234375	370.1000061035156	361.07000732421875	369.6700134277344	366.1829528808594	28042100
2023-11-13	368.2200012207031	368.4700012207031	365.8999938964844	366.67999267578125	363.22113037109375	19986500
2023-11-14	371.010009765625	371.95001220703125	367.3500061035156	370.2699890136719	366.7772521972656	27683900
2023-11-15	371.2799987792969	373.1300048828125	367.1099853515625	369.6700134277344	366.9261779785156	26860100
2023-11-16	370.9599914550781	376.3500061035156	370.17999267578125	376.1700134277344	373.3779602050781	27182300
2023-11-17	373.6099853515625	374.3699951171875	367.0	369.8500061035156	367.1048278808594	40157000
2023-11-20	371.2200012207031	378.8699951171875	371.0	377.44000244140625	374.63848876953125	52465100
2023-11-21	375.6700134277344	376.2200012207031	371.1199951171875	373.07000732421875	370.3009338378906	28423100
2023-11-22	378.0	379.7900085449219	374.9700012207031	377.8500061035156	375.0454406738281	23345300
2023-11-24	377.3299865722656	377.9700012207031	375.1400146484375	377.42999267578125	374.6285400390625	10176600
2023-11-27	376.7799987792969	380.6400146484375	376.20001220703125	378.6099853515625	375.7998046875	22179200
2023-11-28	378.3500061035156	383.0	378.1600036621094	382.70001220703125	379.8594970703125	20453100
2023-11-29	383.760009765625	384.29998779296875	377.44000244140625	378.8500061035156	376.03802490234375	28963400
2023-11-30	378.489990234375	380.0899963378906	375.4700012207031	378.9100036621094	376.09759521484375	30554400
2023-12-01	376.760009765625	378.1600036621094	371.30999755859375	374.510009765625	371.7302551269531	33020400
2023-12-04	369.1000061035156	369.5199890136719	362.8999938964844	369.1400146484375	366.4001159667969	32063300
2023-12-05	366.45001220703125	373.0799865722656	365.6199951171875	372.5199890136719	369.7549743652344	23065000
2023-12-06	373.5400085449219	374.17999267578125	368.0299987792969	368.79998779296875	366.0625915527344	21182100
2023-12-07	368.2300109863281	371.45001220703125	366.32000732421875	370.95001220703125	368.1966857910156	23118900
2023-12-08	369.20001220703125	374.4599914550781	368.2300109863281	374.2300109863281	371.4523620605469	20144800
2023-12-11	368.4800109863281	371.6000061035156	366.1000061035156	371.29998779296875	368.5440368652344	27708800
2023-12-12	370.8500061035156	374.4200134277344	370.4599914550781	374.3800048828125	371.6012268066406	24838300
2023-12-13	376.0199890136719	377.6400146484375	370.7699890136719	374.3699951171875	371.59124755859375	30955500
2023-12-14	373.30999755859375	373.760009765625	364.1300048828125	365.92999267578125	363.2138977050781	43277500
2023-12-15	366.8500061035156	372.3999938964844	366.2799987792969	370.7300109863281	367.97833251953125	78478200
2023-12-18	369.45001220703125	373.0	368.67999267578125	372.6499938964844	369.884033203125	21802900
2023-12-19	371.489990234375	373.260009765625	369.8399963378906	373.260009765625	370.4895324707031	20603700
2023-12-20	375.0	376.0299987792969	370.5299987792969	370.6199951171875	367.86907958984375	26316700
2023-12-21	372.55999755859375	374.4100036621094	370.0400085449219	373.5400085449219	370.7674560546875	17708000
2023-12-22	373.67999267578125	375.17999267578125	372.7099914550781	374.5799865722656	371.7997131347656	17091100
2023-12-26	375.0	376.94000244140625	373.5	374.6600036621094	371.8791198730469	12673100
2023-12-27	373.69000244140625	375.05999755859375	372.80999755859375	374.07000732421875	371.29351806640625	14905400
2023-12-28	375.3699951171875	376.4599914550781	374.1600036621094	375.2799987792969	372.4945068359375	14327000
2023-12-29	376.0	377.1600036621094	373.4800109863281	376.0400085449219	373.2488708496094	18723000
2024-01-02	373.8599853515625	375.8999938964844	366.7699890136719	370.8699951171875	368.11724853515625	25258600
2024-01-03	369.010009765625	373.260009765625	368.510009765625	370.6000061035156	367.8492431640625	23083500
2024-01-04	370.6700134277344	373.1000061035156	367.1700134277344	367.94000244140625	365.208984375	20901500
2024-01-05	368.9700012207031	372.05999755859375	366.5	367.75	365.02044677734375	20987000
2024-01-08	369.29998779296875	375.20001220703125	369.010009765625	374.69000244140625	371.9089050292969	23134000
2024-01-09	372.010009765625	375.989990234375	371.19000244140625	375.7900085449219	373.0007629394531	20830000
2024-01-10	376.3699951171875	384.1700134277344	376.32000732421875	382.7699890136719	379.9289245605469	25514200
2024-01-11	386.0	390.67999267578125	380.3800048828125	384.6300048828125	381.7751159667969	27850800
2024-01-12	385.489990234375	388.67999267578125	384.6499938964844	388.4700012207031	385.5866394042969	21645700
2024-01-16	393.6600036621094	394.0299987792969	387.6199951171875	390.2699890136719	387.3732604980469	27202300
2024-01-17	387.9800109863281	390.1099853515625	384.80999755859375	389.4700012207031	386.5791931152344	22234100
2024-01-18	391.7200012207031	393.989990234375	390.1199951171875	393.8699951171875	390.946533203125	23392100
2024-01-19	395.760009765625	398.6700134277344	393.5	398.6700134277344	395.7109680175781	29272000
2024-01-22	400.0199890136719	400.6199951171875	393.5899963378906	396.510009765625	393.5669250488281	27016900
2024-01-23	395.75	399.3800048828125	393.92999267578125	398.8999938964844	395.939208984375	20525900
2024-01-24	401.5400085449219	405.6300048828125	400.45001220703125	402.55999755859375	399.572021484375	24867000
2024-01-25	404.32000732421875	407.010009765625	402.5299987792969	404.8699951171875	401.86492919921875	21021200
2024-01-26	404.3699951171875	406.1700134277344	402.42999267578125	403.92999267578125	400.931884765625	17803300
2024-01-29	406.05999755859375	409.9800109863281	404.3299865722656	409.7200012207031	406.67889404296875	24510200
2024-01-30	412.260009765625	413.04998779296875	406.45001220703125	408.5899963378906	405.5572814941406	33477600
2024-01-31	406.9599914550781	415.32000732421875	397.2099914550781	397.5799865722656	394.6290283203125	47871100
2024-02-01	401.8299865722656	408.0	401.79998779296875	403.7799987792969	400.78302001953125	30657700
2024-02-02	403.80999755859375	412.6499938964844	403.55999755859375	411.2200012207031	408.16778564453125	28245000
2024-02-05	409.8999938964844	411.1600036621094	403.989990234375	405.6499938964844	402.6391296386719	25352300
2024-02-06	405.8800048828125	407.9700012207031	402.9100036621094	405.489990234375	402.48028564453125	18382600
2024-02-07	407.44000244140625	414.29998779296875	407.3999938964844	414.04998779296875	410.9767150878906	22340500
2024-02-08	414.04998779296875	415.55999755859375	412.5299987792969	414.1099853515625	411.03631591796875	21225300
2024-02-09	415.25	420.82000732421875	415.0899963378906	420.54998779296875	417.4284973144531	22032800
2024-02-12	420.55999755859375	420.739990234375	414.75	415.260009765625	412.1777648925781	21202900
2024-02-13	404.94000244140625	410.07000732421875	403.3900146484375	406.32000732421875	403.30413818359375	27824900
2024-02-14	408.07000732421875	409.8399963378906	404.57000732421875	409.489990234375	407.2022399902344	20401200
2024-02-15	408.1400146484375	409.1300048828125	404.2900085449219	406.55999755859375	404.2886047363281	21825500
2024-02-16	407.9599914550781	408.2900085449219	403.44000244140625	404.05999755859375	401.8025817871094	22281100
2024-02-20	403.239990234375	404.489990234375	398.010009765625	402.7900085449219	400.5396728515625	24307900
2024-02-21	400.1700134277344	402.2900085449219	397.2200012207031	402.17999267578125	399.9330749511719	18631100
2024-02-22	410.19000244140625	412.8299865722656	408.57000732421875	411.6499938964844	409.3501892089844	27009900
2024-02-23	415.6700134277344	415.8599853515625	408.9700012207031	410.3399963378906	408.0475158691406	16295900
2024-02-26	411.4599914550781	412.1600036621094	407.3599853515625	407.5400085449219	405.26312255859375	16193500
2024-02-27	407.989990234375	408.32000732421875	403.8500061035156	407.4800109863281	405.2034912109375	14835800
2024-02-28	408.17999267578125	409.29998779296875	405.32000732421875	407.7200012207031	405.442138671875	13183100
2024-02-29	408.6400146484375	414.20001220703125	405.9200134277344	413.6400146484375	411.3291015625	31947300
2024-03-01	411.2699890136719	415.8699951171875	410.8800048828125	415.5	413.17864990234375	17800300
2024-03-04	413.44000244140625	417.3500061035156	412.32000732421875	414.9200134277344	412.6018981933594	17596000
2024-03-05	413.9599914550781	414.25	400.6400146484375	402.6499938964844	400.40045166015625	26919200
2024-03-06	402.9700012207031	405.1600036621094	398.3900146484375	402.0899963378906	399.84356689453125	22344100
2024-03-07	406.1199951171875	409.7799987792969	402.239990234375	409.1400146484375	406.85418701171875	18718500
2024-03-08	407.9599914550781	410.4200134277344	404.3299865722656	406.2200012207031	403.95050048828125	17971700
2024-03-11	403.760009765625	405.67999267578125	401.260009765625	404.5199890136719	402.260009765625	16120800
2024-03-12	407.6199951171875	415.57000732421875	406.7900085449219	415.2799987792969	412.9598693847656	22457000
2024-03-13	418.1000061035156	418.17999267578125	411.45001220703125	415.1000061035156	412.7809143066406	17115900
2024-03-14	420.239990234375	427.82000732421875	417.989990234375	425.2200012207031	422.8443603515625	34157300
2024-03-15	419.2900085449219	422.6000061035156	412.7900085449219	416.4200134277344	414.0935363769531	45049800
2024-03-18	414.25	420.7300109863281	413.7799987792969	417.32000732421875	414.9884948730469	20106000
2024-03-19	417.8299865722656	421.6700134277344	415.54998779296875	421.4100036621094	419.0556335449219	19837900
2024-03-20	422.0	425.9599914550781	420.6600036621094	425.2300109863281	422.85430908203125	17860100
2024-03-21	429.8299865722656	430.82000732421875	427.1600036621094	429.3699951171875	426.9711608886719	21296200
2024-03-22	429.70001220703125	429.8599853515625	426.07000732421875	428.739990234375	426.34466552734375	17636500
2024-03-25	425.239990234375	427.4100036621094	421.6099853515625	422.8599853515625	420.4975280761719	18060500
2024-03-26	425.6099853515625	425.989990234375	421.3500061035156	421.6499938964844	419.2942810058594	16725600
2024-03-27	424.44000244140625	424.45001220703125	419.010009765625	421.42999267578125	419.0755310058594	16705000
2024-03-28	420.9599914550781	421.8699951171875	419.1199951171875	420.7200012207031	418.3694763183594	21871200
2024-04-01	423.95001220703125	427.8900146484375	422.2200012207031	424.57000732421875	422.1979675292969	16316000
2024-04-02	420.1099853515625	422.3800048828125	417.8399963378906	421.44000244140625	419.0854797363281	17912000
2024-04-03	419.7300109863281	423.260009765625	419.0899963378906	420.45001220703125	418.10101318359375	16502300
2024-04-04	424.989990234375	428.6700134277344	417.57000732421875	417.8800048828125	415.54534912109375	19370900
2024-04-05	420.010009765625	426.510009765625	418.32000732421875	425.5199890136719	423.1426696777344	16544300
2024-04-08	425.1700134277344	427.2799987792969	423.29998779296875	424.5899963378906	422.2178649902344	14272400
2024-04-09	426.44000244140625	427.739990234375	421.6199951171875	426.2799987792969	423.8984375	12512300
2024-04-10	422.19000244140625	424.0299987792969	419.70001220703125	423.260009765625	420.89532470703125	16216600
2024-04-11	425.82000732421875	429.3699951171875	422.3599853515625	427.92999267578125	425.5392150878906	17966400
2024-04-12	424.04998779296875	425.17999267578125	419.7699890136719	421.8999938964844	419.54290771484375	19232100
2024-04-15	426.6000061035156	426.82000732421875	413.42999267578125	413.6400146484375	411.3291015625	20273500
2024-04-16	414.57000732421875	418.3999938964844	413.7300109863281	414.5799865722656	412.2637634277344	16765600
2024-04-17	417.25	418.8800048828125	410.3299865722656	411.8399963378906	409.5390625	15855500
2024-04-18	410.6300048828125	411.8900146484375	403.95001220703125	404.2699890136719	402.0113830566406	21029900
2024-04-19	404.0299987792969	405.4800109863281	397.7699890136719	399.1199951171875	396.8901672363281	30276500
2024-04-22	400.0799865722656	402.8500061035156	395.75	400.9599914550781	398.71990966796875	20286900
2024-04-23	404.239990234375	408.20001220703125	403.05999755859375	407.57000732421875	405.29296875	15734500
2024-04-24	409.55999755859375	412.4700012207031	406.7799987792969	409.05999755859375	406.7746276855469	15065300
2024-04-25	394.0299987792969	399.8900146484375	388.0299987792969	399.0400085449219	396.8106384277344	40586500
2024-04-26	412.1700134277344	413.0	405.760009765625	406.32000732421875	404.0499572753906	29694700
2024-04-29	405.25	406.32000732421875	399.19000244140625	402.25	400.002685546875	19582100
2024-04-30	401.489990234375	402.1600036621094	389.1700134277344	389.3299865722656	387.15484619140625	28781400
2024-05-01	392.6099853515625	401.7200012207031	390.30999755859375	394.94000244140625	392.7335510253906	23562500
2024-05-02	397.6600036621094	399.92999267578125	394.6499938964844	397.8399963378906	395.6173095703125	17709400
2024-05-03	402.2799987792969	407.1499938964844	401.8599853515625	406.6600036621094	404.3880310058594	17446700
2024-05-06	408.760009765625	413.92999267578125	406.3699951171875	413.5400085449219	411.2295837402344	16996600
2024-05-07	414.6600036621094	414.6700134277344	409.0899963378906	409.3399963378906	407.0530700683594	20018200
2024-05-08	408.1700134277344	412.2300109863281	406.7099914550781	410.5400085449219	408.2463684082031	11792300
2024-05-09	410.57000732421875	412.7200012207031	409.1000061035156	412.32000732421875	410.01641845703125	14689700
2024-05-10	412.94000244140625	415.3800048828125	411.79998779296875	414.739990234375	412.42291259765625	13402300
2024-05-13	418.010009765625	418.3500061035156	410.82000732421875	413.7200012207031	411.4085998535156	15440200
2024-05-14	412.0199890136719	417.489990234375	411.54998779296875	416.55999755859375	414.23272705078125	15109300
2024-05-15	417.8999938964844	423.80999755859375	417.2699890136719	423.0799865722656	421.47515869140625	22239500
2024-05-16	421.79998779296875	425.4200134277344	420.3500061035156	420.989990234375	419.39306640625	17530100
2024-05-17	422.5400085449219	422.9200134277344	418.0299987792969	420.2099914550781	418.61602783203125	15352200
2024-05-20	420.2099914550781	426.7699890136719	419.989990234375	425.3399963378906	423.7265930175781	16272100
2024-05-21	426.8299865722656	432.9700012207031	424.8500061035156	429.0400085449219	427.41253662109375	21453300
2024-05-22	430.0899963378906	432.4100036621094	427.1300048828125	430.5199890136719	428.8869323730469	18073700
2024-05-23	432.9700012207031	433.6000061035156	425.4200134277344	427.0	425.3802795410156	17211700
2024-05-24	427.19000244140625	431.05999755859375	424.4100036621094	430.1600036621094	428.5283203125	11845800
2024-05-28	429.6300048828125	430.82000732421875	426.6000061035156	430.32000732421875	428.6877136230469	15718000
2024-05-29	425.69000244140625	430.94000244140625	425.69000244140625	429.1700134277344	427.5420837402344	15517100
2024-05-30	424.29998779296875	424.29998779296875	414.239990234375	414.6700134277344	413.0970764160156	28424800
2024-05-31	416.75	416.75	404.510009765625	415.1300048828125	413.5553283691406	47995300
2024-06-03	415.5299987792969	416.42999267578125	408.9200134277344	413.5199890136719	411.951416015625	17484700
2024-06-04	412.42999267578125	416.44000244140625	409.67999267578125	416.07000732421875	414.49176025390625	14348900
2024-06-05	417.80999755859375	424.0799865722656	416.29998779296875	424.010009765625	422.4016418457031	16988000
2024-06-06	424.010009765625	425.30999755859375	420.5799865722656	424.5199890136719	422.90966796875	14861300
2024-06-07	426.20001220703125	426.2799987792969	423.0	423.8500061035156	422.24224853515625	13621700
2024-06-10	424.70001220703125	428.0799865722656	423.8900146484375	427.8699951171875	426.2469787597656	14003000
2024-06-11	425.4800109863281	432.82000732421875	425.25	432.67999267578125	431.0387268066406	14551100
2024-06-12	435.32000732421875	443.3999938964844	433.25	441.05999755859375	439.386962890625	22366200
2024-06-13	440.8500061035156	443.3900146484375	439.3699951171875	441.5799865722656	439.9049987792969	15960600
2024-06-14	438.2799987792969	443.1400146484375	436.7200012207031	442.57000732421875	440.8912353515625	13582000
2024-06-17	442.5899963378906	450.94000244140625	440.7200012207031	448.3699951171875	446.6692199707031	20790000
2024-06-18	449.7099914550781	450.1400146484375	444.8900146484375	446.3399963378906	444.6469421386719	17112500
2024-06-20	446.29998779296875	446.5299987792969	441.2699890136719	445.70001220703125	444.0093688964844	19877400
2024-06-21	447.3800048828125	450.5799865722656	446.510009765625	449.7799987792969	448.0738830566406	34486200
2024-06-24	449.79998779296875	452.75	446.4100036621094	447.6700134277344	445.9718933105469	15913700
2024-06-25	448.25	451.4200134277344	446.75	450.95001220703125	449.23944091796875	16747500
2024-06-26	449.0	453.6000061035156	448.19000244140625	452.1600036621094	450.4448547363281	16507000
2024-06-27	452.17999267578125	456.1700134277344	451.7699890136719	452.8500061035156	451.13226318359375	14806300
2024-06-28	453.07000732421875	455.3800048828125	446.4100036621094	446.95001220703125	445.254638671875	28362300
2024-07-01	448.6600036621094	457.3699951171875	445.6600036621094	456.7300109863281	454.9975280761719	17662800
2024-07-02	453.20001220703125	459.5899963378906	453.1099853515625	459.2799987792969	457.537841796875	13979800
2024-07-03	458.19000244140625	461.0199890136719	457.8800048828125	460.7699890136719	459.0221862792969	9932800
2024-07-05	459.6099853515625	468.3500061035156	458.9700012207031	467.55999755859375	465.78643798828125	16000300
2024-07-08	466.54998779296875	467.70001220703125	464.4599914550781	466.239990234375	464.471435546875	12962300
2024-07-09	467.0	467.3299865722656	458.0	459.5400085449219	457.796875	17207200
2024-07-10	461.2200012207031	466.4599914550781	458.8599853515625	466.25	464.4814147949219	18196100
2024-07-11	462.9800109863281	464.7799987792969	451.54998779296875	454.70001220703125	452.9752502441406	23111200
2024-07-12	454.3299865722656	456.3599853515625	450.6499938964844	453.54998779296875	451.8295593261719	16324300
2024-07-15	453.29998779296875	457.260009765625	451.42999267578125	453.9599914550781	452.2380065917969	14429400
2024-07-16	454.2200012207031	454.29998779296875	446.6600036621094	449.5199890136719	447.8148498535156	17175700
2024-07-17	442.5899963378906	444.8500061035156	439.17999267578125	443.5199890136719	441.8376159667969	21778000
2024-07-18	444.3399963378906	444.6499938964844	434.3999938964844	440.3699951171875	438.6995849609375	20794800
2024-07-19	433.1000061035156	441.1400146484375	432.0	437.1099853515625	435.4519348144531	20940400
2024-07-22	441.7900085449219	444.6000061035156	438.9100036621094	442.94000244140625	441.2598571777344	15808800
2024-07-23	443.8999938964844	448.3900146484375	443.1000061035156	444.8500061035156	443.16259765625	13107100
2024-07-24	440.45001220703125	441.4800109863281	427.5899963378906	428.8999938964844	427.2731018066406	26805800
2024-07-25	428.79998779296875	429.79998779296875	417.510009765625	418.3999938964844	416.8128967285156	29943800
2024-07-26	418.20001220703125	428.9200134277344	417.2699890136719	425.2699890136719	423.6568298339844	23583800
2024-07-29	431.5799865722656	432.1499938964844	424.70001220703125	426.7300109863281	425.111328125	15125800
2024-07-30	427.7200012207031	429.04998779296875	417.3599853515625	422.9200134277344	421.3157958984375	32687600
2024-07-31	420.5	421.7799987792969	412.2099914550781	418.3500061035156	416.7630920410156	42891400
2024-08-01	420.7900085449219	427.4599914550781	413.0899963378906	417.1099853515625	415.52777099609375	30296400
2024-08-02	412.489990234375	415.0	404.3399963378906	408.489990234375	406.9405212402344	29437900
2024-08-05	389.1700134277344	401.0400085449219	385.5799865722656	395.1499938964844	393.6510925292969	40709200
2024-08-06	400.0	405.6700134277344	398.5	399.6099853515625	398.09417724609375	24946500
2024-08-07	408.6400146484375	410.0799865722656	397.4700012207031	398.42999267578125	396.91864013671875	20650900
2024-08-08	402.44000244140625	405.8599853515625	399.94000244140625	402.69000244140625	401.1625061035156	20203000
2024-08-09	404.0299987792969	408.04998779296875	402.260009765625	406.0199890136719	404.4798583984375	19276700
2024-08-12	407.05999755859375	408.760009765625	404.239990234375	406.80999755859375	405.2668762207031	16762900
2024-08-13	409.5899963378906	414.95001220703125	409.57000732421875	414.010009765625	412.4395751953125	19414300
2024-08-14	414.79998779296875	417.7200012207031	412.45001220703125	416.8599853515625	415.27874755859375	18267000
2024-08-15	419.79998779296875	421.1099853515625	417.6600036621094	421.0299987792969	420.1889343261719	20752100
2024-08-16	420.6000061035156	421.3399963378906	417.29998779296875	418.4700012207031	417.634033203125	22775600
2024-08-19	418.9599914550781	421.75	416.4599914550781	421.5299987792969	420.68792724609375	15234000
2024-08-20	421.70001220703125	425.8599853515625	421.6400146484375	424.79998779296875	423.9513854980469	16387600
2024-08-21	424.0799865722656	426.3999938964844	421.7200012207031	424.1400146484375	423.292724609375	16067300
2024-08-22	424.3599853515625	426.7900085449219	414.6099853515625	415.54998779296875	414.7198791503906	19361900
2024-08-23	416.9800109863281	419.260009765625	412.0899963378906	416.7900085449219	415.9573974609375	18493800
2024-08-26	416.3699951171875	417.2799987792969	411.3399963378906	413.489990234375	412.6639709472656	13152800
2024-08-27	412.8599853515625	414.3599853515625	410.25	413.8399963378906	413.0132751464844	13492900
2024-08-28	414.8800048828125	415.0	407.30999755859375	410.6000061035156	409.77978515625	14882700
2024-08-29	414.94000244140625	422.04998779296875	410.6000061035156	413.1199951171875	412.29473876953125	17045200
2024-08-30	415.6000061035156	417.489990234375	412.1300048828125	417.1400146484375	416.30670166015625	24308300
2024-09-03	417.9100036621094	419.8800048828125	407.0299987792969	409.44000244140625	408.6220703125	20313600
2024-09-04	405.9100036621094	411.239990234375	404.3699951171875	408.8999938964844	408.0831604003906	15135800
2024-09-05	407.6199951171875	413.1000061035156	406.1300048828125	408.3900146484375	407.5741882324219	14195500
2024-09-06	409.05999755859375	410.6499938964844	400.79998779296875	401.70001220703125	400.8975524902344	19609500
2024-09-09	407.239990234375	408.6499938964844	402.1499938964844	405.7200012207031	404.9095153808594	15295100
2024-09-10	408.20001220703125	416.3299865722656	407.70001220703125	414.20001220703125	413.3725891113281	19594300
2024-09-11	415.5	423.989990234375	409.5799865722656	423.0400085449219	422.1949157714844	19266900
2024-09-12	423.30999755859375	427.3699951171875	419.75	427.0	426.1470031738281	17418800
2024-09-13	425.8299865722656	431.8299865722656	425.4599914550781	430.5899963378906	429.7298278808594	15874600
2024-09-16	430.6000061035156	433.5299987792969	428.2200012207031	431.3399963378906	430.47833251953125	13834700
2024-09-17	440.2300109863281	441.8500061035156	432.2699890136719	435.1499938964844	434.2807312011719	18874200
2024-09-18	435.0	436.0299987792969	430.4100036621094	430.80999755859375	429.94940185546875	18898000
2024-09-19	441.2300109863281	441.5	436.8999938964844	438.69000244140625	437.81365966796875	21706600
2024-09-20	437.2200012207031	439.239990234375	434.2200012207031	435.2699890136719	434.4004821777344	55167100
2024-09-23	434.2799987792969	436.4599914550781	430.3900146484375	433.510009765625	432.6440124511719	15128900
2024-09-24	433.0	433.3500061035156	426.1000061035156	429.1700134277344	428.31268310546875	17015800
2024-09-25	429.8299865722656	433.1199951171875	428.57000732421875	432.1099853515625	431.2467956542969	13396400
2024-09-26	435.0899963378906	435.29998779296875	429.1300048828125	431.30999755859375	430.4483947753906	14492000
2024-09-27	431.5199890136719	431.8500061035156	427.4700012207031	428.0199890136719	427.1649475097656	14896100
2024-09-30	428.2099914550781	430.4200134277344	425.3699951171875	430.29998779296875	429.4403991699219	16807300
2024-10-01	428.45001220703125	428.4800109863281	418.80999755859375	420.69000244140625	419.849609375	19092900
2024-10-02	422.5799865722656	422.82000732421875	416.7099914550781	417.1300048828125	416.2967224121094	16582300
2024-10-03	417.6300048828125	419.54998779296875	414.2900085449219	416.5400085449219	415.7079162597656	13686400
2024-10-04	418.239990234375	419.75	414.9700012207031	416.05999755859375	415.2288513183594	19169700
2024-10-07	416.0	417.1099853515625	409.0	409.5400085449219	408.7218933105469	20919800
2024-10-08	410.8999938964844	415.6600036621094	408.1700134277344	414.7099914550781	413.8815612792969	19229300
2024-10-09	415.8599853515625	420.3800048828125	414.29998779296875	417.4599914550781	416.62603759765625	14974300
2024-10-10	415.2300109863281	417.3500061035156	413.1499938964844	415.8399963378906	415.0093078613281	13848400
2024-10-11	416.1400146484375	417.1300048828125	413.25	416.32000732421875	415.48834228515625	14144900
2024-10-14	417.7699890136719	424.0400085449219	417.5199890136719	419.1400146484375	418.302734375	16653100
2024-10-15	422.17999267578125	422.4800109863281	415.260009765625	418.739990234375	417.90350341796875	18900200
2024-10-16	415.1700134277344	416.3599853515625	410.4800109863281	416.1199951171875	415.2887268066406	15508900
2024-10-17	422.3599853515625	422.5	415.5899963378906	416.7200012207031	415.8875427246094	14820000
2024-10-18	417.1400146484375	419.6499938964844	416.260009765625	418.1600036621094	417.3246765136719	17145300
2024-10-21	416.1199951171875	418.9599914550781	413.75	418.7799987792969	417.94342041015625	14206100
2024-10-22	418.489990234375	430.5799865722656	418.0400085449219	427.510009765625	426.656005859375	25482200
2024-10-23	430.8599853515625	431.0799865722656	422.5299987792969	424.6000061035156	423.7518005371094	19654400
2024-10-24	425.3299865722656	425.9800109863281	422.3999938964844	424.7300109863281	423.8815612792969	13581600
2024-10-25	426.760009765625	432.5199890136719	426.57000732421875	428.1499938964844	427.2947082519531	16899100
2024-10-28	431.6600036621094	431.94000244140625	426.29998779296875	426.5899963378906	425.7378234863281	14882400
2024-10-29	428.0	433.1700134277344	425.79998779296875	431.95001220703125	431.0871276855469	17644100
2024-10-30	437.44000244140625	438.5	432.1000061035156	432.5299987792969	431.66595458984375	29749100
2024-10-31	415.3599853515625	416.1600036621094	406.29998779296875	406.3500061035156	405.53826904296875	53971000
2024-11-01	409.010009765625	415.5	407.5	410.3699951171875	409.55023193359375	24230400
2024-11-04	409.79998779296875	410.4200134277344	405.57000732421875	408.4599914550781	407.64404296875	19672300
2024-11-05	408.3699951171875	414.8999938964844	408.0799865722656	411.4599914550781	410.6380310058594	17626000
2024-11-06	412.4200134277344	420.45001220703125	410.5199890136719	420.17999267578125	419.3406066894531	26681800
2024-11-07	421.2799987792969	426.8500061035156	419.8800048828125	425.42999267578125	424.58013916015625	19901800
2024-11-08	425.32000732421875	426.5	421.7799987792969	422.5400085449219	421.6959228515625	16891400
2024-11-11	422.5199890136719	424.80999755859375	416.0	418.010009765625	417.1749572753906	24503300
2024-11-12	418.25	424.44000244140625	417.20001220703125	423.0299987792969	422.1849365234375	19401200
2024-11-13	421.6400146484375	429.3299865722656	418.2099914550781	425.20001220703125	424.3506164550781	21502200
2024-11-14	425.0	428.1700134277344	420.0	426.8900146484375	426.0372314453125	30246900
2024-11-15	419.82000732421875	422.79998779296875	413.6400146484375	415.0	414.1709899902344	28247600
2024-11-18	414.8699951171875	418.3999938964844	412.1000061035156	415.760009765625	414.9294738769531	24742000
2024-11-19	413.1099853515625	417.94000244140625	411.54998779296875	417.7900085449219	416.9554138183594	18133500
2024-11-20	416.8699951171875	417.2900085449219	410.5799865722656	415.489990234375	414.65997314453125	19191700
2024-11-21	419.5	419.7799987792969	410.2900085449219	412.8699951171875	412.8699951171875	20780200
2024-11-22	411.3699951171875	417.3999938964844	411.05999755859375	417.0	417.0	24814600
2024-11-25	418.3800048828125	421.0799865722656	414.8500061035156	418.7900085449219	418.7900085449219	27691100
2024-11-26	419.5899963378906	429.0400085449219	418.8500061035156	427.989990234375	427.989990234375	23458900
2024-11-27	425.1099853515625	427.2300109863281	422.0199890136719	422.989990234375	422.989990234375	18332400
2024-11-29	420.0899963378906	424.8800048828125	417.79998779296875	423.4599914550781	423.4599914550781	16271900
2024-12-02	421.57000732421875	433.0	421.30999755859375	430.9800109863281	430.9800109863281	20207200
2024-12-03	429.8399963378906	432.4700012207031	427.739990234375	431.20001220703125	431.20001220703125	18302000
2024-12-04	433.0299987792969	439.6700134277344	432.6300048828125	437.4200134277344	437.4200134277344	26009400
2024-12-05	437.9200134277344	444.6600036621094	436.1700134277344	442.6199951171875	442.6199951171875	21697800
2024-12-06	442.29998779296875	446.1000061035156	441.7699890136719	443.57000732421875	443.57000732421875	18821000
2024-12-09	442.6000061035156	448.3299865722656	440.5	446.0199890136719	446.0199890136719	19144400
2024-12-10	444.3900146484375	449.6199951171875	441.6000061035156	443.3299865722656	443.3299865722656	18469500
2024-12-11	444.04998779296875	450.3500061035156	444.04998779296875	448.989990234375	448.989990234375	19200200
2024-12-12	449.1099853515625	456.1600036621094	449.1099853515625	449.55999755859375	449.55999755859375	20834800
2024-12-13	448.44000244140625	451.42999267578125	445.5799865722656	447.2699890136719	447.2699890136719	20177800
2024-12-16	447.2699890136719	452.17999267578125	445.2799987792969	451.5899963378906	451.5899963378906	23598800
2024-12-17	451.010009765625	455.2900085449219	449.57000732421875	454.4599914550781	454.4599914550781	22733500
2024-12-18	451.32000732421875	452.6499938964844	437.0199890136719	437.3900146484375	437.3900146484375	24444500
2024-12-19	441.6199951171875	443.17999267578125	436.32000732421875	437.0299987792969	437.0299987792969	22963700
2024-12-20	433.1099853515625	443.739990234375	428.6300048828125	436.6000061035156	436.6000061035156	64263700
2024-12-23	436.739990234375	437.6499938964844	432.8299865722656	435.25	435.25	19152500
2024-12-24	434.6499938964844	439.6000061035156	434.19000244140625	439.3299865722656	439.3299865722656	7164500
2024-12-26	439.0799865722656	440.94000244140625	436.6300048828125	438.1099853515625	438.1099853515625	8194200
2024-12-27	434.6000061035156	435.2200012207031	426.3500061035156	430.5299987792969	430.5299987792969	18117700
2024-12-30	426.05999755859375	427.54998779296875	421.8999938964844	424.8299865722656	424.8299865722656	13158700
2024-12-31	426.1000061035156	426.7300109863281	420.6600036621094	421.5	421.5	13246500
2025-01-02	425.5299987792969	426.07000732421875	414.8500061035156	418.5799865722656	418.5799865722656	16896500
2025-01-03	421.0799865722656	424.0299987792969	419.5400085449219	423.3500061035156	423.3500061035156	16662900
2025-01-06	428.0	434.32000732421875	425.4800109863281	427.8500061035156	427.8500061035156	20573600
2025-01-07	429.0	430.6499938964844	420.79998779296875	422.3699951171875	422.3699951171875	18139100
2025-01-08	423.4599914550781	426.9700012207031	421.5400085449219	424.55999755859375	424.55999755859375	15054600
2025-01-10	424.6300048828125	424.7099914550781	415.0199890136719	418.95001220703125	418.95001220703125	20201100
2025-01-13	415.239990234375	418.5	412.2900085449219	417.19000244140625	417.19000244140625	17604800
2025-01-14	417.80999755859375	419.739990234375	410.7200012207031	415.6700134277344	415.6700134277344	16935900
2025-01-15	419.1300048828125	428.1499938964844	418.2699890136719	426.30999755859375	426.30999755859375	19637800
2025-01-16	428.70001220703125	429.489990234375	424.3900146484375	424.5799865722656	424.5799865722656	15300000
2025-01-17	434.0899963378906	434.4800109863281	428.1700134277344	429.0299987792969	429.0299987792969	26148000
