Date	Open	High	Low	Close	Adj Close	Volume
2022-01-21	23.506999969482422	24.822999954223633	23.26300048828125	23.374000549316406	23.33519172668457	718958000
2022-01-24	22.329999923706055	23.3799991607666	20.88800048828125	23.371999740600586	23.33319091796875	913982000
2022-01-25	22.54599952697754	22.94300079345703	22.0	22.323999404907227	22.28693389892578	664616000
2022-01-26	23.239999771118164	24.05699920654297	22.299999237060547	22.77199935913086	22.734193801879883	755959000
2022-01-27	23.56800079345703	23.9950008392334	21.674999237060547	21.944000244140625	21.907567977905273	573353000
2022-01-28	22.011999130249023	22.857999801635742	21.29599952697754	22.84000015258789	22.80207633972168	543774000
2022-01-31	23.18199920654297	24.509000778198242	23.052000045776367	24.486000061035156	24.44534683227539	564680000
2022-02-01	25.104000091552734	25.145000457763672	23.889999389648438	24.63800048828125	24.597091674804688	518925000
2022-02-02	25.79400062561035	25.816999435424805	24.55299949645996	25.242000579833984	25.200088500976562	543419000
2022-02-03	24.45800018310547	25.07699966430664	23.780000686645508	23.947999954223633	23.908235549926758	410178000
2022-02-04	23.972000122070312	24.635000228881836	23.631999969482422	24.319000244140625	24.27861976623535	354829000
2022-02-07	24.371999740600586	25.18199920654297	24.20199966430664	24.72800064086914	24.68694496154785	376868000
2022-02-08	24.358999252319336	25.229999542236328	23.979999542236328	25.107999801635742	25.066308975219727	410359000
2022-02-09	25.621999740600586	26.725000381469727	25.35300064086914	26.704999923706055	26.660661697387695	524282000
2022-02-10	25.9950008392334	26.924999237060547	25.600000381469727	25.823999404907227	25.7811222076416	513200000
2022-02-11	25.916000366210938	26.152000427246094	23.773000717163086	23.948999404907227	23.90923500061035	605472000
2022-02-14	23.93400001525879	24.875	23.7549991607666	24.267000198364258	24.226707458496094	440424000
2022-02-15	24.948999404907227	26.545000076293945	24.784000396728516	26.4950008392334	26.451004028320312	699869000
2022-02-16	26.259000778198242	26.582000732421875	25.552000045776367	26.51099967956543	26.466981887817383	732676000
2022-02-17	25.6299991607666	25.78499984741211	24.165000915527344	24.506999969482422	24.46630859375	810595000
2022-02-18	24.667999267578125	24.986000061035156	23.100000381469727	23.642000198364258	23.60274314880371	761255000
2022-02-22	23.03499984741211	24.06399917602539	23.0	23.389999389648438	23.35116195678711	633422000
2022-02-23	23.802000045776367	24.155000686645508	22.301000595092773	22.386999130249023	22.34982681274414	566511000
2022-02-24	21.014999389648438	23.799999237060547	20.889999389648438	23.74799919128418	23.708568572998047	735801000
2022-02-25	23.72100067138672	24.216999053955078	23.381000518798828	24.156999588012695	24.11688995361328	528866000
2022-02-28	23.992000579833984	24.665000915527344	23.707000732421875	24.385000228881836	24.344512939453125	477319000
2022-03-01	24.291000366210938	24.37700080871582	23.131999969482422	23.476999282836914	23.43801498413086	412056000
2022-03-02	23.756000518798828	24.409000396728516	23.415000915527344	24.219999313354492	24.183902740478516	389642000
2022-03-03	24.261999130249023	24.326000213623047	23.4689998626709	23.714000701904297	23.678659439086914	365095000
2022-03-04	23.384000778198242	23.68000030517578	22.48200035095215	22.93600082397461	22.901823043823242	431415000
2022-03-07	22.816999435424805	23.033000946044922	21.329999923706055	21.351999282836914	21.320180892944336	450821000
2022-03-08	21.30900001525879	22.37299919128418	20.649999618530273	21.513999938964844	21.4819393157959	557467000
2022-03-09	22.386999130249023	23.219999313354492	22.246999740600586	23.013999938964844	22.979705810546875	492742000
2022-03-10	22.5310001373291	22.788000106811523	21.881999969482422	22.658000946044922	22.62423324584961	428066000
2022-03-11	23.02199935913086	23.145000457763672	22.04599952697754	22.100000381469727	22.067066192626953	367209000
2022-03-14	21.868999481201172	22.261999130249023	21.159000396728516	21.329999923706055	21.2982120513916	385354000
2022-03-15	21.51799964904785	23.038000106811523	21.32200050354004	22.972999572753906	22.938762664794922	491996000
2022-03-16	23.5	24.597000122070312	23.172000885009766	24.496000289916992	24.459491729736328	671422000
2022-03-17	24.1200008392334	24.841999053955078	23.9060001373291	24.766000747680664	24.729097366333008	471941000
2022-03-18	24.798999786376953	26.569000244140625	24.624000549316406	26.452999114990234	26.413578033447266	730719000
2022-03-21	26.506999969482422	27.152000427246094	25.966999053955078	26.733999252319336	26.69415855407715	591727000
2022-03-22	26.726999282836914	27.238000869750977	26.07200050354004	26.52400016784668	26.48447036743164	547007000
2022-03-23	26.125999450683594	26.61199951171875	25.575000762939453	25.634000778198242	25.59579849243164	502120000
2022-03-24	26.166000366210938	28.31999969482422	25.906999588012695	28.149999618530273	28.108051300048828	877379000
2022-03-25	27.88599967956543	28.357999801635742	27.270999908447266	27.691999435424805	27.65073013305664	579016000
2022-03-28	27.756000518798828	28.25	27.20599937438965	28.2189998626709	28.17694854736328	425494000
2022-03-29	28.69499969482422	28.945999145507812	27.979999542236328	28.6560001373291	28.613296508789062	488984000
2022-03-30	28.304000854492188	28.496000289916992	27.503000259399414	27.690000534057617	27.64873504638672	463487000
2022-03-31	27.781999588012695	28.24799919128418	27.270000457763672	27.285999298095703	27.24533462524414	523440000
2022-04-01	27.375	27.496000289916992	26.267000198364258	26.711999893188477	26.672191619873047	517235000
2022-04-04	26.72800064086914	27.558000564575195	26.613000869750977	27.360000610351562	27.319225311279297	397120000
2022-04-05	27.253999710083008	27.319000244140625	25.81999969482422	25.930999755859375	25.892356872558594	436615000
2022-04-06	24.93400001525879	25.299999237060547	24.003000259399414	24.406999588012695	24.370624542236328	703833000
2022-04-07	24.44099998474121	24.722000122070312	23.47800064086914	24.20800018310547	24.17192268371582	557992000
2022-04-08	23.91699981689453	23.92300033569336	23.062000274658203	23.118999481201172	23.084545135498047	524781000
2022-04-11	22.214000701904297	22.31999969482422	21.65999984741211	21.91699981689453	21.884336471557617	575207000
2022-04-12	22.53700065612793	22.725000381469727	21.281999588012695	21.503999710083008	21.47195053100586	662258000
2022-04-13	21.72800064086914	22.5	21.454999923706055	22.202999114990234	22.169912338256836	516943000
2022-04-14	22.5049991607666	22.777000427246094	21.163000106811523	21.257999420166016	21.226320266723633	569097000
2022-04-18	21.200000762939453	22.08799934387207	21.07900047302246	21.783000946044922	21.75053596496582	525701000
2022-04-19	21.719999313354492	22.37299919128418	21.31399917602539	22.197999954223633	22.1649169921875	512781000
2022-04-20	22.517000198364258	22.670000076293945	21.200000762939453	21.48200035095215	21.44998550415039	468974000
2022-04-21	21.708999633789062	22.392000198364258	20.0	20.183000564575195	20.15291976928711	656209000
2022-04-22	20.30299949645996	20.486000061035156	19.5	19.514999389648438	19.485916137695312	624713000
2022-04-25	19.20199966430664	19.94499969482422	19.09600067138672	19.902000427246094	19.872339248657227	641566000
2022-04-26	19.718000411987305	19.788000106811523	18.670000076293945	18.788000106811523	18.760000228881836	653143000
2022-04-27	18.597999572753906	19.16699981689453	18.290000915527344	18.415000915527344	18.38755989074707	499460000
2022-04-28	18.966999053955078	20.03700065612793	18.489999771118164	19.781999588012695	19.752519607543945	570327000
2022-04-29	19.402000427246094	20.128000259399414	18.517000198364258	18.547000885009766	18.519359588623047	500435000
2022-05-02	18.541000366210938	19.573999404907227	18.391000747680664	19.533000946044922	19.503889083862305	572049000
2022-05-03	19.399999618530273	19.825000762939453	19.132999420166016	19.601999282836914	19.572786331176758	475751000
2022-05-04	19.92300033569336	20.399999618530273	18.750999450683594	20.333999633789062	20.303699493408203	648855000
2022-05-05	19.867000579833984	19.924999237060547	18.5	18.8439998626709	18.81591796875	626331000
2022-05-06	18.736000061035156	19.511999130249023	17.989999771118164	18.674999237060547	18.647165298461914	633297000
2022-05-09	18.034000396728516	18.2549991607666	16.82699966430664	16.950000762939453	16.92474365234375	644455000
2022-05-10	17.68899917602539	18.197999954223633	17.024999618530273	17.594999313354492	17.568775177001953	761474000
2022-05-11	17.347000122070312	17.753000259399414	16.56800079345703	16.6299991607666	16.605215072631836	670167000
2022-05-12	16.2189998626709	16.788000106811523	15.567000389099121	16.174999237060547	16.150894165039062	708728000
2022-05-13	16.788000106811523	17.92799949645996	16.593000411987305	17.70599937438965	17.67961311340332	670437000
2022-05-16	17.509000778198242	17.788000106811523	17.106000900268555	17.263999938964844	17.238269805908203	521446000
2022-05-17	18.073999404907227	18.371000289916992	17.634000778198242	18.177000045776367	18.149911880493164	585830000
2022-05-18	17.704999923706055	18.118000030517578	16.86400032043457	16.937999725341797	16.912757873535156	545161000
2022-05-19	16.937000274658203	17.687000274658203	16.733999252319336	17.124000549316406	17.098480224609375	621310000
2022-05-20	17.332000732421875	17.40999984741211	15.755000114440918	16.694000244140625	16.66912269592285	739105000
2022-05-23	16.27400016784668	16.915000915527344	16.179000854492188	16.898000717163086	16.872814178466797	639889000
2022-05-24	16.510000228881836	16.597000122070312	15.779999732971191	16.15399932861328	16.129924774169922	588550000
2022-05-25	16.020000457763672	17.111000061035156	16.0	16.975000381469727	16.949703216552734	781132000
2022-05-26	16.035999298095703	18.091999053955078	16.02199935913086	17.85099983215332	17.824398040771484	996575000
2022-05-27	18.18600082397461	18.881000518798828	18.100000381469727	18.81100082397461	18.78296661376953	738379000
2022-05-31	18.979999542236328	19.200000762939453	18.350000381469727	18.672000885009766	18.644174575805664	664100000
2022-06-01	18.724000930786133	19.05299949645996	18.121999740600586	18.31999969482422	18.292695999145508	544514000
2022-06-02	18.29199981689453	19.618999481201172	18.197999954223633	19.591999053955078	19.56279945373535	648656000
2022-06-03	19.082000732421875	19.332000732421875	18.52199935913086	18.719999313354492	18.69209861755371	598779000
2022-06-06	19.138999938964844	19.336999893188477	18.56399917602539	18.785999298095703	18.75800323486328	422406000
2022-06-07	18.472000122070312	19.0	18.187999725341797	18.926000595092773	18.897796630859375	388914000
2022-06-08	18.798999786376953	19.18000030517578	18.53499984741211	18.648000717163086	18.624143600463867	363252000
2022-06-09	18.481000900268555	18.933000564575195	18.041000366210938	18.04800033569336	18.02491569519043	395574000
2022-06-10	17.600000381469727	17.69700050354004	16.868999481201172	16.974000930786133	16.952289581298828	465248000
2022-06-13	16.0	16.312000274658203	15.605999946594238	15.647000312805176	15.626985549926758	604153000
2022-06-14	15.730999946594238	16.06599998474121	15.411999702453613	15.836000442504883	15.815742492675781	469680000
2022-06-15	16.094999313354492	16.868000030517578	15.925999641418457	16.527000427246094	16.505859375	563936000
2022-06-16	15.859999656677246	15.942000389099121	15.401000022888184	15.60099983215332	15.58104419708252	545749000
2022-06-17	15.64799976348877	15.994999885559082	15.32800006866455	15.880000114440918	15.859686851501465	630334000
2022-06-21	16.475000381469727	17.007999420166016	16.406999588012695	16.56599998474121	16.544809341430664	483089000
2022-06-22	16.22599983215332	16.66200065612793	16.18000030517578	16.360000610351562	16.339073181152344	437135000
2022-06-23	16.518999099731445	16.584999084472656	15.852999687194824	16.225000381469727	16.20424461364746	463680000
2022-06-24	16.5	17.139999389648438	16.309999465942383	17.125999450683594	17.10409164428711	472153000
2022-06-27	17.312000274658203	17.329999923706055	16.625999450683594	16.868999481201172	16.847423553466797	427968000
2022-06-28	16.899999618530273	17.20199966430664	15.944999694824219	15.982000350952148	15.961557388305664	461149000
2022-06-29	15.814000129699707	15.819999694824219	15.170000076293945	15.541999816894531	15.522116661071777	482352000
2022-06-30	15.361000061035156	15.567000389099121	14.862000465393066	15.159000396728516	15.139608383178711	686070000
2022-07-01	14.89900016784668	15.062999725341797	14.392000198364258	14.52299976348877	14.50442123413086	577610000
2022-07-05	14.175000190734863	14.970999717712402	14.055000305175781	14.96399974822998	14.94485855102539	651397000
2022-07-06	15.010000228881836	15.319000244140625	14.788999557495117	15.130000114440918	15.11064624786377	529066000
2022-07-07	15.456000328063965	15.944999694824219	15.388999938964844	15.857999801635742	15.837716102600098	492903000
2022-07-08	15.430000305175781	16.03700065612793	15.388999938964844	15.838000297546387	15.817740440368652	467972000
2022-07-11	15.526000022888184	15.527000427246094	15.038000106811523	15.152000427246094	15.132617950439453	437321000
2022-07-12	15.267999649047852	15.430999755859375	14.876999855041504	15.081999778747559	15.06270694732666	458483000
2022-07-13	14.59000015258789	15.375	14.46500015258789	15.163999557495117	15.14460277557373	521918000
2022-07-14	15.107999801635742	15.472999572753906	14.727999687194824	15.371999740600586	15.352335929870605	456235000
2022-07-15	15.659000396728516	15.781999588012695	15.444999694824219	15.76200008392334	15.741836547851562	385935000
2022-07-18	16.302000045776367	16.89699935913086	16.00200080871582	16.10099983215332	16.080400466918945	670517000
2022-07-19	16.486000061035156	17.110000610351562	16.172000885009766	16.992000579833984	16.970264434814453	702366000
2022-07-20	16.94700050354004	17.933000564575195	16.801000595092773	17.80699920654297	17.784221649169922	760538000
2022-07-21	17.885000228881836	18.143999099731445	17.545000076293945	18.049999237060547	18.026912689208984	557049000
2022-07-22	17.89299964904785	17.966999053955078	17.136999130249023	17.319000244140625	17.296846389770508	536671000
2022-07-25	17.018999099731445	17.124000549316406	16.64900016784668	17.02400016784668	17.00222396850586	480748000
2022-07-26	16.888999938964844	16.91900062561035	16.47800064086914	16.533000946044922	16.51185417175293	397865000
2022-07-27	17.031999588012695	17.93600082397461	16.913000106811523	17.790000915527344	17.767244338989258	569776000
2022-07-28	17.975000381469727	18.139999389648438	17.440000534057617	17.983999252319336	17.960994720458984	474646000
2022-07-29	17.812999725341797	18.243999481201172	17.691999435424805	18.163000106811523	18.1397647857666	435460000
2022-08-01	18.18199920654297	18.84600067138672	17.989999771118164	18.44099998474121	18.41741180419922	476469000
2022-08-02	18.121999740600586	18.937999725341797	18.091999053955078	18.525999069213867	18.502304077148438	489527000
2022-08-03	18.18400001525879	18.968000411987305	18.136999130249023	18.89299964904785	18.868833541870117	418146000
2022-08-04	18.849000930786133	19.27400016784668	18.760000228881836	19.21500015258789	19.19042205810547	409652000
2022-08-05	18.809999465942383	19.229000091552734	18.666000366210938	18.98900032043457	18.964710235595703	386068000
2022-08-08	17.50200080871582	18.23900032043457	17.242000579833984	17.792999267578125	17.770240783691406	981859000
2022-08-09	17.25200080871582	17.44700050354004	16.724000930786133	17.086000442504883	17.064144134521484	668263000
2022-08-10	17.697999954223633	18.118000030517578	17.316999435424805	18.097000122070312	18.073850631713867	597422000
2022-08-11	18.131000518798828	18.707000732421875	17.875999450683594	17.941999435424805	17.919048309326172	509327000
2022-08-12	18.15999984741211	18.718000411987305	17.952999114990234	18.708999633789062	18.68506622314453	478094000
2022-08-15	18.701000213623047	19.163999557495117	18.613000869750977	19.031999588012695	19.00765037536621	457666000
2022-08-16	18.920000076293945	19.142000198364258	18.500999450683594	18.878999710083008	18.85485076904297	451240000
2022-08-17	18.523000717163086	18.687999725341797	18.145000457763672	18.334999084472656	18.31154441833496	446799000
2022-08-18	18.301000595092773	18.864999771118164	18.183000564575195	18.773000717163086	18.748987197875977	415447000
2022-08-19	18.4060001373291	18.520000457763672	17.770000457763672	17.849000930786133	17.8261661529541	441588000
2022-08-22	17.489999771118164	17.558000564575195	16.965999603271484	17.034000396728516	17.012208938598633	409593000
2022-08-23	16.98900032043457	17.46500015258789	16.969999313354492	17.180999755859375	17.15902328491211	369986000
2022-08-24	17.011999130249023	17.4060001373291	16.895000457763672	17.222000122070312	17.199970245361328	522661000
2022-08-25	16.8439998626709	17.94700050354004	16.83300018310547	17.913000106811523	17.890087127685547	770691000
2022-08-26	17.85700035095215	17.923999786376953	16.23699951171875	16.260000228881836	16.239200592041016	769127000
2022-08-29	16.020000457763672	16.33799934387207	15.767000198364258	15.800999641418457	15.780787467956543	496132000
2022-08-30	15.960000038146973	16.038999557495117	15.182000160217285	15.468000411987305	15.448214530944824	530181000
2022-08-31	15.383999824523926	15.539999961853027	14.958999633789062	15.093999862670898	15.074691772460938	573710000
2022-09-01	14.208999633789062	14.380000114440918	13.270000457763672	13.937000274658203	13.919172286987305	1178865000
2022-09-02	14.100000381469727	14.170999526977539	13.590999603271484	13.647000312805176	13.629542350769043	743157000
2022-09-06	13.730999946594238	13.779000282287598	13.35099983215332	13.46500015258789	13.447774887084961	535751000
2022-09-07	13.562999725341797	13.838000297546387	13.345999717712402	13.71399974822998	13.700526237487793	512657000
2022-09-08	13.458999633789062	14.008000373840332	13.369000434875488	13.989999771118164	13.976255416870117	624873000
2022-09-09	14.156999588012695	14.473999977111816	14.12600040435791	14.38700008392334	14.372865676879883	486612000
2022-09-12	14.369000434875488	14.54699993133545	14.197999954223633	14.505000114440918	14.490751266479492	484159000
2022-09-13	13.802000045776367	13.92199993133545	13.098999977111816	13.130999565124512	13.118101119995117	714956000
2022-09-14	13.253999710083008	13.289999961853027	12.913000106811523	13.128000259399414	13.115102767944336	588507000
2022-09-15	13.015000343322754	13.232999801635742	12.789999961853027	12.928999900817871	12.916298866271973	523625000
2022-09-16	12.741999626159668	13.211999893188477	12.616999626159668	13.197999954223633	13.18503475189209	670751000
2022-09-19	13.01200008392334	13.463000297546387	13.010000228881836	13.381999969482422	13.368852615356445	569685000
2022-09-20	13.21500015258789	13.482999801635742	13.057000160217285	13.175999641418457	13.163056373596191	524818000
2022-09-21	13.213000297546387	14.031000137329102	13.109999656677246	13.26099967956543	13.247971534729004	807679000
2022-09-22	13.069999694824219	13.14900016784668	12.428000450134277	12.560999870300293	12.548661231994629	759162000
2022-09-23	12.420000076293945	12.611000061035156	12.256999969482422	12.515999794006348	12.503705978393555	663309000
2022-09-26	12.491000175476074	12.659000396728516	12.21399974822998	12.227999687194824	12.215986251831055	547343000
2022-09-27	12.506999969482422	12.736000061035156	12.258000373840332	12.413000106811523	12.40080451965332	553854000
2022-09-28	12.40999984741211	12.822999954223633	12.354000091552734	12.736000061035156	12.723489761352539	542414000
2022-09-29	12.447999954223633	12.5	11.946000099182129	12.220000267028809	12.207995414733887	532763000
2022-09-30	12.086999893188477	12.633000373840332	12.074999809265137	12.138999938964844	12.1270751953125	565638000
2022-10-03	12.347000122070312	12.678000450134277	12.104999542236328	12.51200008392334	12.49970817565918	547478000
2022-10-04	12.878999710083008	13.220000267028809	12.878999710083008	13.166999816894531	13.154064178466797	584182000
2022-10-05	12.91100025177002	13.321000099182129	12.621000289916992	13.208999633789062	13.196023941040039	507131000
2022-10-06	13.220000267028809	13.656000137329102	13.102999687194824	13.130000114440918	13.117101669311523	644157000
2022-10-07	12.505000114440918	12.670000076293945	12.022000312805176	12.076000213623047	12.064135551452637	672478000
2022-10-10	12.036999702453613	12.12399959564209	11.407999992370605	11.670000076293945	11.658536911010742	698699000
2022-10-11	11.560999870300293	11.845999717712402	11.282999992370605	11.586000442504883	11.574618339538574	667482000
2022-10-12	11.579000473022461	11.734999656677246	11.345000267028809	11.5	11.488702774047852	492590000
2022-10-13	10.970999717712402	12.07800006866455	10.812999725341797	11.960000038146973	11.948251724243164	850103000
2022-10-14	12.057000160217285	12.111000061035156	11.204000473022461	11.22700023651123	11.215970039367676	713432000
2022-10-17	11.517999649047852	11.947999954223633	11.517000198364258	11.887999534606934	11.876321792602539	580774000
2022-10-18	12.343999862670898	12.491999626159668	11.618000030517578	11.967000007629395	11.955243110656738	659362000
2022-10-19	11.878999710083008	12.350000381469727	11.833999633789062	12.050999641418457	12.039161682128906	523131000
2022-10-20	12.11299991607666	12.769000053405762	12.104999542236328	12.194000244140625	12.182021141052246	652398000
2022-10-21	12.097999572753906	12.498000144958496	11.88700008392334	12.465999603271484	12.453751564025879	609494000
2022-10-24	12.508000373840332	12.710000038146973	12.064000129699707	12.598999977111816	12.58662223815918	517457000
2022-10-25	12.694000244140625	13.300000190734863	12.663999557495117	13.26099967956543	13.247971534729004	505482000
2022-10-26	12.869000434875488	13.387999534606934	12.708000183105469	12.895999908447266	12.883330345153809	532953000
2022-10-27	13.630000114440918	13.838000297546387	13.121999740600586	13.175999641418457	13.163056373596191	583113000
2022-10-28	13.104000091552734	13.850000381469727	13.060999870300293	13.833999633789062	13.820409774780273	521040000
2022-10-31	13.777999877929688	13.838000297546387	13.29699993133545	13.496999740600586	13.48374080657959	486341000
2022-11-01	13.810999870300293	13.925000190734863	13.519000053405762	13.543000221252441	13.529694557189941	432817000
2022-11-02	13.850000381469727	14.210000038146973	13.211000442504883	13.218999862670898	13.206013679504395	672628000
2022-11-03	13.043000221252441	13.781000137329102	12.956000328063965	13.420999526977539	13.40781307220459	500065000
2022-11-04	13.986000061035156	14.229000091552734	13.696999549865723	14.156000137329102	14.142093658447266	612576000
2022-11-07	14.227999687194824	14.411999702453613	13.954000473022461	14.300999641418457	14.28695011138916	410061000
2022-11-08	14.800999641418457	14.890999794006348	14.215999603271484	14.60200023651123	14.587655067443848	595292000
2022-11-09	14.161999702453613	14.211000442504883	13.758999824523926	13.776000022888184	13.762468338012695	454414000
2022-11-10	14.800000190734863	15.77299976348877	14.54699993133545	15.75	15.734527587890625	700819000
2022-11-11	15.807000160217285	16.388999938964844	15.482000350952148	16.32699966430664	16.31096076965332	655487000
2022-11-14	16.218000411987305	16.540000915527344	15.92199993133545	16.295000076293945	16.27899169921875	527852000
2022-11-15	16.722000122070312	16.99799919128418	16.381999969482422	16.666000366210938	16.64962387084961	545876000
2022-11-16	16.16200065612793	16.36199951171875	15.873000144958496	15.90999984741211	15.894370079040527	649547000
2022-11-17	15.71500015258789	16.266000747680664	15.53499984741211	15.677000045776367	15.661599159240723	710894000
2022-11-18	15.965999603271484	16.00200080871582	15.119999885559082	15.409000396728516	15.3938627243042	492072000
2022-11-21	15.147000312805176	15.47700023651123	15.079999923706055	15.317000389099121	15.30195426940918	404739000
2022-11-22	15.32800006866455	16.058000564575195	15.121999740600586	16.038000106811523	16.02224349975586	472866000
2022-11-23	16.097999572753906	16.527000427246094	16.04800033569336	16.518999099731445	16.502769470214844	427241000
2022-11-25	16.31800079345703	16.48699951171875	16.172000885009766	16.270000457763672	16.254016876220703	167934000
2022-11-28	16.025999069213867	16.35700035095215	15.725000381469727	15.82699966430664	15.81145191192627	303741000
2022-11-29	15.82699966430664	15.932000160217285	15.520000457763672	15.638999938964844	15.623635292053223	298384000
2022-11-30	15.696999549865723	16.93000030517578	15.597000122070312	16.92300033569336	16.91069793701172	565298000
2022-12-01	16.999000549316406	17.264999389648438	16.635000228881836	17.135000228881836	17.12254524230957	470977000
2022-12-02	16.659000396728516	16.933000564575195	16.44499969482422	16.875999450683594	16.863731384277344	371389000
2022-12-05	16.679000854492188	16.9950008392334	16.472000122070312	16.610000610351562	16.597929000854492	352255000
2022-12-06	16.530000686645508	16.572999954223633	15.819000244140625	15.987000465393066	15.975381851196289	352694000
2022-12-07	15.772000312805176	16.18600082397461	15.666999816894531	16.1200008392334	16.108285903930664	372388000
2022-12-08	16.273000717163086	17.179000854492188	15.958999633789062	17.16900062561035	17.156522750854492	515456000
2022-12-09	17.15999984741211	17.58300018310547	16.975000381469727	17.000999450683594	16.988643646240234	465338000
2022-12-12	17.03700065612793	17.538000106811523	16.797000885009766	17.53499984741211	17.52225685119629	457328000
2022-12-13	18.5310001373291	18.790000915527344	17.711000442504883	18.07200050354004	18.058868408203125	656589000
2022-12-14	17.98699951171875	18.25200080871582	17.420000076293945	17.673999786376953	17.66115379333496	496888000
2022-12-15	17.145999908447266	17.31999969482422	16.700000762939453	16.95199966430664	16.939678192138672	478542000
2022-12-16	16.86400032043457	17.041000366210938	16.40999984741211	16.570999145507812	16.5589542388916	478232000
2022-12-19	16.57200050354004	16.608999252319336	16.145000457763672	16.253999710083008	16.242183685302734	354039000
2022-12-20	16.06399917602539	16.309999465942383	15.85200023651123	16.084999084472656	16.07331085205078	403260000
2022-12-21	16.11400032043457	16.62700080871582	16.101999282836914	16.500999450683594	16.48900604248047	325025000
2022-12-22	16.0939998626709	16.13800048828125	14.881999969482422	15.33899974822998	15.327850341796875	565045000
2022-12-23	15.196000099182129	15.33899974822998	14.883000373840332	15.206000328063965	15.194947242736816	349326000
2022-12-27	15.074000358581543	15.100000381469727	14.055999755859375	14.121000289916992	14.110737800598145	464902000
2022-12-28	13.927000045776367	14.26200008392334	13.883999824523926	14.03600025177002	14.025797843933105	351066000
2022-12-29	14.402000427246094	14.682999610900879	14.22700023651123	14.602999687194824	14.592385292053223	354923000
2022-12-30	14.333999633789062	14.628999710083008	14.232999801635742	14.61400032043457	14.603377342224121	310490000
2023-01-03	14.85099983215332	14.996000289916992	14.095999717712402	14.3149995803833	14.304594039916992	401277000
2023-01-04	14.567000389099121	14.852999687194824	14.241000175476074	14.74899959564209	14.738280296325684	431324000
2023-01-05	14.491000175476074	14.564000129699707	14.14799976348877	14.265000343322754	14.254631996154785	389168000
2023-01-06	14.473999977111816	15.010000228881836	14.034000396728516	14.859000205993652	14.848198890686035	405044000
2023-01-09	15.284000396728516	16.055999755859375	15.140999794006348	15.628000259399414	15.616642951965332	504231000
2023-01-10	15.506999969482422	15.961999893188477	15.472000122070312	15.909000396728516	15.89743709564209	384101000
2023-01-11	15.84000015258789	16.027999877929688	15.562999725341797	16.000999450683594	15.989368438720703	353285000
2023-01-12	16.100000381469727	16.636999130249023	15.491999626159668	16.51099967956543	16.498998641967773	551409000
2023-01-13	16.277999877929688	16.922000885009766	16.165000915527344	16.89900016784668	16.886714935302734	447287000
2023-01-17	16.89900016784668	17.72800064086914	16.89900016784668	17.70199966430664	17.68913459777832	511102000
2023-01-18	17.66699981689453	17.87299919128418	17.281999588012695	17.37700080871582	17.36437225341797	439624000
2023-01-19	17.035999298095703	17.19700050354004	16.731000900268555	16.764999389648438	16.7528133392334	452932000
2023-01-20	17.01099967956543	17.856000900268555	16.825000762939453	17.839000701904297	17.826034545898438	564967000
2023-01-23	18.06399917602539	19.2450008392334	17.81800079345703	19.19300079345703	19.17905044555664	655163000
2023-01-24	18.82699966430664	19.4950008392334	18.81999969482422	19.264999389648438	19.250995635986328	496204000
2023-01-25	18.913000106811523	19.3700008392334	18.579999923706055	19.322999954223633	19.308956146240234	449537000
2023-01-26	19.701000213623047	20.166000366210938	19.277999877929688	19.802000045776367	19.78760528564453	489535000
2023-01-27	19.461999893188477	20.628000259399414	19.405000686645508	20.364999771118164	20.35019874572754	542142000
2023-01-30	19.950000762939453	20.139999389648438	19.149999618530273	19.16200065612793	19.148075103759766	488611000
2023-01-31	19.170000076293945	19.687000274658203	18.950000762939453	19.53700065612793	19.522802352905273	498017000
2023-02-01	19.69099998474121	21.191999435424805	19.611000061035156	20.94300079345703	20.927778244018555	660477000
2023-02-02	21.0	21.948999404907227	20.700000762939453	21.708999633789062	21.693220138549805	564276000
2023-02-03	21.0	21.7450008392334	20.788999557495117	21.100000381469727	21.08466339111328	429366000
2023-02-06	20.805999755859375	21.56999969482422	20.785999298095703	21.089000701904297	21.073673248291016	452197000
2023-02-07	21.381999969482422	22.259000778198242	21.149999618530273	22.17300033569336	22.156885147094727	664150000
2023-02-08	22.386999130249023	22.878000259399414	22.007999420166016	22.204999923706055	22.188859939575195	559651000
2023-02-09	22.606000900268555	23.020000457763672	22.1200008392334	22.336999893188477	22.320764541625977	523876000
2023-02-10	21.690000534057617	22.077999114990234	20.81100082397461	21.264999389648438	21.249542236328125	550737000
2023-02-13	21.538000106811523	22.04800033569336	20.961999893188477	21.788000106811523	21.77216148376465	474919000
2023-02-14	21.577999114990234	23.048999786376953	21.365999221801758	22.97100067138672	22.954303741455078	675474000
2023-02-15	22.548999786376953	22.854999542236328	22.106000900268555	22.763999938964844	22.747451782226562	420575000
2023-02-16	22.132999420166016	22.549999237060547	21.927000045776367	22.00200080871582	21.98600959777832	412026000
2023-02-17	21.631000518798828	21.739999771118164	20.975000381469727	21.38800048828125	21.372455596923828	465888000
2023-02-21	21.0	21.493999481201172	20.618000030517578	20.655000686645508	20.63998794555664	410015000
2023-02-22	20.707000732421875	21.104000091552734	20.42099952697754	20.753999710083008	20.738914489746094	513184000
2023-02-23	23.440000534057617	23.88800048828125	23.024999618530273	23.663999557495117	23.646799087524414	1117995000
2023-02-24	23.225000381469727	23.474000930786133	22.94700050354004	23.285999298095703	23.269075393676758	589716000
2023-02-27	23.670000076293945	23.8799991607666	23.45400047302246	23.500999450683594	23.483917236328125	452994000
2023-02-28	23.371999740600586	23.825000762939453	23.20599937438965	23.215999603271484	23.199125289916992	455963000
2023-03-01	23.191999435424805	23.256000518798828	22.507999420166016	22.697999954223633	22.681503295898438	460026000
2023-03-02	22.488000869750977	23.3799991607666	22.43199920654297	23.31399917602539	23.29705238342285	389415000
2023-03-03	23.31999969482422	23.899999618530273	23.1299991607666	23.889999389648438	23.872636795043945	412393000
2023-03-06	23.891000747680664	24.24799919128418	23.48699951171875	23.554000854492188	23.536882400512695	437429000
2023-03-07	23.600000381469727	24.125	23.240999221801758	23.288000106811523	23.275028228759766	515154000
2023-03-08	23.48699951171875	24.200000762939453	23.423999786376953	24.180999755859375	24.167530059814453	513573000
2023-03-09	24.174999237060547	24.45400047302246	23.382999420166016	23.43600082397461	23.422945022583008	501257000
2023-03-10	23.409000396728516	23.62700080871582	22.72599983215332	22.96500015258789	22.952205657958984	474866000
2023-03-13	22.75200080871582	23.29800033569336	22.297000885009766	22.965999603271484	22.953205108642578	421890000
2023-03-14	23.496000289916992	24.2189998626709	23.459999084472656	24.062999725341797	24.049592971801758	474910000
2023-03-15	23.76099967956543	24.285999298095703	23.360000610351562	24.22800064086914	24.21450424194336	524486000
2023-03-16	24.027000427246094	25.58799934387207	23.893999099731445	25.541000366210938	25.526771545410156	583253000
2023-03-17	25.98200035095215	26.39900016784668	25.667999267578125	25.725000381469727	25.710668563842773	848547000
2023-03-20	25.614999771118164	26.02400016784668	25.1299991607666	25.899999618530273	25.885570526123047	432747000
2023-03-21	26.18000030517578	26.392000198364258	25.381000518798828	26.198999404907227	26.184404373168945	547408000
2023-03-22	26.424999237060547	27.589000701904297	26.23699951171875	26.468000411987305	26.453250885009766	797295000
2023-03-23	27.114999771118164	27.499000549316406	26.690000534057617	27.19099998474121	27.175851821899414	564889000
2023-03-24	27.0310001373291	27.16699981689453	26.354999542236328	26.77899932861328	26.764080047607422	454920000
2023-03-27	26.836999893188477	27.0	26.364999771118164	26.5310001373291	26.516220092773438	361026000
2023-03-28	26.44700050354004	26.51300048828125	25.850000381469727	26.40999984741211	26.395286560058594	356104000
2023-03-29	26.825000762939453	27.077999114990234	26.597000122070312	26.983999252319336	26.96896743774414	393694000
2023-03-30	27.229000091552734	27.499000549316406	27.101999282836914	27.382999420166016	27.36774444580078	364516000
2023-03-31	27.139999389648438	27.833999633789062	27.104999542236328	27.777000427246094	27.761524200439453	433933000
2023-04-03	27.509000778198242	28.0	27.336000442504883	27.96500015258789	27.949420928955078	398716000
2023-04-04	27.965999603271484	28.0	27.30699920654297	27.452999114990234	27.437705993652344	368592000
2023-04-05	26.82900047302246	26.99799919128418	26.395000457763672	26.881000518798828	26.86602210998535	515015000
2023-04-06	26.583999633789062	27.079999923706055	26.427000045776367	27.03700065612793	27.02193832397461	397654000
2023-04-10	26.822999954223633	27.621000289916992	26.66900062561035	27.57900047302246	27.56363296508789	395279000
2023-04-11	27.724000930786133	27.790000915527344	27.125999450683594	27.16900062561035	27.15386390686035	314378000
2023-04-12	27.3700008392334	27.468000411987305	26.447999954223633	26.4950008392334	26.480239868164062	446259000
2023-04-13	26.733999252319336	26.886999130249023	26.32900047302246	26.46299934387207	26.44825553894043	353615000
2023-04-14	26.503999710083008	26.882999420166016	26.219999313354492	26.757999420166016	26.743093490600586	395660000
2023-04-17	26.565000534057617	27.006000518798828	26.433000564575195	27.00200080871582	26.986955642700195	321471000
2023-04-18	27.533000946044922	28.110000610351562	27.35700035095215	27.66699981689453	27.651586532592773	604812000
2023-04-19	27.361000061035156	28.0	27.23200035095215	27.930999755859375	27.915437698364258	358660000
2023-04-20	27.67099952697754	28.030000686645508	27.0	27.104000091552734	27.08890151977539	427713000
2023-04-21	26.95199966430664	27.183000564575195	26.722000122070312	27.118999481201172	27.10388946533203	345103000
2023-04-24	27.01300048828125	27.365999221801758	26.67099952697754	27.04199981689453	27.026935577392578	339282000
2023-04-25	27.077999114990234	27.246999740600586	26.225000381469727	26.240999221801758	26.226381301879883	378527000
2023-04-26	27.00200080871582	27.329999923706055	26.704999923706055	26.95599937438965	26.940980911254883	406337000
2023-04-27	27.363000869750977	27.4950008392334	26.625	27.22599983215332	27.210832595825195	377161000
2023-04-28	27.225000381469727	27.757999420166016	27.070999145507812	27.749000549316406	27.73354148864746	292216000
2023-05-01	27.84000015258789	29.058000564575195	27.780000686645508	28.90999984741211	28.89389419555664	570329000
2023-05-02	28.68000030517578	28.836000442504883	28.08300018310547	28.209999084472656	28.19428253173828	402730000
2023-05-03	27.84000015258789	28.367000579833984	27.472000122070312	27.802000045776367	27.78651237487793	383387000
2023-05-04	27.650999069213867	27.858999252319336	27.239999771118164	27.562000274658203	27.54664421081543	321850000
2023-05-05	27.826000213623047	28.7549991607666	27.731000900268555	28.68000030517578	28.664020538330078	361494000
2023-05-08	28.52199935913086	29.219999313354492	28.350000381469727	29.150999069213867	29.13475799560547	344979000
2023-05-09	28.89900016784668	28.972999572753906	28.450000762939453	28.570999145507812	28.555082321166992	314869000
2023-05-10	29.0049991607666	29.113000869750977	28.461000442504883	28.885000228881836	28.868907928466797	369350000
2023-05-11	28.895999908447266	28.950000762939453	28.246000289916992	28.577999114990234	28.562076568603516	322149000
2023-05-12	28.52899932861328	28.780000686645508	28.04599952697754	28.34000015258789	28.3242130279541	274222000
2023-05-15	28.507999420166016	28.9689998626709	28.152000427246094	28.952999114990234	28.936870574951172	293926000
2023-05-16	28.840999603271484	29.8700008392334	28.832000732421875	29.21299934387207	29.19672393798828	449405000
2023-05-17	29.583999633789062	30.198999404907227	29.43000030517578	30.17799949645996	30.161184310913086	432535000
2023-05-18	30.40999984741211	31.827999114990234	30.31999969482422	31.67799949645996	31.660350799560547	748725000
2023-05-19	31.535999298095703	31.579999923706055	30.916000366210938	31.263999938964844	31.246580123901367	473908000
2023-05-22	30.900999069213867	31.520000457763672	30.68000030517578	31.176000595092773	31.15863037109375	372000000
2023-05-23	31.0	31.288000106811523	30.631000518798828	30.687999725341797	30.670902252197266	356253000
2023-05-24	30.209999084472656	30.60700035095215	29.805999755859375	30.538000106811523	30.52098846435547	721419000
2023-05-25	38.52299880981445	39.47999954223633	36.6349983215332	37.97999954223633	37.95883560180664	1543911000
2023-05-26	37.88999938964844	39.16999816894531	37.54999923706055	38.94599914550781	38.92430114746094	714397000
2023-05-30	40.595001220703125	41.9379997253418	39.94900131225586	40.111000061035156	40.088653564453125	923401000
2023-05-31	39.487998962402344	40.29499816894531	37.821998596191406	37.83399963378906	37.81291961669922	1002580000
2023-06-01	38.48899841308594	40.04999923706055	38.34000015258789	39.77000045776367	39.74784469604492	635873000
2023-06-02	40.09700012207031	40.5	39.05799865722656	39.32699966430664	39.30508804321289	482731000
2023-06-05	38.909000396728516	39.564998626708984	38.707000732421875	39.17100143432617	39.1491813659668	396094000
2023-06-06	38.83000183105469	39.15999984741211	38.14799880981445	38.65399932861328	38.63246536254883	388729000
2023-06-07	38.915000915527344	39.499000549316406	37.35599899291992	37.474998474121094	37.45799255371094	511998000
2023-06-08	37.7239990234375	38.86399841308594	37.505001068115234	38.5099983215332	38.49253463745117	417772000
2023-06-09	39.0369987487793	39.71099853515625	38.56700134277344	38.77000045776367	38.752410888671875	427717000
2023-06-12	39.20000076293945	39.529998779296875	38.61800003051758	39.481998443603516	39.464088439941406	388701000
2023-06-13	40.18600082397461	41.10100173950195	39.7400016784668	41.02199935913086	41.003387451171875	613208000
2023-06-14	40.82400131225586	43.0	40.551998138427734	42.99700164794922	42.97749328613281	740465000
2023-06-15	42.60200119018555	43.28900146484375	42.14699935913086	42.65299987792969	42.63365173339844	568622000
2023-06-16	43.45000076293945	43.72100067138672	42.6609992980957	42.69200134277344	42.672630310058594	655709000
2023-06-20	42.99800109863281	43.9900016784668	42.67399978637695	43.80799865722656	43.788124084472656	451153000
2023-06-21	43.500999450683594	43.6150016784668	42.08000183105469	43.04499816894531	43.02547073364258	551603000
2023-06-22	42.25299835205078	43.42599868774414	42.23400115966797	43.025001525878906	43.0054817199707	417737000
2023-06-23	42.4640007019043	42.808998107910156	42.01499938964844	42.20899963378906	42.189849853515625	358140000
2023-06-26	42.46099853515625	42.763999938964844	40.099998474121094	40.63199996948242	40.61356735229492	594322000
2023-06-27	40.79899978637695	41.939998626708984	40.448001861572266	41.875999450683594	41.856998443603516	462175000
2023-06-28	40.65999984741211	41.845001220703125	40.518001556396484	41.117000579833984	41.098350524902344	582639000
2023-06-29	41.55799865722656	41.599998474121094	40.599998474121094	40.821998596191406	40.8034782409668	380514000
2023-06-30	41.68000030517578	42.54999923706055	41.500999450683594	42.301998138427734	42.282806396484375	501148000
2023-07-03	42.516998291015625	42.89799880981445	42.20199966430664	42.41299819946289	42.39375686645508	198209000
2023-07-05	42.1349983215332	43.176998138427734	42.084999084472656	42.31700134277344	42.29780197143555	323618000
2023-07-06	41.84400177001953	42.17900085449219	41.34600067138672	42.10300064086914	42.08389663696289	303582000
2023-07-07	42.321998596191406	43.2140007019043	42.18000030517578	42.50299835205078	42.48371887207031	355881000
2023-07-10	42.65700149536133	42.81100082397461	41.64899826049805	42.18000030517578	42.160858154296875	353908000
2023-07-11	42.48099899291992	42.757999420166016	42.06700134277344	42.404998779296875	42.38576126098633	298244000
2023-07-12	43.03300094604492	43.935001373291016	42.777000427246094	43.902000427246094	43.882080078125	481277000
2023-07-13	44.518001556396484	46.154998779296875	44.492000579833984	45.97700119018555	45.95614242553711	478204000
2023-07-14	46.58300018310547	48.0880012512207	45.060001373291016	45.46900177001953	45.44837188720703	772075000
2023-07-17	46.28900146484375	46.49599838256836	45.262001037597656	46.46099853515625	46.439918518066406	510488000
2023-07-18	46.70100021362305	47.895999908447266	45.73400115966797	47.49399948120117	47.472450256347656	569164000
2023-07-19	47.4640007019043	47.81800079345703	46.742000579833984	47.07699966430664	47.055641174316406	427502000
2023-07-20	46.50699996948242	47.08700180053711	45.0620002746582	45.52000045776367	45.49934387207031	537865000
2023-07-21	45.78799819946289	45.86600112915039	44.099998474121094	44.308998107910156	44.28889465332031	963769000
2023-07-24	44.73099899291992	45.10900115966797	44.040000915527344	44.61199951171875	44.59176254272461	382516000
2023-07-25	44.941001892089844	46.18299865722656	44.92300033569336	45.67900085449219	45.65827178955078	348081000
2023-07-26	46.020999908447266	46.053001403808594	44.630001068115234	45.45199966430664	45.43137741088867	364237000
2023-07-27	46.51900100708008	47.39500045776367	45.75	45.900001525878906	45.87917709350586	455976000
2023-07-28	46.667999267578125	47.027000427246094	46.38100051879883	46.75	46.728790283203125	331194000
2023-07-31	46.75400161743164	47.130001068115234	46.50600051879883	46.729000091552734	46.70779800415039	251055000
2023-08-01	46.459999084472656	46.900001525878906	46.027000427246094	46.50699996948242	46.485897064208984	237858000
2023-08-02	45.83100128173828	45.84000015258789	43.387001037597656	44.26900100708008	44.24891662597656	530142000
2023-08-03	43.79999923706055	45.11800003051758	43.79999923706055	44.51499938964844	44.49480438232422	324176000
2023-08-04	44.98500061035156	45.641998291015625	44.393001556396484	44.68000030517578	44.659725189208984	362666000
2023-08-07	45.111000061035156	45.540000915527344	44.5629997253418	45.41699981689453	45.39639663696289	322154000
2023-08-08	44.85300064086914	45.242000579833984	44.055999755859375	44.66400146484375	44.643741607666016	353843000
2023-08-09	44.27399826049805	44.3120002746582	42.13399887084961	42.55400085449219	42.53469467163086	586449000
2023-08-10	42.15999984741211	43.57400131225586	41.834999084472656	42.38800048828125	42.368770599365234	492705000
2023-08-11	41.750999450683594	42.018001556396484	40.638999938964844	40.85499954223633	40.836463928222656	533085000
2023-08-14	40.486000061035156	43.79999923706055	40.31100082397461	43.75299835205078	43.73314666748047	690286000
2023-08-15	44.560001373291016	45.268001556396484	43.709999084472656	43.939998626708984	43.92006301879883	676512000
2023-08-16	44.52000045776367	44.67499923706055	43.40599822998047	43.486000061035156	43.466270446777344	527451000
2023-08-17	43.970001220703125	44.0620002746582	43.000999450683594	43.34400177001953	43.32433319091797	452395000
2023-08-18	42.6349983215332	43.577999114990234	41.65999984741211	43.29899978637695	43.279354095458984	583768000
2023-08-21	44.49399948120117	47.064998626708984	44.22200012207031	46.96699905395508	46.94569396972656	692573000
2023-08-22	48.1349983215332	48.1870002746582	45.33300018310547	45.667999267578125	45.647281646728516	755293000
2023-08-23	45.86600112915039	47.20000076293945	45.20800018310547	47.11600112915039	47.094627380371094	779046000
2023-08-24	50.215999603271484	50.26599884033203	47.159000396728516	47.16299819946289	47.1416015625	1156044000
2023-08-25	47.012001037597656	47.80500030517578	45.02399826049805	46.018001556396484	45.99712371826172	925341000
2023-08-28	46.481998443603516	46.97999954223633	44.88800048828125	46.834999084472656	46.813751220703125	685192000
2023-08-29	46.66600036621094	49.08100128173828	46.39099884033203	48.784000396728516	48.76186752319336	701397000
2023-08-30	49.04399871826172	49.926998138427734	48.42499923706055	49.263999938964844	49.24164581298828	735206000
2023-08-31	49.380001068115234	49.74399948120117	48.95800018310547	49.35499954223633	49.33260726928711	528570000
2023-09-01	49.762001037597656	49.79999923706055	48.141998291015625	48.50899887084961	48.48699188232422	463830000
2023-09-05	48.222999572753906	48.85100173950195	47.86000061035156	48.54800033569336	48.52597427368164	382653000
2023-09-06	48.441001892089844	48.54899978637695	46.58000183105469	47.06100082397461	47.04352569580078	468670000
2023-09-07	45.525001525878906	46.34400177001953	45.152000427246094	46.24100112915039	46.22382736206055	433330000
2023-09-08	45.94200134277344	46.60599899291992	45.270999908447266	45.571998596191406	45.555076599121094	473069000
2023-09-11	46.14799880981445	46.16299819946289	44.3120002746582	45.178001403808594	45.161224365234375	473966000
2023-09-12	44.737998962402344	45.67300033569336	44.53099822998047	44.869998931884766	44.853336334228516	349256000
2023-09-13	44.599998474121094	45.93000030517578	44.50299835205078	45.48500061035156	45.46811294555664	398355000
2023-09-14	45.95000076293945	45.98699951171875	45.13100051879883	45.58100128173828	45.56407928466797	370097000
2023-09-15	45.340999603271484	45.5989990234375	43.80799865722656	43.900001525878906	43.883697509765625	506831000
2023-09-18	42.74800109863281	44.242000579833984	42.0	43.965999603271484	43.949668884277344	500271000
2023-09-19	43.83300018310547	43.965999603271484	43.00199890136719	43.52000045776367	43.50383758544922	373064000
2023-09-20	43.599998474121094	43.90299987792969	42.222999572753906	42.23899841308594	42.22331619262695	367108000
2023-09-21	41.58300018310547	42.099998474121094	40.97999954223633	41.016998291015625	41.001766204833984	450736000
2023-09-22	41.571998596191406	42.1150016784668	41.23099899291992	41.61000061035156	41.594547271728516	479236000
2023-09-25	41.590999603271484	42.5359992980957	41.176998138427734	42.22200012207031	42.206321716308594	419091000
2023-09-26	42.000999450683594	42.81999969482422	41.654998779296875	41.9109992980957	41.89543533325195	402282000
2023-09-27	42.33000183105469	42.87200164794922	41.62900161743164	42.46799850463867	42.45222854614258	444935000
2023-09-28	42.459999084472656	43.44599914550781	42.1150016784668	43.0890007019043	43.072998046875	424663000
2023-09-29	43.82699966430664	44.14400100708008	43.30699920654297	43.499000549316406	43.48284912109375	397830000
2023-10-02	44.029998779296875	45.17499923706055	43.861000061035156	44.78200149536133	44.7653694152832	433298000
2023-10-03	44.80799865722656	45.130001068115234	43.24599838256836	43.516998291015625	43.50083541870117	470850000
2023-10-04	43.742000579833984	44.143001556396484	43.29199981689453	44.04100036621094	44.02465057373047	361821000
2023-10-05	44.04999923706055	44.900001525878906	43.88800048828125	44.6879997253418	44.67140579223633	393483000
2023-10-06	44.19300079345703	45.78900146484375	44.0260009765625	45.762001037597656	45.74501037597656	434436000
2023-10-09	44.84199905395508	45.60499954223633	44.36800003051758	45.27299880981445	45.256187438964844	409675000
2023-10-10	45.310001373291016	46.25899887084961	45.0880012512207	45.79800033569336	45.7809944152832	368582000
2023-10-11	46.19599914550781	46.85900115966797	46.04999923706055	46.805999755859375	46.78861999511719	378137000
2023-10-12	46.777000427246094	47.60900115966797	46.33000183105469	46.94499969482422	46.92756271362305	481325000
2023-10-13	46.959999084472656	47.11600112915039	45.279998779296875	45.46099853515625	45.444114685058594	474115000
2023-10-16	45.0629997253418	46.224998474121094	44.9119987487793	46.095001220703125	46.07788848876953	375099000
2023-10-17	44.0	44.75400161743164	42.47999954223633	43.9379997253418	43.921688079833984	812333000
2023-10-18	42.590999603271484	43.21900177001953	41.82500076293945	42.19599914550781	42.180328369140625	627294000
2023-10-19	42.81100082397461	43.297000885009766	41.88199996948242	42.10100173950195	42.08536911010742	501233000
2023-10-20	41.88999938964844	42.470001220703125	41.077999114990234	41.387001037597656	41.37163162231445	477266000
2023-10-23	41.229000091552734	43.24800109863281	40.94499969482422	42.974998474121094	42.959041595458984	478530000
2023-10-24	43.07699966430664	43.696998596191406	42.691001892089844	43.66299819946289	43.646785736083984	401463000
2023-10-25	43.39799880981445	43.650001525878906	41.55500030517578	41.77899932861328	41.76348114013672	398379000
2023-10-26	41.85300064086914	42.25600051879883	39.880001068115234	40.32600021362305	40.31102752685547	541001000
2023-10-27	41.130001068115234	41.20600128173828	40.01499938964844	40.5	40.484962463378906	416784000
2023-10-30	41.08700180053711	41.76599884033203	40.48099899291992	41.1609992980957	41.14571762084961	388028000
2023-10-31	40.45000076293945	40.87900161743164	39.22999954223633	40.779998779296875	40.76485824584961	517969000
2023-11-01	40.88399887084961	42.38100051879883	40.86899948120117	42.32500076293945	42.309288024902344	437593000
2023-11-02	43.327999114990234	43.88399887084961	42.89400100708008	43.50600051879883	43.48984146118164	409172000
2023-11-03	44.02000045776367	45.308998107910156	43.722999572753906	45.005001068115234	44.98828887939453	424610000
2023-11-06	45.28499984741211	45.935001373291016	44.89899826049805	45.750999450683594	45.734012603759766	400733000
2023-11-07	45.71900177001953	46.21799850463867	45.15800094604492	45.95500183105469	45.93793869018555	343165000
2023-11-08	46.099998474121094	46.867000579833984	45.96799850463867	46.57400131225586	46.556705474853516	346719000
2023-11-09	47.46699905395508	48.22999954223633	46.75	46.95000076293945	46.93256378173828	540496000
2023-11-10	47.5	48.47200012207031	47.28300094604492	48.334999084472656	48.317047119140625	421245000
2023-11-13	48.31999969482422	49.11600112915039	48.0989990234375	48.619998931884766	48.60194396972656	384136000
2023-11-14	49.68000030517578	49.83399963378906	49.040000915527344	49.65599822998047	49.6375617980957	416954000
2023-11-15	49.935001373291016	49.959999084472656	48.20000076293945	48.88800048828125	48.869842529296875	475497000
2023-11-16	48.67900085449219	49.525001525878906	48.33000183105469	49.47999954223633	49.461631774902344	339756000
2023-11-17	49.52399826049805	49.71699905395508	49.00699996948242	49.29800033569336	49.27969741821289	325205000
2023-11-20	49.3120002746582	50.54800033569336	49.180999755859375	50.409000396728516	50.390281677246094	414120000
2023-11-21	50.125999450683594	50.516998291015625	49.22200012207031	49.944000244140625	49.925453186035156	565747000
2023-11-22	49.85200119018555	50.334999084472656	47.689998626708984	48.715999603271484	48.697906494140625	899420000
2023-11-24	48.470001220703125	48.92100143432617	47.744998931884766	47.7760009765625	47.75825881958008	294645000
2023-11-27	47.79999923706055	48.529998779296875	47.652000427246094	48.242000579833984	48.224082946777344	395662000
2023-11-28	48.236000061035156	48.323001861572266	47.472999572753906	47.82099914550781	47.80323791503906	401491000
2023-11-29	48.37900161743164	48.762001037597656	47.86000061035156	48.13999938964844	48.12212371826172	382005000
2023-11-30	48.02399826049805	48.11000061035156	46.422000885009766	46.77000045776367	46.752628326416016	526247000
2023-12-01	46.525001525878906	47.20000076293945	46.1870002746582	46.76499938964844	46.74763488769531	369317000
2023-12-04	46.07699966430664	46.07699966430664	45.0099983215332	45.5099983215332	45.493099212646484	437543000
2023-12-05	45.465999603271484	46.599998474121094	45.270999908447266	46.566001892089844	46.552799224853516	371718000
2023-12-06	47.21500015258789	47.387001037597656	45.4119987487793	45.50299835205078	45.4901008605957	380590000
2023-12-07	45.70000076293945	46.62900161743164	45.604000091552734	46.59600067138672	46.582794189453125	350823000
2023-12-08	46.595001220703125	47.74100112915039	46.54999923706055	47.50600051879883	47.49253463745117	359224000
2023-12-11	47.49100112915039	47.53099822998047	45.83000183105469	46.62699890136719	46.61378479003906	509728000
2023-12-12	46.04600143432617	47.66600036621094	46.04600143432617	47.65700149536133	47.64349365234375	372387000
2023-12-13	47.62900161743164	48.59400177001953	47.608001708984375	48.0880012512207	48.07437515258789	447792000
2023-12-14	48.38999938964844	48.66999816894531	47.422000885009766	48.349998474121094	48.33629608154297	391232000
2023-12-15	48.194000244140625	49.40399932861328	48.119998931884766	48.88999938964844	48.87614059448242	479948000
2023-12-18	49.400001525878906	50.43299865722656	49.150001525878906	50.07699966430664	50.06280517578125	412587000
2023-12-19	49.42399978637695	49.70000076293945	48.89500045776367	49.604000091552734	49.58993911743164	464444000
2023-12-20	49.654998779296875	49.999000549316406	48.097999572753906	48.111000061035156	48.09735870361328	397894000
2023-12-21	48.81100082397461	49.095001220703125	48.41899871826172	48.9900016784668	48.97611618041992	300425000
2023-12-22	49.19499969482422	49.382999420166016	48.46699905395508	48.83000183105469	48.816162109375	252507000
2023-12-26	48.96799850463867	49.599998474121094	48.959999084472656	49.27899932861328	49.26502990722656	244200000
2023-12-27	49.51100158691406	49.68000030517578	49.084999084472656	49.41699981689453	49.402992248535156	233648000
2023-12-28	49.643001556396484	49.88399887084961	49.4119987487793	49.52199935913086	49.507965087890625	246587000
2023-12-29	49.8129997253418	49.99700164794922	48.750999450683594	49.52199935913086	49.507965087890625	389293000
2024-01-02	49.24399948120117	49.29499816894531	47.595001220703125	48.167999267578125	48.15434646606445	411254000
2024-01-03	47.48500061035156	48.183998107910156	47.31999969482422	47.569000244140625	47.555519104003906	320896000
2024-01-04	47.766998291015625	48.5	47.507999420166016	47.99800109863281	47.984397888183594	306535000
2024-01-05	48.46200180053711	49.547000885009766	48.305999755859375	49.09700012207031	49.08308029174805	415039000
2024-01-08	49.512001037597656	52.275001525878906	49.479000091552734	52.25299835205078	52.23818588256836	642510000
2024-01-09	52.4010009765625	54.32500076293945	51.689998626708984	53.13999938964844	53.12493896484375	773100000
2024-01-10	53.61600112915039	54.599998474121094	53.48899841308594	54.349998474121094	54.3345947265625	533796000
2024-01-11	54.999000549316406	55.34600067138672	53.560001373291016	54.821998596191406	54.806461334228516	596759000
2024-01-12	54.619998931884766	54.970001220703125	54.33000183105469	54.709999084472656	54.694488525390625	352994000
2024-01-16	55.018001556396484	56.834999084472656	54.900001525878906	56.38199996948242	56.36602020263672	449580000
2024-01-17	56.34700012207031	56.47100067138672	54.7400016784668	56.053001403808594	56.037113189697266	474394000
2024-01-18	57.2599983215332	57.599998474121094	56.106998443603516	57.106998443603516	57.09081268310547	491650000
2024-01-19	57.98899841308594	59.5	57.224998474121094	59.49100112915039	59.47414016723633	543501000
2024-01-22	60.04899978637695	60.33100128173828	59.06999969482422	59.65399932861328	59.6370964050293	452955000
2024-01-23	59.56999969482422	59.90999984741211	58.584999084472656	59.87300109863281	59.85603332519531	294654000
2024-01-24	60.30400085449219	62.8489990234375	59.9379997253418	61.36199951171875	61.344608306884766	560271000
2024-01-25	62.349998474121094	62.71900177001953	60.849998474121094	61.617000579833984	61.59953308105469	482777000
2024-01-26	60.959999084472656	61.78300094604492	60.573001861572266	61.03099822998047	61.013702392578125	390309000
2024-01-29	61.231998443603516	62.48899841308594	60.90700149536133	62.46500015258789	62.447296142578125	348733000
2024-01-30	62.900001525878906	63.49300003051758	62.2599983215332	62.77399826049805	62.756202697753906	410735000
2024-01-31	61.439998626708984	62.26900100708008	60.70000076293945	61.527000427246094	61.50956344604492	453795000
2024-02-01	62.099998474121094	63.191001892089844	61.650001525878906	63.027000427246094	63.00913619995117	369146000
2024-02-02	63.9739990234375	66.5999984741211	63.689998626708984	66.16000366210938	66.14125061035156	476578000
2024-02-05	68.2249984741211	69.49700164794922	67.20500183105469	69.33200073242188	69.3123550415039	680078000
2024-02-06	69.62999725341797	69.75399780273438	66.30000305175781	68.2229995727539	68.20366668701172	683111000
2024-02-07	68.31900024414062	70.22000122070312	67.5999984741211	70.0989990234375	70.0791244506836	495575000
2024-02-08	70.0739974975586	70.79399871826172	69.45500183105469	69.64099884033203	69.62125396728516	414422000
2024-02-09	70.53299713134766	72.18499755859375	70.21199798583984	72.13300323486328	72.11255645751953	436637000
2024-02-12	72.5999984741211	74.61100006103516	71.25	72.24800109863281	72.22752380371094	613710000
2024-02-13	70.4000015258789	73.44999694824219	69.62000274658203	72.12799835205078	72.10755157470703	602580000
2024-02-14	73.2020034790039	74.23600006103516	71.93800354003906	73.9000015258789	73.87905883789062	504917000
2024-02-15	73.86900329589844	73.9749984741211	72.4000015258789	72.65799713134766	72.63740539550781	420122000
2024-02-16	74.0999984741211	74.4020004272461	72.5009994506836	72.61299896240234	72.59241485595703	495327000
2024-02-20	71.9469985961914	71.95600128173828	67.73400115966797	69.4520034790039	69.43231201171875	704833000
2024-02-21	68.00599670410156	68.88800048828125	66.24800109863281	67.47200012207031	67.452880859375	690298000
2024-02-22	75.0250015258789	78.57499694824219	74.22000122070312	78.53800201416016	78.51573944091797	865100000
2024-02-23	80.79000091552734	82.39399719238281	77.56999969482422	78.81700134277344	78.79464721679688	829388000
2024-02-26	79.69999694824219	80.64600372314453	78.50499725341797	79.09200286865234	79.06958770751953	503973000
2024-02-27	79.38099670410156	79.4800033569336	77.16200256347656	78.70099639892578	78.6786880493164	391705000
2024-02-28	77.62000274658203	78.93299865722656	77.125	77.66300201416016	77.6409912109375	393110000
2024-02-29	79.09400177001953	79.98999786376953	78.3499984741211	79.11199951171875	79.0895767211914	507289000
2024-03-01	80.0	82.30000305175781	79.43499755859375	82.27899932861328	82.25567626953125	479135000
2024-03-04	84.12999725341797	87.69499969482422	83.71900177001953	85.23699951171875	85.21282958984375	615616000
2024-03-05	85.2699966430664	86.09700012207031	83.41699981689453	85.96399688720703	85.94366455078125	520639000
2024-03-06	88.02200317382812	89.7239990234375	87.02999877929688	88.69999694824219	88.67901611328125	582520000
2024-03-07	90.15799713134766	92.76699829101562	89.60199737548828	92.66899871826172	92.6470718383789	608119000
2024-03-08	95.13800048828125	97.4000015258789	86.50599670410156	87.52799987792969	87.5073013305664	1142269000
2024-03-11	86.42900085449219	88.7969970703125	84.16600036621094	85.77400207519531	85.75370788574219	678364000
2024-03-12	88.04900360107422	91.95999908447266	86.1500015258789	91.91300201416016	91.8912582397461	668075000
2024-03-13	91.05500030517578	91.50399780273438	88.43499755859375	90.88800048828125	90.86650085449219	635713000
2024-03-14	89.5770034790039	90.64600372314453	86.5999984741211	87.94400024414062	87.9231948852539	602318000
2024-03-15	86.93000030517578	89.5459976196289	86.25700378417969	87.83699798583984	87.81621551513672	642086000
2024-03-18	90.38800048828125	92.40499877929688	87.08499908447266	88.45500183105469	88.43407440185547	668976000
2024-03-19	86.69999694824219	90.54399871826172	85.01000213623047	89.39800262451172	89.37686157226562	672171000
2024-03-20	89.7969970703125	90.41000366210938	88.2229995727539	90.37200164794922	90.35062408447266	479063000
2024-03-21	92.30000305175781	92.64800262451172	90.40499877929688	91.43499755859375	91.41336822509766	480372000
2024-03-22	91.14099884033203	94.77799987792969	90.83399963378906	94.28900146484375	94.2667007446289	586719000
2024-03-25	93.94100189208984	96.76599884033203	93.51000213623047	95.00199890136719	94.97952270507812	552136000
2024-03-26	95.85099792480469	96.375	92.50199890136719	92.56099700927734	92.53910064697266	513648000
2024-03-27	93.11199951171875	93.23999786376953	89.12300109863281	90.25	90.22864532470703	586067000
2024-03-28	90.0	91.30000305175781	89.19300079345703	90.35600280761719	90.33462524414062	435212000
2024-04-01	90.29900360107422	92.2249984741211	89.2040023803711	90.36299896240234	90.34162139892578	452441000
2024-04-02	88.447998046875	90.09400177001953	87.62000274658203	89.4520034790039	89.43083953857422	433064000
2024-04-03	88.48400115966797	90.3740005493164	88.4000015258789	88.96399688720703	88.94295501708984	370067000
2024-04-04	90.40599822998047	90.63400268554688	85.87999725341797	85.90499877929688	85.88467407226562	434965000
2024-04-05	86.86599731445312	88.48100280761719	85.9260025024414	88.00800323486328	87.9871826171875	399678000
2024-04-08	88.69999694824219	88.83000183105469	86.73200225830078	87.13300323486328	87.11238861083984	283220000
2024-04-09	87.44200134277344	87.63500213623047	83.02200317382812	85.35399627685547	85.33380126953125	503547000
2024-04-10	83.9260025024414	87.4000015258789	83.70899963378906	87.03900146484375	87.0184097290039	431929000
2024-04-11	87.41999816894531	90.73899841308594	86.9260025024414	90.61599731445312	90.59455871582031	431637000
2024-04-12	89.6989974975586	90.17500305175781	87.52999877929688	88.18599700927734	88.1651382446289	426805000
2024-04-15	89.0979995727539	90.61299896240234	85.92900085449219	86.0009994506836	85.98065185546875	443077000
2024-04-16	86.43299865722656	88.11799621582031	86.06400299072266	87.41500091552734	87.39432525634766	370453000
2024-04-17	88.33999633789062	88.7750015258789	83.94999694824219	84.03500366210938	84.01512145996094	495400000
2024-04-18	84.97000122070312	86.19000244140625	82.4020004272461	84.6709976196289	84.65096282958984	447260000
2024-04-19	83.1500015258789	84.3239974975586	75.60600280761719	76.19999694824219	76.18197631835938	875198000
2024-04-22	78.10399627685547	80.072998046875	76.4000015258789	79.51799774169922	79.49919128417969	596341000
2024-04-23	80.76899719238281	82.76899719238281	80.26399993896484	82.4229965209961	82.40350341796875	438559000
2024-04-24	83.94999694824219	84.08200073242188	79.18299865722656	79.677001953125	79.65815734863281	512208000
2024-04-25	78.86799621582031	83.322998046875	78.2229995727539	82.63200378417969	82.61245727539062	424641000
2024-04-26	83.81800079345703	88.33100128173828	83.38700103759766	87.73500061035156	87.71424102783203	551011000
2024-04-29	87.59500122070312	87.99199676513672	85.26599884033203	87.75700378417969	87.73624420166016	388971000
2024-04-30	87.23999786376953	88.81900024414062	86.30000305175781	86.4020004272461	86.38156127929688	363709000
2024-05-01	85.0770034790039	86.0	81.25499725341797	83.04100036621094	83.02135467529297	559863000
2024-05-02	84.4489974975586	86.23699951171875	83.19999694824219	85.81700134277344	85.79669952392578	377898000
2024-05-03	87.78900146484375	89.28099822998047	87.04000091552734	88.78900146484375	88.76799774169922	398341000
2024-05-06	89.38999938964844	92.22000122070312	89.05500030517578	92.13999938964844	92.11820220947266	376203000
2024-05-07	91.0979995727539	91.78099822998047	89.01100158691406	90.55400085449219	90.53257751464844	437342000
2024-05-08	89.48300170898438	91.19400024414062	89.41999816894531	90.41200256347656	90.39061737060547	325721000
2024-05-09	90.52899932861328	91.0719985961914	88.23100280761719	88.74700164794922	88.72601318359375	378013000
2024-05-10	90.30500030517578	91.4010009765625	89.22699737548828	89.87799835205078	89.85672760009766	335325000
2024-05-13	90.47799682617188	90.99800109863281	88.52899932861328	90.39900207519531	90.37762451171875	289680000
2024-05-14	89.5989990234375	91.6510009765625	88.93399810791016	91.35600280761719	91.33438873291016	296507000
2024-05-15	92.47200012207031	94.86199951171875	91.5989990234375	94.62999725341797	94.60761260986328	417735000
2024-05-16	94.91000366210938	95.81900024414062	94.10299682617188	94.35900115966797	94.33667755126953	323952000
2024-05-17	94.36900329589844	94.73999786376953	91.80599975585938	92.47899627685547	92.45711517333984	359691000
2024-05-20	93.75	95.19999694824219	93.44000244140625	94.77999877929688	94.75758361816406	318764000
2024-05-21	93.5989990234375	95.4000015258789	93.18000030517578	95.38600158691406	95.36344146728516	328946000
2024-05-22	95.45899963378906	96.0199966430664	93.2490005493164	94.94999694824219	94.92754364013672	548648000
2024-05-23	102.02799987792969	106.31999969482422	101.5199966430664	103.79900360107422	103.77445220947266	835065000
2024-05-24	104.4489974975586	106.4749984741211	103.0	106.46900177001953	106.44381713867188	429494000
2024-05-28	110.24400329589844	114.93900299072266	109.88300323486328	113.9010009765625	113.87406158447266	652728000
2024-05-29	113.05000305175781	115.49199676513672	110.9010009765625	114.82499694824219	114.79783630371094	557442000
2024-05-30	114.6500015258789	115.81900024414062	109.66300201416016	110.5	110.4738540649414	487350000
2024-05-31	112.5199966430664	112.71700286865234	106.94000244140625	109.63300323486328	109.60707092285156	613263000
2024-06-03	113.62100219726562	115.0	112.00299835205078	115.0	114.9728012084961	438392000
2024-06-04	115.71600341796875	116.5999984741211	114.04499816894531	116.43699645996094	116.40945434570312	403324000
2024-06-05	118.37100219726562	122.4489974975586	117.46800231933594	122.44000244140625	122.4110336303711	528402000
2024-06-06	124.0479965209961	125.58699798583984	118.31999969482422	120.99800109863281	120.96937561035156	664696000
2024-06-07	119.7699966430664	121.69200134277344	118.02200317382812	120.88800048828125	120.85940551757812	412386000
2024-06-10	120.37000274658203	123.0999984741211	117.01000213623047	121.79000091552734	121.76119232177734	314162700
2024-06-11	121.7699966430664	122.87000274658203	118.73999786376953	120.91000366210938	120.89132690429688	222551200
2024-06-12	123.05999755859375	126.87999725341797	122.56999969482422	125.19999694824219	125.18065643310547	299595000
2024-06-13	129.38999938964844	129.8000030517578	127.16000366210938	129.61000061035156	129.58998107910156	260704500
2024-06-14	129.9600067138672	132.83999633789062	128.32000732421875	131.8800048828125	131.85964965820312	309320400
2024-06-17	132.99000549316406	133.72999572753906	129.5800018310547	130.97999572753906	130.95977783203125	288504400
2024-06-18	131.13999938964844	136.3300018310547	130.69000244140625	135.5800018310547	135.55906677246094	294335100
2024-06-20	139.8000030517578	140.75999450683594	129.52000427246094	130.77999877929688	130.75979614257812	517768400
2024-06-21	127.12000274658203	130.6300048828125	124.30000305175781	126.56999969482422	126.55045318603516	655484700
2024-06-24	123.23999786376953	124.45999908447266	118.04000091552734	118.11000061035156	118.09175872802734	476060900
2024-06-25	121.19999694824219	126.5	119.31999969482422	126.08999633789062	126.07051849365234	425787500
2024-06-26	126.12999725341797	128.1199951171875	122.5999984741211	126.4000015258789	126.38048553466797	362975900
2024-06-27	124.0999984741211	126.41000366210938	122.91999816894531	123.98999786376953	123.9708480834961	252571700
2024-06-28	124.58000183105469	127.70999908447266	122.75	123.54000091552734	123.52091979980469	315516700
2024-07-01	123.47000122070312	124.83999633789062	118.83000183105469	124.30000305175781	124.28080749511719	284885500
2024-07-02	121.12999725341797	123.41000366210938	121.02999877929688	122.66999816894531	122.65105438232422	218374000
2024-07-03	121.66000366210938	128.27999877929688	121.36000061035156	128.27999877929688	128.26019287109375	215749000
2024-07-05	127.37999725341797	128.85000610351562	125.68000030517578	125.83000183105469	125.8105697631836	214176700
2024-07-08	127.48999786376953	130.77000427246094	127.04000091552734	128.1999969482422	128.18019104003906	237677300
2024-07-09	130.35000610351562	133.82000732421875	128.64999389648438	131.3800048828125	131.35972595214844	285366600
2024-07-10	134.02999877929688	135.10000610351562	132.4199981689453	134.91000366210938	134.88917541503906	248978600
2024-07-11	135.75	136.14999389648438	127.05000305175781	127.4000015258789	127.38033294677734	374782700
2024-07-12	128.25999450683594	131.9199981689453	127.22000122070312	129.24000549316406	129.2200469970703	252680500
2024-07-15	130.55999755859375	131.38999938964844	127.18000030517578	128.44000244140625	128.420166015625	208326200
2024-07-16	128.44000244140625	129.0399932861328	124.58000183105469	126.36000061035156	126.34048461914062	214769500
2024-07-17	121.3499984741211	121.8499984741211	116.72000122070312	117.98999786376953	117.97177124023438	390086200
2024-07-18	121.8499984741211	122.4000015258789	116.55999755859375	121.08999633789062	121.0712890625	320979500
2024-07-19	120.3499984741211	121.5999984741211	117.37000274658203	117.93000030517578	117.91178894042969	217223800
2024-07-22	120.3499984741211	124.06999969482422	119.86000061035156	123.54000091552734	123.52091979980469	258068900
2024-07-23	122.77999877929688	124.69000244140625	122.0999984741211	122.58999633789062	122.5710678100586	173911000
2024-07-24	119.16999816894531	119.94999694824219	113.44000244140625	114.25	114.23235321044922	327776900
2024-07-25	113.04000091552734	116.62999725341797	106.30000305175781	112.27999877929688	112.26265716552734	460067000
2024-07-26	116.19000244140625	116.19999694824219	111.58000183105469	113.05999755859375	113.04253387451172	293399100
2024-07-29	113.69000244140625	116.27999877929688	111.30000305175781	111.58999633789062	111.57276153564453	248152100
2024-07-30	111.5199966430664	111.98999786376953	102.54000091552734	103.7300033569336	103.71398162841797	486833300
2024-07-31	112.9000015258789	118.33999633789062	110.87999725341797	117.0199966430664	117.00192260742188	473174200
2024-08-01	117.52999877929688	120.16000366210938	106.80999755859375	109.20999908447266	109.1931381225586	523462300
2024-08-02	103.76000213623047	108.72000122070312	101.37000274658203	107.2699966430664	107.25342559814453	482027500
2024-08-05	92.05999755859375	103.41000366210938	90.69000244140625	100.44999694824219	100.43448638916016	552842400
2024-08-06	103.83999633789062	107.70999908447266	100.55000305175781	104.25	104.23390197753906	409012100
2024-08-07	107.80999755859375	108.80000305175781	98.69000244140625	98.91000366210938	98.89472961425781	411440400
2024-08-08	102.0	105.5	97.5199966430664	104.97000122070312	104.95378875732422	391910000
2024-08-09	105.63999938964844	106.5999984741211	103.43000030517578	104.75	104.73382568359375	290844200
2024-08-12	106.31999969482422	111.06999969482422	106.26000213623047	109.0199966430664	109.00315856933594	325559900
2024-08-13	112.44000244140625	116.2300033569336	111.58000183105469	116.13999938964844	116.12206268310547	312646700
2024-08-14	118.52999877929688	118.5999984741211	114.06999969482422	118.08000183105469	118.061767578125	339246400
2024-08-15	118.76000213623047	123.23999786376953	117.47000122070312	122.86000061035156	122.84103393554688	318086700
2024-08-16	121.94000244140625	125.0	121.18000030517578	124.58000183105469	124.56076049804688	302589900
2024-08-19	124.27999877929688	130.0	123.41999816894531	130.0	129.97991943359375	318333600
2024-08-20	128.39999389648438	129.8800048828125	125.88999938964844	127.25	127.2303466796875	300087400
2024-08-21	127.31999969482422	129.35000610351562	126.66000366210938	128.5	128.48016357421875	257883600
2024-08-22	130.02000427246094	130.75	123.0999984741211	123.73999786376953	123.72089385986328	376189100
2024-08-23	125.86000061035156	129.60000610351562	125.22000122070312	129.3699951171875	129.3500213623047	323230300
2024-08-26	129.57000732421875	131.25999450683594	124.37000274658203	126.45999908447266	126.44046783447266	331964700
2024-08-27	125.05000305175781	129.1999969482422	123.87999725341797	128.3000030517578	128.2801971435547	303134600
2024-08-28	128.1199951171875	128.3300018310547	122.63999938964844	125.61000061035156	125.59060668945312	448101100
2024-08-29	121.36000061035156	124.43000030517578	116.70999908447266	117.58999633789062	117.57183837890625	453023300
2024-08-30	119.52999877929688	121.75	117.22000122070312	119.37000274658203	119.35157012939453	333751600
2024-09-03	116.01000213623047	116.20999908447266	107.29000091552734	108.0	107.98332214355469	477155100
2024-09-04	105.41000366210938	113.2699966430664	104.12000274658203	106.20999908447266	106.19359588623047	372470300
2024-09-05	104.98999786376953	109.6500015258789	104.76000213623047	107.20999908447266	107.19344329833984	306850700
2024-09-06	108.04000091552734	108.1500015258789	100.94999694824219	102.83000183105469	102.81411743164062	413638100
2024-09-09	104.87999725341797	106.55000305175781	103.69000244140625	106.47000122070312	106.45355987548828	273912000
2024-09-10	107.80999755859375	109.4000015258789	104.94999694824219	108.0999984741211	108.08330535888672	268283700
2024-09-11	109.38999938964844	117.19000244140625	107.41999816894531	116.91000366210938	116.8919448852539	441422400
2024-09-12	116.83999633789062	120.79000091552734	115.37999725341797	119.13999938964844	119.13179016113281	367100500
2024-09-13	119.08000183105469	119.95999908447266	117.5999984741211	119.0999984741211	119.09178924560547	238358300
2024-09-16	116.79000091552734	118.18000030517578	114.36000061035156	116.77999877929688	116.7719497680664	248772300
2024-09-17	118.16999816894531	118.80000305175781	114.83000183105469	115.58999633789062	115.58203125	231925900
2024-09-18	115.88999938964844	117.69999694824219	113.22000122070312	113.37000274658203	113.36219024658203	310318900
2024-09-19	117.3499984741211	119.66000366210938	117.25	117.87000274658203	117.86187744140625	293506400
2024-09-20	117.05999755859375	118.62000274658203	115.38999938964844	116.0	115.99200439453125	382462400
2024-09-23	116.55000305175781	116.98999786376953	114.86000061035156	116.26000213623047	116.25199127197266	206228500
2024-09-24	116.5199966430664	121.80000305175781	115.37999725341797	120.87000274658203	120.8616714477539	354966800
2024-09-25	122.0199966430664	124.94000244140625	121.61000061035156	123.51000213623047	123.50149536132812	284692900
2024-09-26	126.80000305175781	127.66999816894531	121.80000305175781	124.04000091552734	124.03145599365234	302582900
2024-09-27	123.97000122070312	124.02999877929688	119.26000213623047	121.4000015258789	121.39163970947266	271009200
2024-09-30	118.30999755859375	121.5	118.1500015258789	121.44000244140625	121.43163299560547	226553700
2024-10-01	121.7699966430664	122.44000244140625	115.79000091552734	117.0	116.99193572998047	302094500
2024-10-02	116.44000244140625	119.37999725341797	115.13999938964844	118.8499984741211	118.84181213378906	221845900
2024-10-03	120.91999816894531	124.36000061035156	120.33999633789062	122.8499984741211	122.84153747558594	277118000
2024-10-04	124.94000244140625	125.04000091552734	121.83000183105469	124.91999816894531	124.91139221191406	243678100
2024-10-07	124.98999786376953	130.63999938964844	124.94999694824219	127.72000122070312	127.7112045288086	346250200
2024-10-08	130.25999450683594	133.47999572753906	129.4199981689453	132.88999938964844	132.88084411621094	285722500
2024-10-09	134.11000061035156	134.52000427246094	131.3800048828125	132.64999389648438	132.64085388183594	246191600
2024-10-10	131.91000366210938	135.0	131.0	134.80999755859375	134.8007049560547	242311300
2024-10-11	134.00999450683594	135.77999877929688	133.66000366210938	134.8000030517578	134.79071044921875	170209500
2024-10-14	136.47000122070312	139.60000610351562	136.3000030517578	138.07000732421875	138.0605010986328	232347700
2024-10-15	137.8699951171875	138.57000732421875	128.74000549316406	131.60000610351562	131.5909423828125	377831000
2024-10-16	133.97999572753906	136.6199951171875	131.5800018310547	135.72000122070312	135.7106475830078	264879700
2024-10-17	139.33999633789062	140.88999938964844	136.8699951171875	136.92999267578125	136.92056274414062	306435900
2024-10-18	138.6699981689453	138.89999389648438	137.27999877929688	138.0	137.99049377441406	176090200
2024-10-21	138.1300048828125	143.7100067138672	138.0	143.7100067138672	143.70010375976562	264554500
2024-10-22	142.91000366210938	144.4199981689453	141.77999877929688	143.58999633789062	143.58010864257812	226311600
2024-10-23	142.02999877929688	142.42999267578125	137.4600067138672	139.55999755859375	139.55038452148438	285930000
2024-10-24	140.82000732421875	141.35000610351562	138.4600067138672	140.41000366210938	140.40032958984375	172354900
2024-10-25	140.92999267578125	144.1300048828125	140.8000030517578	141.5399932861328	141.53024291992188	205122100
2024-10-28	143.0	143.13999938964844	140.0500030517578	140.52000427246094	140.51031494140625	173586700
2024-10-29	140.2899932861328	142.25999450683594	138.89999389648438	141.25	141.24026489257812	157593600
2024-10-30	139.5399932861328	140.3300018310547	136.80999755859375	139.33999633789062	139.3303985595703	179418100
2024-10-31	137.60000610351562	137.61000061035156	132.11000061035156	132.75999450683594	132.7508544921875	270039600
2024-11-01	134.6999969482422	137.30999755859375	134.57000732421875	135.39999389648438	135.3906707763672	207127800
2024-11-04	137.2100067138672	138.9600067138672	135.57000732421875	136.0500030517578	136.04063415527344	187528200
2024-11-05	137.4499969482422	140.3699951171875	137.3300018310547	139.91000366210938	139.90036010742188	160537400
2024-11-06	142.9600067138672	146.49000549316406	141.9600067138672	145.61000061035156	145.59996032714844	242043900
2024-11-07	146.38999938964844	148.92999267578125	146.1699981689453	148.8800048828125	148.8697509765625	207323300
2024-11-08	148.77000427246094	149.77000427246094	146.25999450683594	147.6300048828125	147.6198272705078	175665800
2024-11-11	148.67999267578125	148.85000610351562	143.57000732421875	145.25999450683594	145.24998474121094	182325600
2024-11-12	146.77999877929688	149.64999389648438	146.00999450683594	148.2899932861328	148.27976989746094	198634700
2024-11-13	149.07000732421875	149.3300018310547	145.89999389648438	146.27000427246094	146.25991821289062	191903300
2024-11-14	147.63999938964844	149.0	145.5500030517578	146.75999450683594	146.7498779296875	194463300
2024-11-15	144.8699951171875	145.24000549316406	140.0800018310547	141.97999572753906	141.97021484375	250132900
2024-11-18	139.5	141.5500030517578	137.14999389648438	140.14999389648438	140.1403350830078	221866000
2024-11-19	141.32000732421875	147.1300048828125	140.99000549316406	147.00999450683594	146.99986267089844	227834900
2024-11-20	147.41000366210938	147.55999755859375	142.72999572753906	145.88999938964844	145.87994384765625	309871700
2024-11-21	149.35000610351562	152.88999938964844	140.6999969482422	146.6699981689453	146.65989685058594	400946600
2024-11-22	145.92999267578125	147.16000366210938	141.10000610351562	141.9499969482422	141.94021606445312	236406200
2024-11-25	141.99000549316406	142.0500030517578	135.82000732421875	136.02000427246094	136.01063537597656	344941900
2024-11-26	137.6999969482422	139.3000030517578	135.6699981689453	136.9199981689453	136.9105682373047	190287700
2024-11-27	135.00999450683594	137.22000122070312	131.8000030517578	135.33999633789062	135.33067321777344	226370900
2024-11-29	136.77999877929688	139.35000610351562	136.0500030517578	138.25	138.240478515625	141863200
2024-12-02	138.8300018310547	140.4499969482422	137.82000732421875	138.6300048828125	138.62045288085938	171682800
2024-12-03	138.25999450683594	140.5399932861328	137.9499969482422	140.25999450683594	140.25033569335938	164414000
2024-12-04	142.0	145.7899932861328	140.2899932861328	145.13999938964844	145.1300048828125	231224300
2024-12-05	145.11000061035156	146.5399932861328	143.9499969482422	145.05999755859375	145.05999755859375	172621200
2024-12-06	144.60000610351562	145.6999969482422	141.30999755859375	142.44000244140625	142.44000244140625	188505600
2024-12-09	138.97000122070312	139.9499969482422	137.1300048828125	138.80999755859375	138.80999755859375	189308600
2024-12-10	139.00999450683594	141.82000732421875	133.7899932861328	135.07000732421875	135.07000732421875	210020900
2024-12-11	137.36000061035156	140.1699981689453	135.2100067138672	139.30999755859375	139.30999755859375	184905200
2024-12-12	137.0800018310547	138.44000244140625	135.8000030517578	137.33999633789062	137.33999633789062	159211400
2024-12-13	138.94000244140625	139.60000610351562	132.5399932861328	134.25	134.25	231514900
2024-12-16	134.17999267578125	134.39999389648438	130.4199981689453	132.0	132.0	237951100
2024-12-17	129.08999633789062	131.58999633789062	126.86000061035156	130.38999938964844	130.38999938964844	259410300
2024-12-18	133.86000061035156	136.6999969482422	128.27999877929688	128.91000366210938	128.91000366210938	277444500
2024-12-19	131.75999450683594	134.02999877929688	129.5500030517578	130.67999267578125	130.67999267578125	209719200
2024-12-20	129.80999755859375	135.27999877929688	128.22000122070312	134.6999969482422	134.6999969482422	306528600
2024-12-23	136.27999877929688	139.7899932861328	135.1199951171875	139.6699981689453	139.6699981689453	176053500
2024-12-24	140.0	141.89999389648438	138.64999389648438	140.22000122070312	140.22000122070312	105157000
2024-12-26	139.6999969482422	140.85000610351562	137.72999572753906	139.92999267578125	139.92999267578125	116205600
2024-12-27	138.5500030517578	139.02000427246094	134.7100067138672	137.00999450683594	137.00999450683594	170582600
2024-12-30	134.8300018310547	140.27000427246094	134.02000427246094	137.49000549316406	137.49000549316406	167734700
2024-12-31	138.02999877929688	138.07000732421875	133.8300018310547	134.2899932861328	134.2899932861328	155659200
2025-01-02	136.0	138.8800048828125	134.6300048828125	138.30999755859375	138.30999755859375	198247200
2025-01-03	140.00999450683594	144.89999389648438	139.72999572753906	144.47000122070312	144.47000122070312	229322500
2025-01-06	148.58999633789062	152.16000366210938	147.82000732421875	149.42999267578125	149.42999267578125	265377400
2025-01-07	153.02999877929688	153.1300048828125	140.00999450683594	140.13999938964844	140.13999938964844	351782200
2025-01-08	142.5800018310547	143.9499969482422	137.55999755859375	140.11000061035156	140.11000061035156	227349900
2025-01-10	137.4499969482422	139.9199981689453	134.22000122070312	135.91000366210938	135.91000366210938	207602500
2025-01-13	129.99000549316406	133.49000549316406	129.50999450683594	133.22999572753906	133.22999572753906	204808900
2025-01-14	136.0500030517578	136.3800048828125	130.0500030517578	131.75999450683594	131.75999450683594	195590500
2025-01-15	133.64999389648438	136.4499969482422	131.2899932861328	136.24000549316406	136.24000549316406	185217300
2025-01-16	138.63999938964844	138.75	133.49000549316406	133.57000732421875	133.57000732421875	209235600
2025-01-17	136.69000244140625	138.5	135.4600067138672	137.7100067138672	137.7100067138672	200492300
