Date	Open	High	Low	Close	Adj Close	Volume
2022-01-21	37.54999923706055	37.599998474121094	35.68000030517578	36.36000061035156	34.28466033935547	15762200
2022-01-24	35.290000915527344	36.68000030517578	34.68000030517578	36.599998474121094	34.51095962524414	17956500
2022-01-25	36.5099983215332	39.0	35.7599983215332	38.790000915527344	36.57595443725586	24167100
2022-01-26	39.060001373291016	40.279998779296875	38.41999816894531	39.79999923706055	37.52831268310547	25985100
2022-01-27	40.2599983215332	41.040000915527344	38.220001220703125	38.86000061035156	36.641963958740234	24350400
2022-01-28	38.91999816894531	40.34000015258789	38.689998626708984	39.68000030517578	37.415157318115234	18155000
2022-01-31	39.22999954223633	39.58000183105469	38.630001068115234	39.06999969482422	36.83997344970703	16444600
2022-02-01	38.77000045776367	39.86000061035156	38.439998626708984	39.52000045776367	37.26428985595703	18792000
2022-02-02	39.56999969482422	39.56999969482422	38.63999938964844	39.25	37.00970458984375	16356600
2022-02-03	39.43000030517578	39.43000030517578	38.40999984741211	38.58000183105469	36.3779411315918	12302100
2022-02-04	39.02000045776367	39.599998474121094	38.5099983215332	38.5099983215332	36.31193542480469	19955400
2022-02-07	38.2400016784668	40.880001068115234	38.040000915527344	40.27000045776367	37.97148513793945	20523700
2022-02-08	40.04999923706055	40.13999938964844	38.58000183105469	38.900001525878906	36.79389190673828	13575900
2022-02-09	39.0099983215332	39.720001220703125	38.86000061035156	39.400001525878906	37.26681900024414	12472500
2022-02-10	39.18000030517578	40.560001373291016	38.939998626708984	39.16999816894531	37.04927062988281	11082700
2022-02-11	39.40999984741211	40.7400016784668	39.09000015258789	40.619998931884766	38.42076873779297	15533600
2022-02-14	40.400001525878906	40.43000030517578	39.0	39.29999923706055	37.17223358154297	12804400
2022-02-15	38.439998626708984	40.18000030517578	38.119998931884766	40.09000015258789	37.91946029663086	14924600
2022-02-16	40.66999816894531	42.63999938964844	40.650001525878906	41.689998626708984	39.43282699584961	21249800
2022-02-17	41.09000015258789	41.54999923706055	40.810001373291016	41.11000061035156	38.88423538208008	9526500
2022-02-18	40.4900016784668	41.11000061035156	39.709999084472656	40.209999084472656	38.03296661376953	11301500
2022-02-22	41.43000030517578	41.560001373291016	38.959999084472656	39.54999923706055	37.408695220947266	20930000
2022-02-23	39.79999923706055	40.380001068115234	39.38999938964844	39.7400016784668	37.58840560913086	9462300
2022-02-24	39.7400016784668	39.97999954223633	37.290000915527344	38.31999969482422	36.24529266357422	21602400
2022-02-25	38.439998626708984	39.599998474121094	38.290000915527344	39.45000076293945	37.31410598754883	11382000
2022-02-28	38.880001068115234	39.27000045776367	37.970001220703125	39.2400016784668	37.115482330322266	14946300
2022-03-01	39.63999938964844	39.91999816894531	36.66999816894531	37.66999816894531	35.6304817199707	20586200
2022-03-02	38.56999969482422	39.470001220703125	38.189998626708984	39.2400016784668	37.115482330322266	16209100
2022-03-03	38.630001068115234	38.83000183105469	37.52000045776367	38.52000045776367	36.434471130371094	22756100
2022-03-04	38.150001525878906	39.06999969482422	37.70000076293945	38.939998626708984	36.831729888916016	22922900
2022-03-07	39.4900016784668	43.400001525878906	39.380001068115234	42.099998474121094	39.82062530517578	29778900
2022-03-08	43.04999923706055	46.27000045776367	43.04999923706055	45.08000183105469	42.6392936706543	41068100
2022-03-09	43.38999938964844	44.279998779296875	41.5	42.560001373291016	40.255733489990234	30347200
2022-03-10	43.099998474121094	43.720001220703125	42.09000015258789	43.400001525878906	41.050254821777344	15498300
2022-03-11	42.68000030517578	43.70000076293945	42.439998626708984	42.900001525878906	40.577327728271484	13251200
2022-03-14	42.06999969482422	42.06999969482422	40.84000015258789	41.54999923706055	39.300411224365234	14389400
2022-03-15	39.81999969482422	40.54999923706055	38.689998626708984	39.2599983215332	37.134395599365234	17239000
2022-03-16	39.369998931884766	39.880001068115234	37.599998474121094	37.880001068115234	35.8291130065918	27499200
2022-03-17	38.75	39.84000015258789	38.310001373291016	39.5099983215332	37.37086486816406	37986300
2022-03-18	39.45000076293945	40.290000915527344	39.13999938964844	39.72999954223633	37.578948974609375	28267600
2022-03-21	40.66999816894531	41.4900016784668	40.52000045776367	41.189998626708984	38.959903717041016	19283700
2022-03-22	41.20000076293945	42.0099983215332	40.869998931884766	41.20000076293945	38.9693603515625	15467100
2022-03-23	42.119998931884766	42.869998931884766	41.9900016784668	42.40999984741211	40.11384582519531	19967500
2022-03-24	42.4900016784668	43.720001220703125	42.310001373291016	42.63999938964844	40.33139419555664	16281400
2022-03-25	42.470001220703125	43.70000076293945	42.27000045776367	43.68000030517578	41.31509017944336	12252900
2022-03-28	42.599998474121094	42.63999938964844	41.439998626708984	41.72999954223633	39.47066879272461	13984200
2022-03-29	40.4900016784668	42.79999923706055	40.189998626708984	42.630001068115234	40.32194519042969	13207500
2022-03-30	42.83000183105469	43.45000076293945	41.95000076293945	42.209999084472656	39.92467498779297	10201700
2022-03-31	41.689998626708984	42.40999984741211	41.2400016784668	41.310001373291016	39.07341003417969	11618700
2022-04-01	41.20000076293945	42.470001220703125	41.18000030517578	41.689998626708984	39.43282699584961	12210600
2022-04-04	41.91999816894531	42.27000045776367	40.7400016784668	41.54999923706055	39.300411224365234	10618200
2022-04-05	41.470001220703125	42.36000061035156	40.380001068115234	40.459999084472656	38.26942443847656	10473900
2022-04-06	40.970001220703125	41.34000015258789	40.31999969482422	40.779998779296875	38.57210159301758	8726600
2022-04-07	41.0099983215332	41.459999084472656	39.7400016784668	40.970001220703125	38.75181579589844	8895800
2022-04-08	41.33000183105469	42.720001220703125	41.11000061035156	42.54999923706055	40.246273040771484	10526400
2022-04-11	42.63999938964844	42.63999938964844	41.27000045776367	41.33000183105469	39.09233093261719	7999000
2022-04-12	41.9900016784668	42.90999984741211	41.29999923706055	41.529998779296875	39.281494140625	8112800
2022-04-13	42.099998474121094	42.66999816894531	41.5099983215332	42.56999969482422	40.26519012451172	8596100
2022-04-14	42.36000061035156	43.470001220703125	42.13999938964844	43.25	40.90837478637695	10714500
2022-04-18	43.54999923706055	44.439998626708984	43.150001525878906	43.68000030517578	41.31509017944336	11127900
2022-04-19	43.130001068115234	44.5099983215332	43.0	43.43000030517578	41.07862854003906	10033700
2022-04-20	43.56999969482422	43.869998931884766	41.779998779296875	42.68000030517578	40.36923599243164	11945100
2022-04-21	43.34000015258789	43.43000030517578	40.119998931884766	40.650001525878906	38.449134826660156	18181500
2022-04-22	39.970001220703125	43.4900016784668	39.689998626708984	41.650001525878906	39.39500427246094	20746000
2022-04-25	40.0	40.029998779296875	36.95000076293945	38.689998626708984	36.59526062011719	23976100
2022-04-26	38.79999923706055	40.630001068115234	38.02000045776367	39.540000915527344	37.399234771728516	19941000
2022-04-27	40.150001525878906	40.459999084472656	39.290000915527344	39.95000076293945	37.78703308105469	10619400
2022-04-28	40.36000061035156	40.4900016784668	38.540000915527344	40.11000061035156	37.93837356567383	11502600
2022-04-29	40.52000045776367	40.90999984741211	38.83000183105469	39.0099983215332	36.89793395996094	10611900
2022-05-02	38.34000015258789	39.52000045776367	38.16999816894531	39.11000061035156	36.99252700805664	11445200
2022-05-03	38.9900016784668	40.4900016784668	38.90999984741211	40.150001525878906	37.97621536254883	8876500
2022-05-04	41.290000915527344	42.689998626708984	40.45000076293945	42.599998474121094	40.29356002807617	11713700
2022-05-05	43.2400016784668	43.43000030517578	41.41999816894531	42.08000183105469	39.80172348022461	16281500
2022-05-06	42.58000183105469	43.599998474121094	41.5099983215332	43.029998779296875	40.700286865234375	12396000
2022-05-09	41.84000015258789	42.16999816894531	38.029998779296875	38.040000915527344	35.98044967651367	14845900
2022-05-10	38.470001220703125	39.150001525878906	36.959999084472656	37.88999938964844	35.83857345581055	11063400
2022-05-11	38.41999816894531	39.93000030517578	38.2599983215332	38.369998931884766	36.29258346557617	11569100
2022-05-12	37.97999954223633	39.06999969482422	37.08000183105469	39.029998779296875	36.91684341430664	13434300
2022-05-13	39.689998626708984	40.83000183105469	39.56999969482422	40.7400016784668	38.53426742553711	9798900
2022-05-16	40.86000061035156	42.58000183105469	40.79999923706055	42.13999938964844	39.85847091674805	10181600
2022-05-17	42.52000045776367	43.43000030517578	42.40999984741211	42.95000076293945	40.62461853027344	9936900
2022-05-18	43.34000015258789	43.52000045776367	40.52000045776367	41.130001068115234	38.90315246582031	9734900
2022-05-19	40.040000915527344	41.41999816894531	40.0099983215332	40.849998474121094	38.63831329345703	12123900
2022-05-20	41.38999938964844	42.06999969482422	40.43000030517578	41.119998931884766	38.893699645996094	9870700
2022-05-23	41.90999984741211	43.9900016784668	41.459999084472656	43.810001373291016	41.43805694580078	13288000
2022-05-24	42.970001220703125	44.20000076293945	42.459999084472656	43.900001525878906	41.523189544677734	11259800
2022-05-25	43.70000076293945	45.310001373291016	43.56999969482422	45.04999923706055	42.61091232299805	17205000
2022-05-26	45.5	47.08000183105469	45.40999984741211	46.689998626708984	44.16212844848633	16282900
2022-05-27	46.2599983215332	48.41999816894531	46.130001068115234	48.209999084472656	45.59983444213867	13950700
2022-05-31	48.689998626708984	48.689998626708984	45.43000030517578	45.959999084472656	43.6300163269043	28706600
2022-06-01	47.040000915527344	47.33000183105469	46.0	46.68000030517578	44.31352996826172	15207500
2022-06-02	46.709999084472656	46.869998931884766	45.91999816894531	46.29999923706055	43.952781677246094	8155100
2022-06-03	46.40999984741211	47.72999954223633	46.33000183105469	47.470001220703125	45.06346893310547	8854400
2022-06-06	47.790000915527344	48.0	46.880001068115234	47.220001220703125	44.82614517211914	6697000
2022-06-07	47.0	49.08000183105469	46.869998931884766	48.93000030517578	46.44944763183594	14735800
2022-06-08	49.0	49.83000183105469	48.08000183105469	49.56999969482422	47.05701446533203	15101200
2022-06-09	48.790000915527344	49.15999984741211	48.099998474121094	48.13999938964844	45.69950485229492	11473800
2022-06-10	47.16999816894531	47.880001068115234	46.52000045776367	47.209999084472656	44.816650390625	11294000
2022-06-13	45.31999969482422	45.560001373291016	43.54999923706055	44.31999969482422	42.07316207885742	12470100
2022-06-14	45.040000915527344	45.40999984741211	42.5099983215332	43.220001220703125	41.0289306640625	13488800
2022-06-15	43.59000015258789	43.59000015258789	41.150001525878906	41.52000045776367	39.41510772705078	15091800
2022-06-16	40.529998779296875	40.65999984741211	38.31999969482422	38.47999954223633	36.52922439575195	21591700
2022-06-17	38.599998474121094	39.150001525878906	36.470001220703125	36.63999938964844	34.78249740600586	32283000
2022-06-21	37.88999938964844	39.27000045776367	37.61000061035156	38.81999969482422	36.85198974609375	18172900
2022-06-22	36.470001220703125	38.31999969482422	36.09000015258789	37.52000045776367	35.617897033691406	17335000
2022-06-23	37.66999816894531	37.7599983215332	34.369998931884766	34.97999954223633	33.206661224365234	28165700
2022-06-24	35.220001220703125	36.5	34.65999984741211	35.060001373291016	33.28260803222656	22910700
2022-06-27	35.779998779296875	35.97999954223633	34.91999816894531	35.88999938964844	34.070526123046875	29428500
2022-06-28	36.810001373291016	37.72999954223633	36.470001220703125	36.970001220703125	35.09577560424805	13896200
2022-06-29	37.52000045776367	37.630001068115234	35.95000076293945	36.18000030517578	34.345821380615234	12475300
2022-06-30	35.36000061035156	36.939998626708984	35.31999969482422	35.7599983215332	33.947120666503906	15332400
2022-07-01	35.959999084472656	36.040000915527344	34.11000061035156	35.650001525878906	33.84270095825195	10823800
2022-07-05	34.529998779296875	35.150001525878906	32.70000076293945	33.33000183105469	31.640316009521484	17642100
2022-07-06	32.88999938964844	33.619998931884766	31.6299991607666	32.72999954223633	31.070730209350586	13030900
2022-07-07	33.939998626708984	34.93000030517578	33.779998779296875	34.380001068115234	32.6370849609375	10077500
2022-07-08	34.90999984741211	35.220001220703125	33.880001068115234	34.31999969482422	32.580116271972656	11027700
2022-07-11	33.619998931884766	33.970001220703125	33.08000183105469	33.369998931884766	31.678285598754883	8918700
2022-07-12	32.16999816894531	33.18000030517578	32.09000015258789	32.72999954223633	31.070730209350586	10281400
2022-07-13	32.18000030517578	33.43000030517578	32.02000045776367	32.290000915527344	30.65303611755371	9137200
2022-07-14	31.0	31.440000534057617	30.649999618530273	31.329999923706055	29.741701126098633	14827800
2022-07-15	32.060001373291016	32.36000061035156	31.34000015258789	32.29999923706055	30.662527084350586	10672600
2022-07-18	33.20000076293945	33.56999969482422	32.900001525878906	33.130001068115234	31.450450897216797	11493100
2022-07-19	33.08000183105469	34.34000015258789	33.08000183105469	34.220001220703125	32.485198974609375	10867200
2022-07-20	33.54999923706055	34.25	33.2599983215332	34.13999938964844	32.409244537353516	9984500
2022-07-21	32.97999954223633	33.63999938964844	32.2599983215332	33.630001068115234	31.92510223388672	14583000
2022-07-22	35.40999984741211	36.4900016784668	34.849998474121094	35.06999969482422	33.292091369628906	19748000
2022-07-25	35.650001525878906	36.2599983215332	35.0099983215332	36.16999816894531	34.336334228515625	13120000
2022-07-26	36.79999923706055	37.11000061035156	35.04999923706055	35.599998474121094	33.795223236083984	17232100
2022-07-27	36.040000915527344	36.619998931884766	35.540000915527344	36.33000183105469	34.48822784423828	11075300
2022-07-28	36.63999938964844	36.900001525878906	35.2400016784668	35.709999084472656	33.899654388427734	10292800
2022-07-29	36.2599983215332	37.20000076293945	35.779998779296875	37.029998779296875	35.15273666381836	12313200
2022-08-01	36.2400016784668	36.779998779296875	35.380001068115234	36.400001525878906	34.55467224121094	12620600
2022-08-02	36.5	37.18000030517578	36.33000183105469	36.689998626708984	34.82997131347656	9987500
2022-08-03	36.90999984741211	37.040000915527344	35.369998931884766	35.540000915527344	33.738277435302734	11558500
2022-08-04	35.29999923706055	35.380001068115234	33.79999923706055	33.95000076293945	32.2288818359375	11744100
2022-08-05	33.5099983215332	35.130001068115234	33.43000030517578	34.65999984741211	32.902889251708984	6863400
2022-08-08	34.689998626708984	35.15999984741211	34.5	34.650001525878906	32.89339828491211	6053100
2022-08-09	35.2400016784668	35.369998931884766	34.650001525878906	34.9900016784668	33.21615982055664	7616100
2022-08-10	34.9900016784668	35.27000045776367	33.81999969482422	34.91999816894531	33.14969253540039	13302600
2022-08-11	35.599998474121094	37.310001373291016	35.59000015258789	36.88999938964844	35.019832611083984	13140900
2022-08-12	36.59000015258789	37.22999954223633	36.25	37.13999938964844	35.25715637207031	6642800
2022-08-15	35.7400016784668	36.029998779296875	35.029998779296875	35.7599983215332	33.947120666503906	7639400
2022-08-16	35.97999954223633	36.61000061035156	35.290000915527344	35.58000183105469	33.776248931884766	9698300
2022-08-17	35.22999954223633	35.81999969482422	34.849998474121094	35.400001525878906	33.60537338256836	7703300
2022-08-18	36.040000915527344	37.22999954223633	35.970001220703125	37.130001068115234	35.24766540527344	10758700
2022-08-19	36.86000061035156	37.56999969482422	36.61000061035156	37.119998931884766	35.2381706237793	12893900
2022-08-22	36.709999084472656	37.41999816894531	36.09000015258789	36.91999816894531	35.048309326171875	9126300
2022-08-23	37.709999084472656	39.560001373291016	37.560001373291016	39.36000061035156	37.36461639404297	15983600
2022-08-24	39.13999938964844	40.099998474121094	39.13999938964844	39.90999984741211	37.88672637939453	11498400
2022-08-25	40.119998931884766	40.900001525878906	40.02000045776367	40.16999816894531	38.13355255126953	12737900
2022-08-26	39.91999816894531	40.27000045776367	39.20000076293945	39.41999816894531	37.42156982421875	8944200
2022-08-29	39.29999923706055	40.84000015258789	39.060001373291016	40.380001068115234	38.332908630371094	11663700
2022-08-30	39.630001068115234	39.70000076293945	38.22999954223633	38.68000030517578	36.71908187866211	12149300
2022-08-31	37.77000045776367	39.15999984741211	37.29999923706055	38.150001525878906	36.21596145629883	12383000
2022-09-01	37.54999923706055	37.83000183105469	36.43000030517578	36.849998474121094	34.98185348510742	10516700
2022-09-02	38.099998474121094	38.630001068115234	37.4900016784668	38.06999969482422	36.140010833740234	11375100
2022-09-06	38.2400016784668	38.529998779296875	37.13999938964844	37.36000061035156	35.629783630371094	10785100
2022-09-07	36.439998626708984	37.18000030517578	35.9900016784668	37.060001373291016	35.34368133544922	11759900
2022-09-08	37.38999938964844	38.5099983215332	37.16999816894531	38.16999816894531	36.40227508544922	14681800
2022-09-09	39.04999923706055	39.869998931884766	38.65999984741211	39.650001525878906	37.8137321472168	9628600
2022-09-12	40.029998779296875	40.47999954223633	39.59000015258789	40.150001525878906	38.29057693481445	8935200
2022-09-13	39.56999969482422	40.06999969482422	38.22999954223633	38.470001220703125	36.688377380371094	11124100
2022-09-14	38.97999954223633	40.45000076293945	38.97999954223633	40.2400016784668	38.37641143798828	9958200
2022-09-15	39.36000061035156	40.040000915527344	39.150001525878906	39.630001068115234	37.794654846191406	9945700
2022-09-16	39.29999923706055	39.380001068115234	37.63999938964844	38.369998931884766	36.59300994873047	16890300
2022-09-19	37.16999816894531	39.029998779296875	37.09000015258789	38.970001220703125	37.165225982666016	7377600
2022-09-20	38.709999084472656	38.75	38.040000915527344	38.5	36.71699142456055	9360500
2022-09-21	39.11000061035156	39.43000030517578	37.54999923706055	37.58000183105469	35.839603424072266	9153000
2022-09-22	38.099998474121094	38.7400016784668	37.84000015258789	38.22999954223633	36.459495544433594	12875000
2022-09-23	36.25	36.459999084472656	34.380001068115234	35.0	33.37908172607422	17421000
2022-09-26	34.95000076293945	35.349998474121094	33.79999923706055	33.86000061035156	32.29187774658203	12006400
2022-09-27	34.599998474121094	35.29999923706055	33.86000061035156	33.97999954223633	32.40632247924805	12712500
2022-09-28	34.40999984741211	35.63999938964844	34.099998474121094	35.439998626708984	33.798709869384766	12205400
2022-09-29	35.150001525878906	36.0099983215332	34.29999923706055	35.970001220703125	34.304168701171875	12191700
2022-09-30	35.470001220703125	36.61000061035156	35.27000045776367	35.900001525878906	34.23740768432617	15329800
2022-10-03	37.58000183105469	38.529998779296875	37.31999969482422	38.29999923706055	36.52625274658203	13978200
2022-10-04	39.16999816894531	39.84000015258789	38.59000015258789	39.119998931884766	37.30827713012695	16268000
2022-10-05	39.130001068115234	41.939998626708984	39.130001068115234	41.56999969482422	39.64480972290039	28104400
2022-10-06	41.380001068115234	42.84000015258789	41.220001220703125	42.4900016784668	40.52220916748047	16403000
2022-10-07	42.529998779296875	43.119998931884766	41.68000030517578	42.59000015258789	40.617576599121094	15953800
2022-10-10	42.33000183105469	43.02000045776367	41.59000015258789	42.130001068115234	40.17888259887695	10380600
2022-10-11	41.27000045776367	42.290000915527344	41.099998474121094	41.7599983215332	39.826011657714844	10474800
2022-10-12	41.5	42.33000183105469	41.20000076293945	42.02000045776367	40.07396697998047	11271700
2022-10-13	41.810001373291016	44.33000183105469	41.779998779296875	44.189998626708984	42.143470764160156	16364400
2022-10-14	43.540000915527344	44.099998474121094	42.09000015258789	42.15999984741211	40.207489013671875	11504700
2022-10-17	43.0	43.40999984741211	42.209999084472656	42.86000061035156	40.87506866455078	10330300
2022-10-18	43.41999816894531	43.970001220703125	42.560001373291016	43.36000061035156	41.35191345214844	9734500
2022-10-19	44.0	45.619998931884766	43.84000015258789	45.470001220703125	43.364200592041016	16869400
2022-10-20	46.0	46.22999954223633	45.2400016784668	45.689998626708984	43.57400894165039	15915700
2022-10-21	46.970001220703125	50.540000915527344	46.790000915527344	50.40999984741211	48.075416564941406	35351400
2022-10-24	50.060001373291016	52.5099983215332	49.65999984741211	52.150001525878906	49.734832763671875	27296600
2022-10-25	51.88999938964844	52.68000030517578	51.209999084472656	52.470001220703125	50.04001235961914	18932500
2022-10-26	52.93000030517578	53.88999938964844	52.13999938964844	52.18000030517578	49.76344299316406	18232500
2022-10-27	53.0	53.599998474121094	51.5	51.68000030517578	49.286598205566406	18298200
2022-10-28	51.040000915527344	51.709999084472656	49.77000045776367	50.45000076293945	48.113563537597656	15772800
2022-10-31	50.0099983215332	52.41999816894531	50.0099983215332	52.029998779296875	49.62038803100586	16663800
2022-11-01	52.70000076293945	52.939998626708984	51.5	51.54999923706055	49.162628173828125	11932200
2022-11-02	51.27000045776367	52.380001068115234	50.70000076293945	51.13999938964844	48.771610260009766	11892300
2022-11-03	50.61000061035156	52.130001068115234	50.5	51.79999923706055	49.40104675292969	15764600
2022-11-04	53.349998474121094	54.029998779296875	52.22999954223633	53.099998474121094	50.64084243774414	16764500
2022-11-07	53.0	55.11000061035156	52.810001373291016	54.810001373291016	52.27165222167969	19928100
2022-11-08	54.810001373291016	55.119998931884766	54.18000030517578	54.689998626708984	52.157196044921875	15249600
2022-11-09	54.09000015258789	54.09000015258789	52.790000915527344	53.06999969482422	50.61222457885742	21809000
2022-11-10	53.790000915527344	54.15999984741211	52.45000076293945	53.099998474121094	50.64084243774414	13088700
2022-11-11	54.189998626708984	55.2599983215332	54.16999816894531	54.81999969482422	52.281185150146484	14725000
2022-11-14	54.619998931884766	56.040000915527344	53.869998931884766	54.06999969482422	51.56591796875	9089200
2022-11-15	54.45000076293945	55.0	53.58000183105469	54.66999816894531	52.13813018798828	9513400
2022-11-16	54.150001525878906	54.61000061035156	52.61000061035156	52.9900016784668	50.53593444824219	13414600
2022-11-17	52.0	52.86000061035156	51.41999816894531	52.83000183105469	50.383338928222656	9868200
2022-11-18	51.849998474121094	53.61000061035156	50.880001068115234	53.439998626708984	50.965087890625	12140200
2022-11-21	51.2400016784668	52.689998626708984	48.86000061035156	52.27000045776367	49.849281311035156	18814400
2022-11-22	53.02000045776367	53.77000045776367	51.83000183105469	53.63999938964844	51.15582275390625	8969800
2022-11-23	52.45000076293945	52.88999938964844	51.060001373291016	51.41999816894531	49.03864669799805	10463200
2022-11-25	51.13999938964844	51.52000045776367	50.529998779296875	50.83000183105469	48.47596740722656	4951900
2022-11-28	49.5099983215332	50.83000183105469	49.08000183105469	49.880001068115234	47.56996536254883	15397500
2022-11-29	50.599998474121094	51.38999938964844	49.93000030517578	51.04999923706055	48.68577575683594	10809300
2022-11-30	51.58000183105469	51.900001525878906	50.47999954223633	51.54999923706055	49.162628173828125	19230300
2022-12-01	52.31999969482422	52.7400016784668	51.459999084472656	51.7599983215332	49.362892150878906	8152900
2022-12-02	51.5	52.880001068115234	51.290000915527344	52.790000915527344	50.34519958496094	9378600
2022-12-05	53.529998779296875	54.18000030517578	50.95000076293945	51.380001068115234	49.00049591064453	12047000
2022-12-06	50.939998626708984	52.099998474121094	50.47999954223633	50.880001068115234	48.68948745727539	12311000
2022-12-07	50.97999954223633	51.79999923706055	49.54999923706055	49.79999923706055	47.655982971191406	9700900
2022-12-08	50.90999984741211	51.619998931884766	49.5	49.91999816894531	47.77082061767578	9367800
2022-12-09	49.91999816894531	50.529998779296875	46.83000183105469	46.970001220703125	44.94782257080078	16079900
2022-12-12	47.060001373291016	49.209999084472656	47.0	49.099998474121094	46.98611831665039	11416900
2022-12-13	50.25	51.380001068115234	49.95000076293945	51.04999923706055	48.85216522216797	11659700
2022-12-14	51.33000183105469	51.560001373291016	49.939998626708984	50.43000030517578	48.25886154174805	10212200
2022-12-15	50.119998931884766	50.45000076293945	49.349998474121094	50.11000061035156	47.952640533447266	11048100
2022-12-16	48.95000076293945	49.459999084472656	48.25	49.380001068115234	47.25406265258789	22945200
2022-12-19	49.959999084472656	50.540000915527344	49.41999816894531	49.83000183105469	47.68470001220703	7447000
2022-12-20	49.95000076293945	52.09000015258789	49.81999969482422	51.7599983215332	49.53159713745117	11496100
2022-12-21	52.849998474121094	53.59000015258789	51.91999816894531	53.310001373291016	51.01487350463867	9019500
2022-12-22	53.31999969482422	53.529998779296875	50.130001068115234	51.38999938964844	49.17753219604492	7574500
2022-12-23	52.20000076293945	53.0	51.380001068115234	52.9900016784668	50.708648681640625	8082300
2022-12-27	53.34000015258789	53.869998931884766	52.790000915527344	53.5	51.19668960571289	6200900
2022-12-28	53.369998931884766	53.63999938964844	51.9900016784668	52.599998474121094	50.33543395996094	7192700
2022-12-29	52.40999984741211	53.15999984741211	52.060001373291016	52.90999984741211	50.63209915161133	5200000
2022-12-30	52.52000045776367	53.54999923706055	52.400001525878906	53.459999084472656	51.15841293334961	4629800
2023-01-03	52.86000061035156	53.59000015258789	50.36000061035156	51.5	49.28279495239258	8487800
2023-01-04	50.459999084472656	52.029998779296875	50.189998626708984	51.70000076293945	49.47418975830078	9069800
2023-01-05	51.65999984741211	53.209999084472656	51.65999984741211	52.66999816894531	50.40242004394531	6622100
2023-01-06	53.45000076293945	54.70000076293945	53.29999923706055	54.5	52.15363693237305	10171800
2023-01-09	55.279998779296875	56.279998779296875	55.099998474121094	55.63999938964844	53.24456024169922	12104300
2023-01-10	55.599998474121094	56.16999816894531	54.95000076293945	55.959999084472656	53.550777435302734	7080300
2023-01-11	55.95000076293945	56.75	55.72999954223633	56.31999969482422	53.89528274536133	8856900
2023-01-12	56.22999954223633	58.61000061035156	56.18000030517578	58.0	55.502952575683594	12857100
2023-01-13	57.9900016784668	58.52000045776367	57.33000183105469	58.279998779296875	55.770896911621094	7345000
2023-01-17	58.150001525878906	58.93000030517578	57.959999084472656	58.459999084472656	55.943145751953125	8467200
2023-01-18	58.939998626708984	59.45000076293945	57.029998779296875	57.130001068115234	54.670406341552734	11332700
2023-01-19	56.290000915527344	57.939998626708984	56.209999084472656	57.380001068115234	54.90964889526367	15283700
2023-01-20	57.4900016784668	58.9900016784668	56.220001220703125	57.349998474121094	54.88093566894531	19204800
2023-01-23	57.5	57.70000076293945	55.22999954223633	55.86000061035156	53.45508575439453	15090600
2023-01-24	54.06999969482422	56.439998626708984	54.06999969482422	55.470001220703125	53.081871032714844	8784400
2023-01-25	55.150001525878906	56.5	54.27000045776367	56.25	53.82830047607422	9053000
2023-01-26	56.619998931884766	57.54999923706055	55.29999923706055	57.470001220703125	54.99576950073242	8581500
2023-01-27	57.31999969482422	58.099998474121094	56.599998474121094	56.970001220703125	54.517295837402344	7669500
2023-01-30	56.630001068115234	56.83000183105469	56.119998931884766	56.34000015258789	53.91442108154297	6181100
2023-01-31	56.279998779296875	57.439998626708984	55.97999954223633	56.97999954223633	54.526859283447266	5951900
2023-02-01	56.90999984741211	57.439998626708984	55.0	55.70000076293945	53.301971435546875	10454000
2023-02-02	55.2599983215332	55.2599983215332	51.970001220703125	52.290000915527344	50.03878402709961	17007600
2023-02-03	52.81999969482422	54.66999816894531	52.54999923706055	52.63999938964844	50.373714447021484	10737000
2023-02-06	52.79999923706055	53.380001068115234	52.189998626708984	53.09000015258789	50.804344177246094	6482100
2023-02-07	53.439998626708984	54.130001068115234	52.7400016784668	53.88999938964844	51.81389236450195	9109700
2023-02-08	54.0	55.130001068115234	53.75	54.709999084472656	52.602298736572266	7939900
2023-02-09	54.459999084472656	54.7400016784668	53.7400016784668	53.84000015258789	51.76581573486328	7116500
2023-02-10	54.77000045776367	56.41999816894531	54.47999954223633	56.36000061035156	54.18873977661133	9410700
2023-02-13	55.900001525878906	57.36000061035156	55.2400016784668	57.310001373291016	55.102134704589844	8964200
2023-02-14	56.40999984741211	57.79999923706055	56.11000061035156	56.81999969482422	54.63100814819336	7437300
2023-02-15	56.150001525878906	56.29999923706055	55.02000045776367	55.9900016784668	53.83299255371094	7077200
2023-02-16	56.0	56.59000015258789	55.41999816894531	55.779998779296875	53.631080627441406	5089700
2023-02-17	55.0	55.060001373291016	53.130001068115234	53.34000015258789	51.28508377075195	9162900
2023-02-21	53.29999923706055	54.59000015258789	53.27000045776367	53.400001525878906	51.34276580810547	7422100
2023-02-22	53.15999984741211	53.939998626708984	52.040000915527344	52.40999984741211	50.39091110229492	9181100
2023-02-23	53.58000183105469	54.02000045776367	52.869998931884766	53.31999969482422	51.26585006713867	6324500
2023-02-24	52.79999923706055	54.130001068115234	52.20000076293945	53.91999816894531	51.84273147583008	8458700
2023-02-27	54.029998779296875	54.529998779296875	53.38999938964844	54.400001525878906	52.30424499511719	6287000
2023-02-28	54.9900016784668	55.290000915527344	53.20000076293945	53.209999084472656	51.16008758544922	10634200
2023-03-01	53.25	55.15999984741211	53.119998931884766	54.88999938964844	52.775360107421875	7166500
2023-03-02	54.619998931884766	55.47999954223633	54.04999923706055	55.29999923706055	53.16957473754883	5668300
2023-03-03	54.4900016784668	56.13999938964844	54.189998626708984	55.9900016784668	53.83299255371094	6726500
2023-03-06	55.470001220703125	55.72999954223633	54.939998626708984	55.349998474121094	53.2176399230957	6116600
2023-03-07	55.02000045776367	55.06999969482422	54.0	54.040000915527344	51.95811462402344	6908500
2023-03-08	53.709999084472656	54.2599983215332	52.31999969482422	53.540000915527344	51.47737503051758	7555000
2023-03-09	53.900001525878906	54.439998626708984	52.099998474121094	52.189998626708984	50.17938232421875	8844300
2023-03-10	51.77000045776367	52.95000076293945	50.65999984741211	51.0	49.03522491455078	8608400
2023-03-13	49.369998931884766	50.4900016784668	48.31999969482422	48.84000015258789	46.958438873291016	10914700
2023-03-14	49.25	50.88999938964844	48.45000076293945	49.36000061035156	47.45840835571289	10345900
2023-03-15	46.77000045776367	46.959999084472656	44.720001220703125	45.31999969482422	43.57405090332031	18103300
2023-03-16	44.34000015258789	46.529998779296875	44.08000183105469	46.18000030517578	44.400917053222656	16769500
2023-03-17	45.95000076293945	46.0	44.369998931884766	44.68000030517578	42.958702087402344	20723800
2023-03-20	44.88999938964844	46.54999923706055	44.70000076293945	46.220001220703125	44.43937683105469	10496100
2023-03-21	47.9900016784668	48.65999984741211	47.52000045776367	48.279998779296875	46.420013427734375	10486500
2023-03-22	48.54999923706055	48.90999984741211	47.290000915527344	47.400001525878906	45.573917388916016	11557000
2023-03-23	47.439998626708984	47.84000015258789	45.040000915527344	45.47999954223633	43.72787857055664	12213400
2023-03-24	44.209999084472656	45.0	43.81999969482422	44.56999969482422	42.852943420410156	19753600
2023-03-27	45.619998931884766	46.93000030517578	45.209999084472656	46.77000045776367	44.96818923950195	10579800
2023-03-28	46.77000045776367	47.869998931884766	46.5099983215332	47.63999938964844	45.80466842651367	6816200
2023-03-29	48.25	48.79999923706055	48.029998779296875	48.70000076293945	46.82383346557617	9569700
2023-03-30	49.38999938964844	49.529998779296875	48.4900016784668	48.7400016784668	46.86229705810547	7353600
2023-03-31	48.849998474121094	49.47999954223633	48.619998931884766	49.099998474121094	47.20841979980469	8154000
2023-04-03	52.27000045776367	53.810001373291016	51.970001220703125	52.33000183105469	50.313987731933594	20003400
2023-04-04	52.36000061035156	52.529998779296875	49.959999084472656	50.459999084472656	48.516029357910156	9378100
2023-04-05	50.58000183105469	51.15999984741211	49.90999984741211	50.70000076293945	48.74678421020508	9102100
2023-04-06	50.68000030517578	50.84000015258789	49.5	49.619998931884766	47.70838928222656	6734100
2023-04-10	49.810001373291016	50.959999084472656	49.72999954223633	50.040000915527344	48.11221694946289	5278400
2023-04-11	50.33000183105469	51.400001525878906	49.95000076293945	51.13999938964844	49.16983413696289	8081100
2023-04-12	51.31999969482422	52.220001220703125	50.7599983215332	51.97999954223633	49.97747802734375	8400500
2023-04-13	51.939998626708984	52.29999923706055	51.7599983215332	51.88999938964844	49.89093780517578	6544300
2023-04-14	52.400001525878906	53.150001525878906	51.88999938964844	52.47999954223633	50.45820617675781	8037000
2023-04-17	52.29999923706055	52.75	51.400001525878906	52.060001373291016	50.05439376831055	7374800
2023-04-18	51.720001220703125	52.709999084472656	51.5099983215332	52.16999816894531	50.16014862060547	5551200
2023-04-19	51.91999816894531	52.7599983215332	51.65999984741211	52.630001068115234	50.60243225097656	7791400
2023-04-20	51.95000076293945	52.220001220703125	51.40999984741211	51.970001220703125	49.96786117553711	8134100
2023-04-21	51.7400016784668	51.75	49.09000015258789	49.79999923706055	47.8814582824707	15776000
2023-04-24	49.5099983215332	50.97999954223633	49.36000061035156	50.220001220703125	48.2852783203125	10252300
2023-04-25	49.400001525878906	49.63999938964844	47.97999954223633	48.959999084472656	47.073814392089844	9312100
2023-04-26	48.849998474121094	49.16999816894531	47.439998626708984	47.779998779296875	45.93928146362305	9098500
2023-04-27	47.38999938964844	48.290000915527344	46.97999954223633	47.959999084472656	46.11234664916992	9231400
2023-04-28	47.93000030517578	49.630001068115234	47.38999938964844	49.349998474121094	47.448795318603516	8621200
2023-05-01	48.84000015258789	49.58000183105469	48.459999084472656	49.150001525878906	47.25649642944336	5053300
2023-05-02	48.36000061035156	48.54999923706055	45.91999816894531	46.18000030517578	44.400917053222656	11963800
2023-05-03	45.470001220703125	46.06999969482422	45.08000183105469	45.27000045776367	43.525978088378906	9217900
2023-05-04	45.439998626708984	45.9900016784668	44.599998474121094	45.06999969482422	43.33367919921875	10085400
2023-05-05	46.540000915527344	46.68000030517578	45.58000183105469	45.75	43.987491607666016	9900400
2023-05-08	46.66999816894531	46.83000183105469	46.040000915527344	46.61000061035156	44.814353942871094	8861800
2023-05-09	46.369998931884766	47.709999084472656	46.290000915527344	47.16999816894531	45.352779388427734	9834600
2023-05-10	47.130001068115234	47.290000915527344	45.5099983215332	45.86000061035156	44.09324645996094	10124100
2023-05-11	45.15999984741211	45.310001373291016	43.900001525878906	44.13999938964844	42.439510345458984	15134300
2023-05-12	44.540000915527344	45.20000076293945	43.779998779296875	44.06999969482422	42.3722038269043	10198900
2023-05-15	44.380001068115234	44.880001068115234	43.90999984741211	44.599998474121094	42.88178253173828	6813200
2023-05-16	44.33000183105469	44.40999984741211	42.95000076293945	43.25	41.583797454833984	11890400
2023-05-17	43.84000015258789	44.5099983215332	43.040000915527344	44.5	42.785640716552734	12579400
2023-05-18	44.02000045776367	44.9900016784668	43.689998626708984	44.849998474121094	43.12215805053711	8372600
2023-05-19	45.380001068115234	45.7599983215332	45.02000045776367	45.27000045776367	43.525978088378906	8359100
2023-05-22	45.27000045776367	46.18000030517578	45.189998626708984	46.0	44.22785568237305	11126700
2023-05-23	46.31999969482422	46.5	45.79999923706055	46.060001373291016	44.285545349121094	7538700
2023-05-24	45.959999084472656	46.599998474121094	45.5	46.22999954223633	44.44898986816406	6895600
2023-05-25	45.29999923706055	45.70000076293945	44.58000183105469	45.15999984741211	43.42021560668945	15889300
2023-05-26	45.70000076293945	45.900001525878906	44.029998779296875	44.47999954223633	42.76640701293945	12290400
2023-05-30	43.58000183105469	44.349998474121094	43.25	44.310001373291016	42.60295867919922	8381900
2023-05-31	42.77000045776367	43.5	42.72999954223633	42.83000183105469	41.17997741699219	15547400
2023-06-01	43.060001373291016	45.619998931884766	42.900001525878906	44.97999954223633	43.247154235839844	12222900
2023-06-02	46.06999969482422	47.439998626708984	45.630001068115234	46.77000045776367	44.96818923950195	11282700
2023-06-05	47.61000061035156	47.61000061035156	46.09000015258789	46.220001220703125	44.43937683105469	7202400
2023-06-06	45.470001220703125	46.970001220703125	45.33000183105469	46.95000076293945	45.38674545288086	12366300
2023-06-07	47.31999969482422	48.33000183105469	47.130001068115234	48.130001068115234	46.527462005615234	9213700
2023-06-08	48.25	48.470001220703125	46.970001220703125	47.45000076293945	45.87010192871094	8289600
2023-06-09	47.560001373291016	48.189998626708984	47.15999984741211	47.529998779296875	45.94743347167969	6946100
2023-06-12	46.47999954223633	47.529998779296875	46.45000076293945	47.02000045776367	45.45441436767578	5885600
2023-06-13	47.88999938964844	49.09000015258789	47.7599983215332	47.959999084472656	46.36311721801758	8821300
2023-06-14	48.529998779296875	48.86000061035156	46.83000183105469	47.27000045776367	45.69609451293945	7072100
2023-06-15	47.77000045776367	48.34000015258789	47.72999954223633	47.900001525878906	46.305118560791016	6370500
2023-06-16	48.11000061035156	48.400001525878906	47.72999954223633	47.779998779296875	46.18911361694336	14740700
2023-06-20	46.93000030517578	47.36000061035156	46.470001220703125	47.2599983215332	45.686424255371094	7806600
2023-06-21	47.150001525878906	48.40999984741211	46.81999969482422	47.7599983215332	46.169776916503906	6725600
2023-06-22	47.5	47.630001068115234	46.79999923706055	46.84000015258789	45.28041076660156	8533100
2023-06-23	46.13999938964844	46.61000061035156	45.75	46.59000015258789	45.038734436035156	9302000
2023-06-26	46.66999816894531	47.7400016784668	46.5099983215332	47.36000061035156	45.78309631347656	6202500
2023-06-27	47.900001525878906	48.47999954223633	47.2599983215332	48.13999938964844	46.53712463378906	13198000
2023-06-28	48.060001373291016	48.880001068115234	47.33000183105469	48.59000015258789	46.97214126586914	9204400
2023-06-29	48.869998931884766	48.90999984741211	47.65999984741211	48.470001220703125	46.85614013671875	10506200
2023-06-30	49.0	49.709999084472656	48.66999816894531	49.119998931884766	47.484493255615234	13413300
2023-07-03	49.29999923706055	49.900001525878906	48.939998626708984	49.470001220703125	47.822845458984375	3543100
2023-07-05	49.709999084472656	49.779998779296875	49.119998931884766	49.29999923706055	47.65849685668945	8724200
2023-07-06	48.90999984741211	49.54999923706055	48.310001373291016	49.119998931884766	47.484493255615234	9411600
2023-07-07	48.939998626708984	53.619998931884766	48.810001373291016	53.349998474121094	51.57365417480469	23176800
2023-07-10	52.84000015258789	53.72999954223633	52.650001525878906	53.619998931884766	51.834659576416016	14817100
2023-07-11	53.939998626708984	56.2400016784668	53.849998474121094	56.04999923706055	54.183753967285156	18096600
2023-07-12	56.529998779296875	57.09000015258789	55.97999954223633	56.68000030517578	54.79277420043945	14304600
2023-07-13	57.0	57.619998931884766	56.36000061035156	57.41999816894531	55.50813674926758	15775100
2023-07-14	56.83000183105469	57.16999816894531	56.43000030517578	57.130001068115234	55.2277946472168	14419000
2023-07-17	56.619998931884766	57.02000045776367	56.04999923706055	56.5099983215332	54.62843704223633	13598700
2023-07-18	56.349998474121094	57.56999969482422	56.189998626708984	56.97999954223633	55.082786560058594	11387000
2023-07-19	56.310001373291016	57.439998626708984	56.130001068115234	57.36000061035156	55.45013427734375	13074900
2023-07-20	57.650001525878906	57.90999984741211	56.689998626708984	57.2599983215332	55.35346221923828	9963500
2023-07-21	55.81999969482422	56.61000061035156	54.70000076293945	56.0099983215332	54.145084381103516	16637900
2023-07-24	56.220001220703125	57.09000015258789	55.91999816894531	57.02000045776367	55.121456146240234	10596100
2023-07-25	57.08000183105469	58.119998931884766	56.77000045776367	57.880001068115234	55.952816009521484	10686100
2023-07-26	57.04999923706055	58.220001220703125	57.0099983215332	57.66999816894531	55.749813079833984	8113500
2023-07-27	57.970001220703125	58.13999938964844	56.81999969482422	57.02000045776367	55.121456146240234	7791900
2023-07-28	57.119998931884766	57.439998626708984	56.63999938964844	57.150001525878906	55.24713134765625	7019900
2023-07-31	57.56999969482422	58.70000076293945	57.380001068115234	58.34000015258789	56.39750289916992	8278400
2023-08-01	58.02000045776367	58.220001220703125	56.97999954223633	57.61000061035156	55.69181442260742	6930400
2023-08-02	57.220001220703125	57.66999816894531	56.439998626708984	57.470001220703125	55.55647277832031	6726900
2023-08-03	57.709999084472656	58.380001068115234	57.310001373291016	57.97999954223633	56.04949188232422	7387300
2023-08-04	58.2400016784668	58.599998474121094	57.56999969482422	57.66999816894531	55.749813079833984	7624800
2023-08-07	57.900001525878906	58.40999984741211	57.68000030517578	57.970001220703125	56.039825439453125	5956400
2023-08-08	56.79999923706055	58.61000061035156	56.08000183105469	58.5099983215332	56.56184387207031	7751000
2023-08-09	59.0	60.119998931884766	58.689998626708984	59.5099983215332	57.52854919433594	11975900
2023-08-10	59.38999938964844	59.95000076293945	58.34000015258789	58.91999816894531	56.95819091796875	8857100
2023-08-11	58.84000015258789	59.93000030517578	58.72999954223633	59.650001525878906	57.66389083862305	7090900
2023-08-14	59.45000076293945	59.79999923706055	59.08000183105469	59.52000045776367	57.5382194519043	5736400
2023-08-15	58.84000015258789	58.86000061035156	57.869998931884766	58.33000183105469	56.38783645629883	6040000
2023-08-16	58.31999969482422	58.810001373291016	57.52000045776367	57.77000045776367	55.84648513793945	6234300
2023-08-17	58.7599983215332	59.040000915527344	57.7400016784668	57.88999938964844	55.962486267089844	5925600
2023-08-18	57.18000030517578	58.15999984741211	56.959999084472656	58.029998779296875	56.09782791137695	7095100
2023-08-21	58.4900016784668	58.83000183105469	57.040000915527344	57.439998626708984	55.52747344970703	6269300
2023-08-22	57.36000061035156	57.459999084472656	56.25	56.40999984741211	54.53176498413086	8609900
2023-08-23	55.68000030517578	58.150001525878906	55.52000045776367	57.88999938964844	55.962486267089844	10717600
2023-08-24	57.40999984741211	58.0099983215332	56.709999084472656	56.790000915527344	54.89911651611328	6685900
2023-08-25	57.189998626708984	57.2400016784668	56.150001525878906	56.459999084472656	54.580101013183594	8619100
2023-08-28	56.619998931884766	57.939998626708984	56.619998931884766	57.83000183105469	55.90448760986328	4813200
2023-08-29	57.95000076293945	58.43000030517578	57.18000030517578	58.220001220703125	56.28150177001953	4911000
2023-08-30	58.7400016784668	59.0099983215332	58.36000061035156	59.0	57.03553009033203	5843100
2023-08-31	59.119998931884766	59.380001068115234	58.25	58.959999084472656	56.996856689453125	10102500
2023-09-01	59.849998474121094	60.4900016784668	59.4900016784668	60.119998931884766	58.11824035644531	6898600
2023-09-05	60.20000076293945	61.150001525878906	59.959999084472656	60.209999084472656	58.44829559326172	8428600
2023-09-06	60.31999969482422	61.36000061035156	60.099998474121094	61.0	59.215179443359375	9299800
2023-09-07	60.970001220703125	61.380001068115234	60.689998626708984	60.83000183105469	59.05015182495117	7867600
2023-09-08	60.619998931884766	61.15999984741211	59.81999969482422	60.16999816894531	58.409461975097656	8323600
2023-09-11	61.0099983215332	61.400001525878906	60.380001068115234	60.77000045776367	58.991905212402344	8392300
2023-09-12	61.29999923706055	62.119998931884766	60.849998474121094	62.099998474121094	60.282989501953125	11476400
2023-09-13	61.93000030517578	62.029998779296875	60.470001220703125	60.619998931884766	58.84629821777344	7914300
2023-09-14	61.369998931884766	61.65999984741211	60.84000015258789	61.599998474121094	59.7976188659668	6862500
2023-09-15	61.060001373291016	61.41999816894531	60.06999969482422	60.58000183105469	58.807464599609375	19777100
2023-09-18	61.0	61.779998779296875	60.81999969482422	61.209999084472656	59.419029235839844	6232100
2023-09-19	61.70000076293945	61.70000076293945	59.83000183105469	60.43000030517578	58.6618537902832	9067700
2023-09-20	60.130001068115234	61.040000915527344	59.75	59.790000915527344	58.04058074951172	5351100
2023-09-21	60.099998474121094	60.099998474121094	58.630001068115234	58.81999969482422	57.098960876464844	6841600
2023-09-22	59.18000030517578	59.5	58.84000015258789	59.040000915527344	57.31252670288086	5979000
2023-09-25	58.93000030517578	59.880001068115234	58.7400016784668	59.84000015258789	58.089115142822266	6279300
2023-09-26	59.150001525878906	59.779998779296875	58.970001220703125	59.130001068115234	57.39989471435547	5796100
2023-09-27	60.0	61.06999969482422	59.58000183105469	60.79999923706055	59.021034240722656	7663100
2023-09-28	60.54999923706055	61.40999984741211	60.310001373291016	60.939998626708984	59.156925201416016	7574000
2023-09-29	60.75	60.84000015258789	58.20000076293945	58.29999923706055	56.59417724609375	11278100
2023-10-02	58.31999969482422	58.47999954223633	56.86000061035156	57.939998626708984	56.24470901489258	7553600
2023-10-03	57.5	58.63999938964844	57.20000076293945	58.61000061035156	56.89510726928711	8407900
2023-10-04	57.7400016784668	57.869998931884766	55.31999969482422	55.83000183105469	54.196449279785156	10923300
2023-10-05	55.529998779296875	56.459999084472656	55.119998931884766	55.400001525878906	53.779029846191406	7491800
2023-10-06	55.58000183105469	56.220001220703125	54.810001373291016	55.70000076293945	54.070255279541016	8642600
2023-10-09	57.27000045776367	58.52000045776367	56.970001220703125	58.2400016784668	56.53593444824219	6667700
2023-10-10	58.31999969482422	58.97999954223633	57.95000076293945	58.619998931884766	56.90481185913086	6608900
2023-10-11	58.02000045776367	58.88999938964844	57.7599983215332	58.7599983215332	57.040714263916016	5641100
2023-10-12	59.47999954223633	59.619998931884766	57.779998779296875	58.369998931884766	56.66212463378906	5023100
2023-10-13	59.400001525878906	59.81999969482422	58.849998474121094	58.959999084472656	57.23486328125	6819500
2023-10-16	59.40999984741211	59.7400016784668	58.779998779296875	59.45000076293945	57.71052551269531	5949900
2023-10-17	59.27000045776367	60.38999938964844	59.13999938964844	60.2400016784668	58.4774169921875	6525000
2023-10-18	60.36000061035156	61.20000076293945	60.349998474121094	60.59000015258789	58.81717300415039	6964100
2023-10-19	60.029998779296875	60.849998474121094	59.40999984741211	59.970001220703125	58.21531295776367	7488400
2023-10-20	59.220001220703125	60.20000076293945	56.7400016784668	58.209999084472656	56.506805419921875	13100700
2023-10-23	58.38999938964844	59.029998779296875	56.88999938964844	58.84000015258789	57.11837387084961	9655500
2023-10-24	58.939998626708984	59.04999923706055	56.970001220703125	57.0	55.33221435546875	8407100
2023-10-25	56.880001068115234	57.27000045776367	55.720001220703125	56.619998931884766	54.96332931518555	8571800
2023-10-26	56.0099983215332	56.630001068115234	55.25	55.869998931884766	54.23527526855469	8157500
2023-10-27	56.0	56.18000030517578	55.02000045776367	55.83000183105469	54.196449279785156	6944500
2023-10-30	56.31999969482422	56.529998779296875	55.349998474121094	56.400001525878906	54.74977493286133	6698000
2023-10-31	56.11000061035156	56.5	55.439998626708984	55.65999984741211	54.03141784667969	8045900
2023-11-01	56.0	56.70000076293945	55.619998931884766	55.86000061035156	54.22556686401367	6197300
2023-11-02	55.880001068115234	57.43000030517578	55.709999084472656	57.36000061035156	55.681678771972656	5811800
2023-11-03	57.40999984741211	57.75	56.59000015258789	56.869998931884766	55.206016540527344	5895900
2023-11-06	57.40999984741211	57.470001220703125	56.20000076293945	56.47999954223633	54.82742691040039	5165500
2023-11-07	55.349998474121094	55.5	53.0	53.33000183105469	51.76959991455078	17838000
2023-11-08	52.88999938964844	53.63999938964844	52.439998626708984	52.93000030517578	51.38130187988281	13767100
2023-11-09	53.130001068115234	53.529998779296875	52.58000183105469	52.7400016784668	51.196861267089844	9278600
2023-11-10	53.27000045776367	53.4900016784668	52.66999816894531	53.29999923706055	51.740474700927734	9267900
2023-11-13	53.29999923706055	54.36000061035156	53.029998779296875	54.0	52.41999435424805	6853600
2023-11-14	54.18000030517578	54.709999084472656	53.86000061035156	54.349998474121094	52.75975036621094	6989700
2023-11-15	54.31999969482422	54.709999084472656	53.439998626708984	53.68000030517578	52.10935592651367	8328000
2023-11-16	53.189998626708984	53.599998474121094	51.31999969482422	52.11000061035156	50.58529281616211	11053300
2023-11-17	52.77000045776367	53.36000061035156	52.22999954223633	52.849998474121094	51.30363845825195	14077300
2023-11-20	53.439998626708984	53.439998626708984	52.599998474121094	52.7400016784668	51.196861267089844	8086900
2023-11-21	52.22999954223633	52.84000015258789	51.9900016784668	52.720001220703125	51.17744827270508	6888800
2023-11-22	51.56999969482422	52.72999954223633	50.779998779296875	52.52000045776367	50.98329162597656	7941900
2023-11-24	52.7400016784668	53.09000015258789	52.47999954223633	52.599998474121094	51.06095504760742	3077600
2023-11-27	52.47999954223633	52.63999938964844	51.75	52.54999923706055	51.01241683959961	6371200
2023-11-28	52.70000076293945	52.869998931884766	52.15999984741211	52.310001373291016	50.77943801879883	5620900
2023-11-29	52.70000076293945	52.7599983215332	51.47999954223633	51.869998931884766	50.35231018066406	8002000
2023-11-30	52.58000183105469	53.400001525878906	51.54999923706055	52.040000915527344	50.51734161376953	11520300
2023-12-01	51.97999954223633	53.09000015258789	51.72999954223633	52.38999938964844	50.85710144042969	6377200
2023-12-04	51.97999954223633	52.4900016784668	51.40999984741211	52.029998779296875	50.507633209228516	7772600
2023-12-05	51.65999984741211	51.7400016784668	50.5	50.61000061035156	49.36638259887695	6902700
2023-12-06	50.27000045776367	50.77000045776367	48.970001220703125	49.130001068115234	47.922752380371094	13575300
2023-12-07	49.38999938964844	49.40999984741211	48.09000015258789	48.459999084472656	47.26921463012695	12955100
2023-12-08	48.43000030517578	49.11000061035156	48.119998931884766	48.79999923706055	47.600860595703125	13209200
2023-12-11	49.0	49.630001068115234	48.83000183105469	49.150001525878906	47.9422607421875	8820900
2023-12-12	48.4900016784668	49.2599983215332	48.20000076293945	49.040000915527344	47.8349609375	8871400
2023-12-13	49.31999969482422	49.61000061035156	48.439998626708984	49.189998626708984	47.98127746582031	10502400
2023-12-14	49.9900016784668	52.75	49.88999938964844	52.41999816894531	51.13190460205078	19567600
2023-12-15	52.08000183105469	52.5	51.61000061035156	52.189998626708984	50.907554626464844	21720200
2023-12-18	53.06999969482422	53.84000015258789	52.2400016784668	52.279998779296875	50.99534606933594	9356700
2023-12-19	52.43000030517578	53.06999969482422	52.27000045776367	52.97999954223633	51.67814254760742	7351000
2023-12-20	52.75	53.97999954223633	52.5099983215332	52.54999923706055	51.25870895385742	6480200
2023-12-21	52.5	53.029998779296875	52.209999084472656	52.58000183105469	51.2879753112793	7470900
2023-12-22	52.9900016784668	53.43000030517578	52.72999954223633	53.08000183105469	51.77568817138672	5115200
2023-12-26	53.86000061035156	54.369998931884766	53.56999969482422	53.68000030517578	52.36094284057617	5632300
2023-12-27	53.47999954223633	53.97999954223633	52.880001068115234	53.029998779296875	51.7269172668457	7132900
2023-12-28	52.7599983215332	53.119998931884766	52.16999816894531	52.2400016784668	50.95633316040039	6995300
2023-12-29	52.25	52.400001525878906	51.77000045776367	52.040000915527344	50.76124572753906	8641800
2024-01-02	52.439998626708984	52.849998474121094	51.83000183105469	51.97999954223633	50.702720642089844	12105200
2024-01-03	51.869998931884766	53.0	51.65999984741211	52.650001525878906	51.356258392333984	6572400
2024-01-04	53.0099983215332	53.349998474121094	51.63999938964844	51.689998626708984	50.41984176635742	8268800
2024-01-05	51.93000030517578	52.630001068115234	51.70000076293945	51.86000061035156	50.585670471191406	9827700
2024-01-08	50.59000015258789	50.779998779296875	49.400001525878906	50.31999969482422	49.08351135253906	16693600
2024-01-09	50.119998931884766	50.119998931884766	48.5	48.560001373291016	47.366756439208984	18420800
2024-01-10	48.5099983215332	48.91999816894531	47.880001068115234	48.45000076293945	47.259456634521484	17704900
2024-01-11	48.77000045776367	48.849998474121094	48.33000183105469	48.79999923706055	47.600860595703125	8783200
2024-01-12	49.709999084472656	49.959999084472656	49.29999923706055	49.95000076293945	48.72260284423828	12725600
2024-01-16	49.86000061035156	50.13999938964844	48.22999954223633	48.29999923706055	47.1131477355957	14966000
2024-01-17	47.41999816894531	48.599998474121094	47.16999816894531	47.88999938964844	46.713218688964844	12992700
2024-01-18	47.900001525878906	48.810001373291016	47.709999084472656	48.560001373291016	47.366756439208984	13695800
2024-01-19	49.540000915527344	50.349998474121094	49.0	49.63999938964844	48.42021560668945	20325300
2024-01-22	49.560001373291016	51.36000061035156	49.369998931884766	50.68000030517578	49.43466567993164	18491300
2024-01-23	50.459999084472656	51.52000045776367	50.27000045776367	50.41999816894531	49.18104934692383	11432900
2024-01-24	50.79999923706055	51.7599983215332	50.56999969482422	51.66999816894531	50.400333404541016	10498000
2024-01-25	52.09000015258789	52.4900016784668	51.33000183105469	52.470001220703125	51.18067932128906	11845300
2024-01-26	52.40999984741211	53.2400016784668	52.310001373291016	52.91999816894531	51.6196174621582	9172000
2024-01-29	52.779998779296875	53.22999954223633	52.400001525878906	53.20000076293945	51.892738342285156	10072600
2024-01-30	48.880001068115234	49.56999969482422	47.75	49.349998474121094	48.13734436035156	47358300
2024-01-31	49.45000076293945	49.689998626708984	48.25	48.70000076293945	47.503318786621094	26286300
2024-02-01	49.04999923706055	49.56999969482422	48.36000061035156	49.0	47.79594802856445	18539700
2024-02-02	48.900001525878906	49.18000030517578	48.4900016784668	49.0	47.79594802856445	19020300
2024-02-05	48.689998626708984	49.08000183105469	48.2400016784668	48.54999923706055	47.35700225830078	18305800
2024-02-06	48.470001220703125	48.61000061035156	47.81999969482422	48.0099983215332	47.097042083740234	12807900
2024-02-07	48.220001220703125	48.36000061035156	47.099998474121094	47.45000076293945	46.547691345214844	11848000
2024-02-08	47.29999923706055	47.93000030517578	47.11000061035156	47.790000915527344	46.8812255859375	12157800
2024-02-09	47.56999969482422	47.849998474121094	46.90999984741211	47.08000183105469	46.184730529785156	8258300
2024-02-12	47.54999923706055	48.619998931884766	47.470001220703125	48.13999938964844	47.224571228027344	13460800
2024-02-13	48.060001373291016	48.29999923706055	47.0	47.58000183105469	46.67522048950195	11578800
2024-02-14	48.02000045776367	48.02000045776367	47.2400016784668	47.75	46.84198760986328	9389200
2024-02-15	47.849998474121094	48.869998931884766	47.7400016784668	48.58000183105469	47.65620422363281	9901900
2024-02-16	48.70000076293945	48.88999938964844	48.2599983215332	48.56999969482422	47.64639663696289	6360500
2024-02-20	48.5099983215332	48.88999938964844	48.2599983215332	48.52000045776367	47.59734344482422	10236400
2024-02-21	48.779998779296875	49.279998779296875	48.59000015258789	49.209999084472656	48.27422332763672	9695300
2024-02-22	49.16999816894531	49.599998474121094	48.83000183105469	49.2599983215332	48.323272705078125	8047900
2024-02-23	48.880001068115234	49.06999969482422	48.41999816894531	48.81999969482422	47.89164352416992	7420700
2024-02-26	48.70000076293945	49.02000045776367	48.40999984741211	48.560001373291016	47.6365852355957	5793800
2024-02-27	48.93000030517578	49.0099983215332	48.15999984741211	48.459999084472656	47.538482666015625	8009200
2024-02-28	48.2400016784668	48.7400016784668	47.95000076293945	48.15999984741211	47.24419021606445	6991600
2024-02-29	48.56999969482422	48.880001068115234	48.130001068115234	48.33000183105469	47.41096115112305	12542800
2024-03-01	49.0	49.720001220703125	48.810001373291016	49.349998474121094	48.41156005859375	7879300
2024-03-04	49.54999923706055	49.959999084472656	49.0099983215332	49.41999816894531	48.480228424072266	7684100
2024-03-05	49.209999084472656	50.040000915527344	49.209999084472656	49.65999984741211	48.71566390991211	6684300
2024-03-06	50.5	50.52000045776367	49.599998474121094	50.029998779296875	49.07862854003906	7861000
2024-03-07	49.9900016784668	50.95000076293945	49.91999816894531	50.779998779296875	49.814369201660156	8501400
2024-03-08	50.689998626708984	50.81999969482422	50.18000030517578	50.400001525878906	49.441593170166016	7026500
2024-03-11	50.119998931884766	51.58000183105469	50.119998931884766	51.529998779296875	50.550106048583984	10392700
2024-03-12	51.84000015258789	51.84000015258789	51.06999969482422	51.56999969482422	50.5893440246582	6986100
2024-03-13	52.2599983215332	52.72999954223633	51.97999954223633	52.56999969482422	51.57033157348633	8861000
2024-03-14	52.79999923706055	53.720001220703125	52.79999923706055	53.22999954223633	52.21778106689453	9387200
2024-03-15	52.79999923706055	53.91999816894531	52.79999923706055	52.869998931884766	51.8646240234375	16718500
2024-03-18	53.20000076293945	53.68000030517578	52.70000076293945	53.43000030517578	52.41397476196289	5667300
2024-03-19	53.529998779296875	54.54999923706055	53.459999084472656	54.47999954223633	53.444007873535156	7467600
2024-03-20	54.119998931884766	54.56999969482422	53.91999816894531	54.400001525878906	53.36553192138672	6819300
2024-03-21	54.47999954223633	54.79999923706055	54.33000183105469	54.439998626708984	53.40476989746094	6457200
2024-03-22	54.689998626708984	55.08000183105469	53.58000183105469	53.9900016784668	52.96333312988281	9009500
2024-03-25	54.290000915527344	54.7400016784668	54.20000076293945	54.310001373291016	53.277244567871094	7975300
2024-03-26	54.380001068115234	54.599998474121094	53.970001220703125	54.06999969482422	53.04180145263672	5912600
2024-03-27	54.04999923706055	54.91999816894531	53.900001525878906	54.900001525878906	53.85602569580078	6995700
2024-03-28	55.41999816894531	55.689998626708984	54.68000030517578	54.810001373291016	53.76773452758789	8032400
2024-04-01	55.150001525878906	55.4900016784668	54.43000030517578	55.220001220703125	54.16993713378906	4871500
2024-04-02	54.95000076293945	55.25	53.18000030517578	54.68000030517578	53.64020538330078	18540100
2024-04-03	55.2400016784668	55.349998474121094	54.290000915527344	54.86000061035156	53.8167839050293	13255900
2024-04-04	54.86000061035156	55.0	53.970001220703125	54.27000045776367	53.237998962402344	12040800
2024-04-05	54.5	55.290000915527344	53.97999954223633	55.029998779296875	53.98354721069336	10008800
2024-04-08	55.439998626708984	55.650001525878906	53.959999084472656	54.040000915527344	53.01237869262695	8975900
2024-04-09	54.5	54.61000061035156	53.869998931884766	54.16999816894531	53.13990020751953	6686500
2024-04-10	53.880001068115234	54.52000045776367	53.29999923706055	54.20000076293945	53.169334411621094	8179200
2024-04-11	54.29999923706055	54.369998931884766	53.150001525878906	54.0	52.97313690185547	7522300
2024-04-12	54.099998474121094	54.630001068115234	51.869998931884766	52.0	51.01116943359375	13005100
2024-04-15	52.70000076293945	52.90999984741211	51.45000076293945	51.66999816894531	50.68743896484375	9480000
2024-04-16	51.5	51.70000076293945	50.689998626708984	51.40999984741211	50.43238830566406	10349000
2024-04-17	51.540000915527344	51.959999084472656	50.75	50.810001373291016	49.84379577636719	7821600
2024-04-18	51.189998626708984	51.77000045776367	50.79999923706055	50.939998626708984	49.9713249206543	8422100
2024-04-19	49.65999984741211	50.77000045776367	49.02000045776367	49.849998474121094	48.90205383300781	16839600
2024-04-22	49.369998931884766	50.04999923706055	48.70000076293945	49.5099983215332	48.568511962890625	10880000
2024-04-23	49.25	49.84000015258789	48.93000030517578	49.54999923706055	48.607757568359375	11136300
2024-04-24	49.2400016784668	49.709999084472656	48.619998931884766	49.11000061035156	48.176124572753906	10180400
2024-04-25	49.279998779296875	49.630001068115234	48.65999984741211	49.439998626708984	48.499847412109375	7966900
2024-04-26	49.33000183105469	49.650001525878906	48.9900016784668	49.20000076293945	48.2644157409668	8250900
2024-04-29	49.04999923706055	49.400001525878906	48.61000061035156	49.209999084472656	48.27422332763672	8941700
2024-04-30	48.93000030517578	49.349998474121094	47.43000030517578	47.47999954223633	46.57712173461914	14143700
2024-05-01	47.400001525878906	47.779998779296875	46.91999816894531	47.15999984741211	46.26320266723633	11217900
2024-05-02	47.560001373291016	48.0	47.2599983215332	47.58000183105469	46.67522048950195	8933600
2024-05-03	47.970001220703125	47.970001220703125	47.130001068115234	47.65999984741211	46.75369644165039	11007400
2024-05-06	48.08000183105469	48.54999923706055	47.810001373291016	47.959999084472656	47.047996520996094	9857700
2024-05-07	47.939998626708984	48.439998626708984	47.790000915527344	48.16999816894531	47.253997802734375	8587000
2024-05-08	47.650001525878906	48.18000030517578	47.58000183105469	47.86000061035156	46.94989776611328	6453400
2024-05-09	48.040000915527344	48.630001068115234	47.95000076293945	48.47999954223633	47.558101654052734	6367600
2024-05-10	48.77000045776367	48.83000183105469	48.130001068115234	48.5	47.57772445678711	9206600
2024-05-13	48.7400016784668	48.95000076293945	48.54999923706055	48.75	47.822967529296875	6555800
2024-05-14	48.900001525878906	49.0	48.0099983215332	48.619998931884766	47.6954460144043	8404900
2024-05-15	48.66999816894531	48.66999816894531	47.400001525878906	48.310001373291016	47.39133834838867	6939700
2024-05-16	47.97999954223633	48.65999984741211	47.970001220703125	48.41999816894531	47.499244689941406	7625100
2024-05-17	48.70000076293945	48.77000045776367	48.290000915527344	48.59000015258789	47.666015625	5534400
2024-05-20	48.599998474121094	48.66999816894531	47.880001068115234	48.22999954223633	47.31285858154297	6877400
2024-05-21	48.2400016784668	49.119998931884766	48.20000076293945	48.290000915527344	47.37171936035156	6926500
2024-05-22	48.220001220703125	48.290000915527344	46.25	46.47999954223633	45.59613800048828	11801400
2024-05-23	46.619998931884766	47.150001525878906	46.040000915527344	46.31999969482422	45.439178466796875	8766100
2024-05-24	46.59000015258789	46.869998931884766	46.119998931884766	46.2400016784668	45.3607063293457	6800300
2024-05-28	46.540000915527344	47.22999954223633	46.31999969482422	46.529998779296875	45.64518356323242	10387400
2024-05-29	46.0	46.41999816894531	45.40999984741211	45.63999938964844	44.7721061706543	13138900
2024-05-30	45.599998474121094	46.18000030517578	45.45000076293945	45.59000015258789	44.723060607910156	14337100
2024-05-31	45.65999984741211	46.029998779296875	45.459999084472656	45.88999938964844	45.01735305786133	41723600
2024-06-03	46.150001525878906	46.150001525878906	43.810001373291016	44.06999969482422	43.231964111328125	15482100
2024-06-04	43.75	43.86000061035156	42.959999084472656	43.40999984741211	42.58451461791992	15700900
2024-06-05	43.619998931884766	43.720001220703125	42.779998779296875	43.20000076293945	42.64868927001953	10660500
2024-06-06	43.06999969482422	43.75	42.77000045776367	43.65999984741211	43.10281753540039	10522200
2024-06-07	43.43000030517578	44.720001220703125	43.36000061035156	44.54999923706055	43.98146057128906	15023100
2024-06-10	44.54999923706055	45.29999923706055	43.939998626708984	44.97999954223633	44.40597152709961	12967800
2024-06-11	44.58000183105469	45.08000183105469	44.27000045776367	44.959999084472656	44.386226654052734	8300300
2024-06-12	45.41999816894531	45.5	44.66999816894531	44.709999084472656	44.1394157409668	8142100
2024-06-13	44.439998626708984	44.68000030517578	43.43000030517578	43.810001373291016	43.25090408325195	12180200
2024-06-14	43.459999084472656	43.459999084472656	42.61000061035156	43.0	42.45124053955078	12740300
2024-06-17	43.099998474121094	43.849998474121094	43.0099983215332	43.630001068115234	43.07320022583008	11065500
2024-06-18	44.279998779296875	45.189998626708984	43.810001373291016	44.439998626708984	43.872859954833984	13068900
2024-06-20	44.439998626708984	45.81999969482422	44.34000015258789	45.459999084472656	44.879844665527344	14612900
2024-06-21	45.66999816894531	46.0	45.459999084472656	45.65999984741211	45.07728958129883	26457000
2024-06-24	45.939998626708984	47.66999816894531	45.869998931884766	47.47999954223633	46.87406539916992	19090400
2024-06-25	46.97999954223633	47.63999938964844	46.90999984741211	47.52000045776367	46.91355895996094	14305000
2024-06-26	47.349998474121094	47.459999084472656	46.209999084472656	46.22999954223633	45.640018463134766	13501700
2024-06-27	46.47999954223633	47.040000915527344	46.38999938964844	47.0099983215332	46.41006088256836	9948000
2024-06-28	47.25	47.619998931884766	46.84000015258789	47.18000030517578	46.5778923034668	14139900
2024-07-01	47.47999954223633	47.47999954223633	46.47999954223633	46.58000183105469	45.98555374145508	8464000
2024-07-02	47.02000045776367	47.27000045776367	46.150001525878906	46.689998626708984	46.094146728515625	7927800
2024-07-03	47.02000045776367	47.540000915527344	46.90999984741211	47.310001373291016	46.70623779296875	6655500
2024-07-05	47.18000030517578	47.34000015258789	45.959999084472656	46.13999938964844	45.55116653442383	7917100
2024-07-08	46.0099983215332	46.349998474121094	45.779998779296875	46.2400016784668	45.64989471435547	5470400
2024-07-09	45.88999938964844	45.93000030517578	45.15999984741211	45.20000076293945	44.623165130615234	6740300
2024-07-10	45.099998474121094	45.29999923706055	44.779998779296875	45.279998779296875	44.70214080810547	8538300
2024-07-11	45.380001068115234	46.310001373291016	45.150001525878906	46.189998626708984	45.600528717041016	6239400
2024-07-12	46.7599983215332	46.7599983215332	46.15999984741211	46.41999816894531	45.82759094238281	6584000
2024-07-15	46.790000915527344	48.68000030517578	46.56999969482422	47.959999084472656	47.34794235229492	11441800
2024-07-16	47.5099983215332	48.95000076293945	47.439998626708984	48.720001220703125	48.098243713378906	8220200
2024-07-17	48.75	49.2599983215332	48.560001373291016	48.900001525878906	48.275943756103516	8453300
2024-07-18	48.77000045776367	49.34000015258789	48.58000183105469	48.720001220703125	48.098243713378906	10758700
2024-07-19	49.47999954223633	50.939998626708984	48.349998474121094	49.66999816894531	49.03611755371094	17681000
2024-07-22	49.34000015258789	50.52000045776367	49.22999954223633	49.439998626708984	48.809051513671875	11212800
2024-07-23	49.290000915527344	49.93000030517578	48.65999984741211	49.04999923706055	48.42403030395508	10099000
2024-07-24	49.099998474121094	49.18000030517578	47.86000061035156	48.029998779296875	47.41704559326172	8552900
2024-07-25	47.72999954223633	48.900001525878906	47.689998626708984	48.22999954223633	47.61449432373047	9608000
2024-07-26	48.790000915527344	49.310001373291016	48.15999984741211	48.83000183105469	48.20684051513672	8231500
2024-07-29	48.18000030517578	48.810001373291016	47.65999984741211	47.86000061035156	47.24921798706055	9104400
2024-07-30	47.540000915527344	47.95000076293945	47.150001525878906	47.61000061035156	47.00240707397461	9880400
2024-07-31	48.130001068115234	48.56999969482422	47.939998626708984	48.290000915527344	47.673728942871094	6599800
2024-08-01	48.279998779296875	48.33000183105469	46.25	46.65999984741211	46.06453323364258	8952100
2024-08-02	45.97999954223633	46.0099983215332	44.560001373291016	44.93000030517578	44.35660934448242	11848400
2024-08-05	43.47999954223633	44.29999923706055	43.31999969482422	43.77000045776367	43.2114143371582	13010800
2024-08-06	43.79999923706055	44.16999816894531	43.33000183105469	43.400001525878906	42.84613800048828	8364000
2024-08-07	43.9900016784668	44.41999816894531	42.810001373291016	42.86000061035156	42.313026428222656	9259000
2024-08-08	42.97999954223633	43.75	42.90999984741211	43.689998626708984	43.1324348449707	6697400
2024-08-09	43.47999954223633	43.810001373291016	43.31999969482422	43.54999923706055	42.99422073364258	5418000
2024-08-12	43.84000015258789	44.130001068115234	43.5	43.900001525878906	43.33975601196289	6599200
2024-08-13	43.599998474121094	43.970001220703125	43.38999938964844	43.77000045776367	43.2114143371582	5253400
2024-08-14	44.0	44.06999969482422	43.5	43.779998779296875	43.221282958984375	6305300
2024-08-15	44.470001220703125	45.119998931884766	44.34000015258789	45.040000915527344	44.465206146240234	7940000
2024-08-16	44.56999969482422	45.040000915527344	44.54999923706055	44.779998779296875	44.208518981933594	6013000
2024-08-19	45.13999938964844	45.779998779296875	45.0099983215332	45.36000061035156	44.781124114990234	8046500
2024-08-20	45.220001220703125	45.34000015258789	44.0099983215332	44.029998779296875	43.46809387207031	7409000
2024-08-21	44.540000915527344	44.68000030517578	44.11000061035156	44.20000076293945	43.63592529296875	5529900
2024-08-22	44.25	44.439998626708984	43.97999954223633	44.119998931884766	43.55694580078125	7164300
2024-08-23	44.5	45.29999923706055	44.38999938964844	45.119998931884766	44.54418182373047	6244500
2024-08-26	46.0	46.15999984741211	45.2400016784668	45.599998474121094	45.01805877685547	6222100
2024-08-27	45.45000076293945	45.540000915527344	44.779998779296875	45.040000915527344	44.465206146240234	5199400
2024-08-28	43.959999084472656	44.15999984741211	43.5099983215332	43.7400016784668	43.18179702758789	9866400
2024-08-29	44.2400016784668	44.41999816894531	43.40999984741211	44.18000030517578	43.616180419921875	8000800
2024-08-30	43.81999969482422	44.040000915527344	43.38999938964844	43.9900016784668	43.42860794067383	10174700
2024-09-03	43.15999984741211	43.189998626708984	42.0	42.290000915527344	41.750301361083984	12685000
2024-09-04	42.040000915527344	42.38999938964844	41.27000045776367	41.31999969482422	41.0596809387207	10048600
2024-09-05	41.689998626708984	41.79999923706055	40.959999084472656	41.220001220703125	40.96031188964844	10621900
2024-09-06	41.20000076293945	41.630001068115234	40.369998931884766	40.619998931884766	40.36408996582031	9864100
2024-09-09	40.79999923706055	41.16999816894531	40.349998474121094	40.40999984741211	40.15541458129883	11082500
2024-09-10	40.47999954223633	40.47999954223633	39.119998931884766	39.59000015258789	39.340579986572266	10782700
2024-09-11	39.560001373291016	39.77000045776367	38.65999984741211	39.56999969482422	39.32070541381836	15568300
2024-09-12	39.75	40.220001220703125	39.369998931884766	39.79999923706055	39.54925537109375	15405500
2024-09-13	40.11000061035156	40.5	39.5099983215332	39.959999084472656	39.708248138427734	17481700
2024-09-16	40.79999923706055	41.15999984741211	40.029998779296875	40.400001525878906	40.145477294921875	24556100
2024-09-17	40.529998779296875	41.68000030517578	40.439998626708984	41.5	41.23854446411133	18400300
2024-09-18	41.52000045776367	42.09000015258789	41.18000030517578	41.41999816894531	41.15904998779297	12663600
2024-09-19	42.70000076293945	43.27000045776367	42.029998779296875	42.75	42.48067092895508	17113300
2024-09-20	42.88999938964844	42.88999938964844	42.0	42.40999984741211	42.14281463623047	22881600
2024-09-23	42.54999923706055	43.209999084472656	42.380001068115234	42.900001525878906	42.62972640991211	12921100
2024-09-24	43.84000015258789	44.040000915527344	42.95000076293945	42.97999954223633	42.70922088623047	12006200
2024-09-25	42.79999923706055	43.0099983215332	41.65999984741211	41.810001373291016	41.546592712402344	12552400
2024-09-26	41.08000183105469	41.5099983215332	40.529998779296875	41.16999816894531	40.910621643066406	20933300
2024-09-27	41.70000076293945	42.31999969482422	41.599998474121094	42.290000915527344	42.0235710144043	14875800
2024-09-30	41.970001220703125	42.470001220703125	41.560001373291016	41.95000076293945	41.68571090698242	12219600
2024-10-01	41.75	43.59000015258789	41.7400016784668	43.13999938964844	42.86821365356445	14716500
2024-10-02	43.459999084472656	44.18000030517578	43.290000915527344	43.939998626708984	43.66317367553711	14614600
2024-10-03	43.939998626708984	44.939998626708984	43.540000915527344	44.88999938964844	44.6071891784668	13775400
2024-10-04	45.529998779296875	45.709999084472656	44.900001525878906	45.459999084472656	45.1735954284668	11294700
2024-10-07	45.599998474121094	46.15999984741211	45.380001068115234	45.59000015258789	45.30278015136719	8963600
2024-10-08	44.95000076293945	45.16999816894531	43.970001220703125	44.13999938964844	43.86191177368164	13404700
2024-10-09	43.779998779296875	44.43000030517578	43.630001068115234	44.209999084472656	43.93147277832031	9980700
2024-10-10	44.58000183105469	45.119998931884766	44.25	44.599998474121094	44.31901550292969	9707400
2024-10-11	44.31999969482422	44.959999084472656	44.279998779296875	44.779998779296875	44.49787902832031	8892300
2024-10-14	44.38999938964844	44.720001220703125	44.220001220703125	44.70000076293945	44.41838836669922	7048100
2024-10-15	43.56999969482422	43.90999984741211	42.88999938964844	42.95000076293945	42.679412841796875	10230900
2024-10-16	43.38999938964844	43.689998626708984	43.11000061035156	43.68000030517578	43.40481185913086	8692900
2024-10-17	43.5	44.04999923706055	43.290000915527344	43.9900016784668	43.712860107421875	14481300
2024-10-18	43.9900016784668	44.09000015258789	41.88999938964844	41.91999816894531	41.65589904785156	21355900
2024-10-21	42.08000183105469	42.939998626708984	42.08000183105469	42.43000030517578	42.162689208984375	13839400
2024-10-22	42.72999954223633	42.7400016784668	41.790000915527344	41.93000030517578	41.665836334228516	11377900
2024-10-23	41.880001068115234	42.33000183105469	41.63999938964844	42.130001068115234	41.86457824707031	11117900
2024-10-24	41.900001525878906	42.130001068115234	41.20000076293945	41.25	40.99011993408203	13897100
2024-10-25	41.54999923706055	42.15999984741211	41.36000061035156	41.7400016784668	41.47703552246094	15345700
2024-10-28	40.619998931884766	41.619998931884766	40.400001525878906	41.38999938964844	41.12923812866211	10589900
2024-10-29	41.310001373291016	41.310001373291016	40.220001220703125	40.43000030517578	40.175289154052734	15895600
2024-10-30	40.54999923706055	40.849998474121094	40.119998931884766	40.150001525878906	39.89705276489258	12252100
2024-10-31	40.400001525878906	40.59000015258789	40.0099983215332	40.06999969482422	39.81755447387695	14264900
2024-11-01	40.15999984741211	40.38999938964844	39.689998626708984	39.7599983215332	39.50950622558594	12605900
2024-11-04	39.90999984741211	40.599998474121094	39.86000061035156	40.31999969482422	40.06597900390625	11103000
2024-11-05	40.400001525878906	40.75	40.15999984741211	40.54999923706055	40.29452896118164	10810900
2024-11-06	42.52000045776367	44.33000183105469	41.75	43.77000045776367	43.49424362182617	25379300
2024-11-07	43.75	43.90999984741211	42.7400016784668	43.2400016784668	42.967586517333984	15426700
2024-11-08	42.9900016784668	43.5099983215332	42.529998779296875	43.18000030517578	42.907962799072266	13598100
2024-11-11	43.290000915527344	44.439998626708984	43.20000076293945	44.290000915527344	44.01097106933594	12193700
2024-11-12	44.400001525878906	44.970001220703125	44.20000076293945	44.33000183105469	44.05072021484375	13725800
2024-11-13	44.470001220703125	44.5	43.220001220703125	43.59000015258789	43.31538009643555	9900400
2024-11-14	43.81999969482422	44.0	43.02000045776367	43.45000076293945	43.17626190185547	10061400
2024-11-15	43.36000061035156	43.970001220703125	42.86000061035156	43.18000030517578	42.907962799072266	9632100
2024-11-18	43.84000015258789	43.939998626708984	43.18000030517578	43.4900016784668	43.21601104736328	6955500
2024-11-19	42.720001220703125	43.4900016784668	42.65999984741211	43.099998474121094	42.82846450805664	8178400
2024-11-20	43.25	43.650001525878906	42.91999816894531	43.529998779296875	43.25575637817383	8329600
2024-11-21	43.849998474121094	44.54999923706055	43.63999938964844	44.060001373291016	43.78242111206055	11529000
2024-11-22	44.15999984741211	44.70000076293945	44.040000915527344	44.22999954223633	43.95134735107422	9015500
2024-11-25	44.630001068115234	44.970001220703125	43.619998931884766	43.75	43.47437286376953	14173200
2024-11-26	43.869998931884766	43.88999938964844	43.18000030517578	43.47999954223633	43.20606994628906	11192300
2024-11-27	43.599998474121094	44.29999923706055	43.4900016784668	43.65999984741211	43.38493728637695	8297200
2024-11-29	43.79999923706055	44.08000183105469	43.650001525878906	43.939998626708984	43.66317367553711	4143300
2024-12-02	43.83000183105469	43.93000030517578	43.040000915527344	43.630001068115234	43.35512924194336	8511400
2024-12-03	44.20000076293945	44.22999954223633	43.099998474121094	43.650001525878906	43.375003814697266	7429600
2024-12-04	43.349998474121094	43.45000076293945	42.31999969482422	42.7400016784668	42.7400016784668	10231100
2024-12-05	42.959999084472656	43.150001525878906	41.959999084472656	42.02000045776367	42.02000045776367	8466500
2024-12-06	41.75	41.900001525878906	40.84000015258789	40.959999084472656	40.959999084472656	15727500
2024-12-09	41.5	41.7400016784668	41.119998931884766	41.16999816894531	41.16999816894531	10656900
2024-12-10	41.11000061035156	41.599998474121094	40.470001220703125	40.869998931884766	40.869998931884766	10075800
2024-12-11	41.099998474121094	41.790000915527344	40.970001220703125	41.560001373291016	41.560001373291016	9958300
2024-12-12	41.529998779296875	41.61000061035156	41.0099983215332	41.099998474121094	41.099998474121094	7309700
2024-12-13	41.13999938964844	41.15999984741211	40.06999969482422	40.220001220703125	40.220001220703125	10763100
2024-12-16	40.099998474121094	41.02000045776367	39.77000045776367	39.880001068115234	39.880001068115234	14900700
2024-12-17	39.380001068115234	39.599998474121094	38.70000076293945	38.93000030517578	38.93000030517578	18705300
2024-12-18	38.970001220703125	39.209999084472656	37.279998779296875	37.33000183105469	37.33000183105469	15657400
2024-12-19	37.7400016784668	37.86000061035156	36.52000045776367	36.90999984741211	36.90999984741211	16159200
2024-12-20	36.83000183105469	37.380001068115234	36.619998931884766	36.83000183105469	36.83000183105469	36468300
2024-12-23	36.77000045776367	37.380001068115234	36.650001525878906	37.2599983215332	37.2599983215332	10833900
2024-12-24	37.279998779296875	37.77000045776367	36.88999938964844	37.72999954223633	37.72999954223633	4555400
2024-12-26	37.7400016784668	37.869998931884766	37.25	37.72999954223633	37.72999954223633	8145400
2024-12-27	37.63999938964844	38.310001373291016	37.5	37.79999923706055	37.79999923706055	9493700
2024-12-30	37.63999938964844	37.93000030517578	37.2400016784668	37.810001373291016	37.810001373291016	10995000
2024-12-31	37.869998931884766	38.58000183105469	37.849998474121094	38.34000015258789	38.34000015258789	7817100
2025-01-02	38.86000061035156	39.43000030517578	38.25	38.400001525878906	38.400001525878906	11557000
2025-01-03	38.68000030517578	38.7400016784668	38.029998779296875	38.59000015258789	38.59000015258789	10312700
2025-01-06	38.900001525878906	39.529998779296875	38.619998931884766	38.7599983215332	38.7599983215332	8366600
2025-01-07	39.189998626708984	39.689998626708984	38.7599983215332	39.369998931884766	39.369998931884766	9350100
2025-01-08	38.720001220703125	39.130001068115234	38.40999984741211	38.810001373291016	38.810001373291016	11319700
2025-01-10	39.56999969482422	39.689998626708984	38.5099983215332	38.619998931884766	38.619998931884766	15273600
2025-01-13	38.810001373291016	40.029998779296875	38.779998779296875	39.849998474121094	39.849998474121094	15964000
2025-01-14	39.58000183105469	40.13999938964844	39.220001220703125	39.869998931884766	39.869998931884766	12119700
2025-01-15	40.0	40.90999984741211	40.0	40.63999938964844	40.63999938964844	11877400
2025-01-16	40.45000076293945	41.220001220703125	40.33000183105469	41.09000015258789	41.09000015258789	16148800
2025-01-17	42.150001525878906	44.5	41.61000061035156	43.58000183105469	43.58000183105469	30718800
